5S_rRNA,0.0
5S_rRNA,0.0
5S_rRNA,0.0
5S_rRNA,0.0
5S_rRNA,0.0
5S_rRNA,0.0
5S_rRNA,0.0
5S_rRNA,0.0
5S_rRNA,0.0
5S_rRNA,0.0
5S_rRNA,0.0
5S_rRNA,0.0
5S_rRNA,0.0
5S_rRNA,0.0
5S_rRNA,0.0
5S_rRNA,0.0
5S_rRNA,0.0
5S_rRNA,0.0
5S_rRNA,0.0
5S_rRNA,0.0
5S_rRNA,0.0
5S_rRNA,0.0
5S_rRNA,0.0
5S_rRNA,0.0
5S_rRNA,0.0
5S_rRNA,0.0
7SK,0.0
7SK,0.0
7SK,0.0
7SK,0.0
7SK,0.0
7SK,0.0
7SK,0.0
7SK,0.0
7SK,0.0
7SK,0.0
7SK,0.0
7SK,0.0
A1BG,0.0
A1BG-AS1,0.0
A1CF,0.0
A2M,2.0932684256984704
A2M-AS1,0.0
A2ML1,0.0
A2ML1-AS1,0.0
A2ML1-AS2,0.0
A2MP1,1.1364750726028654
A3GALT2,0.0
A4GALT,0.0
A4GNT,0.0
AAAS,0.0
AACS,2.435042878761032
AACSP1,1.9418393023284208
AADAC,0.0
AADACL2,0.0
AADACL3,0.0
AADACL4,0.0
AADAT,1.945760348159504
AAED1,1.6418345900426288
AAGAB,0.0
AAK1,1.8451858371752416
AAMDC,1.4821708087520635
AAMP,0.0
AANAT,0.0
AAR2,1.664793942489872
AARD,0.0
AARS,1.0535570409588524
AARS2,0.0
AARSD1,0.0
AASDH,2.0704446931415355
AASDHPPT,0.8164310788769841
AASS,3.00433621172456
AATF,0.0
AATK,0.0
AATK-AS1,0.0
AB015752.3,0.0
AB019438.66,0.0
AB019438.66,0.0
AB019440.1,0.0
AB019440.50,0.0
AB019440.50,0.0
AB019441.29,0.0
AB019441.29,0.0
ABAT,1.6339035873850103
ABBA01057584.1,0.0
ABC12-47043100G14.2,0.0
ABC13-48559800H2.1,0.0
ABC13-48559800H2.2,0.0
ABC7-42389800N19.1,0.0
ABC7-42389800N19.1,0.0
ABC7-42389800N19.1,0.0
ABC7-42391500H16.2,0.0
ABC7-43041300I9.1,0.0
ABC7-43041300I9.1,0.0
ABC9-43961700F1.1,0.0
ABCA1,2.9541317583506403
ABCA10,0.0
ABCA11P,0.0
ABCA11P,0.0
ABCA12,0.0
ABCA13,0.0
ABCA17P,0.8164310788769841
ABCA2,0.0
ABCA3,2.010885112023206
ABCA4,1.6339035873850103
ABCA5,1.60064667142076
ABCA6,2.162488037762603
ABCA7,0.0
ABCA8,0.0
ABCA9,0.0
ABCA9-AS1,0.0
ABCB1,0.0
ABCB10,1.535511556564225
ABCB10P1,0.0
ABCB10P3,0.0
ABCB10P4,0.0
ABCB10P4,0.0
ABCB11,0.0
ABCB4,0.0
ABCB5,0.0
ABCB6,0.253644744093139
ABCB7,0.0
ABCB8,1.0829908296976
ABCB9,0.0
ABCC1,0.0
ABCC10,0.0
ABCC11,0.0
ABCC12,0.0
ABCC13,0.0
ABCC2,0.0
ABCC3,0.0
ABCC4,1.0829908296976
ABCC5,2.3769172715811697
ABCC5-AS1,0.0
ABCC6,0.0
ABCC6P1,0.0
ABCC6P2,0.0
ABCC8,0.253644744093139
ABCC9,2.4643932599773613
ABCD1,0.0
ABCD1,0.0
ABCD1P2,0.0
ABCD1P3,0.0
ABCD1P4,0.0
ABCD1P4,0.0
ABCD1P5,0.0
ABCD2,0.6204550963106681
ABCD3,2.864272568241812
ABCD4,0.253644744093139
ABCE1,2.3469809720555848
ABCF1,0.0
ABCF1,0.0
ABCF1,0.0
ABCF1,0.0
ABCF1,0.0
ABCF1,0.0
ABCF1,0.0
ABCF2,0.253644744093139
ABCF2P1,0.0
ABCF2P2,0.0
ABCF3,0.0
ABCG1,0.0
ABCG2,0.0
ABCG4,0.0
ABCG5,0.0
ABCG8,0.0
ABHD1,0.0
ABHD10,1.9610998250314529
ABHD11,0.0
ABHD11,0.0
ABHD12,1.0829908296976
ABHD12B,0.0
ABHD13,0.0
ABHD14A,0.4127178969233909
ABHD14A-ACY1,0.0
ABHD14B,0.0
ABHD15,0.0
ABHD16A,0.0
ABHD16A,0.0
ABHD16A,0.0
ABHD16A,0.0
ABHD16A,0.0
ABHD16A,0.0
ABHD16A,0.0
ABHD16B,0.0
ABHD17A,0.5288907918624668
ABHD17AP1,0.0
ABHD17AP1,0.0
ABHD17AP2,0.0
ABHD17AP3,0.0
ABHD17AP4,0.0
ABHD17AP5,0.0
ABHD17AP6,0.0
ABHD17B,1.0535570409588524
ABHD17C,0.4127178969233909
ABHD2,0.6960356275201428
ABHD3,2.196655347825859
ABHD4,0.0
ABHD5,0.4127178969233909
ABHD6,0.0
ABHD8,1.535511556564225
ABI1,1.1105557679530071
ABI2,1.266040025979822
ABI3,0.0
ABI3BP,1.1105557679530071
ABL1,1.1364750726028654
ABL2,0.0
ABLIM1,2.224237439077597
ABLIM2,0.0
ABLIM3,2.017553329078163
ABO,0.0
ABO,0.0
ABR,1.0535570409588524
ABRA,1.9759159375793864
ABRACL,0.0
ABT1,0.0
ABT1,0.0
ABT1P1,0.0
ABTB1,0.0
ABTB2,0.0
AC000003.1,0.0
AC000003.2,0.0
AC000029.1,0.0
AC000032.2,0.0
AC000036.4,0.0
AC000041.8,0.0
AC000067.1,0.0
AC000068.10,0.0
AC000068.5,0.0
AC000068.9,0.0
AC000077.2,0.0
AC000078.5,0.0
AC000081.2,0.0
AC000081.2,0.0
AC000089.3,0.0
AC000095.9,0.0
AC000099.1,0.0
AC000110.1,0.0
AC000111.3,0.0
AC000111.4,0.0
AC000111.5,0.0
AC000111.6,0.0
AC000120.7,0.0
AC000123.4,0.0
AC000124.1,0.0
AC000362.1,0.0
AC000367.1,0.0
AC000370.2,0.0
AC000374.1,0.0
AC000403.1,0.0
AC002044.4,0.0
AC002055.4,0.0
AC002056.3,0.0
AC002056.5,0.0
AC002059.10,0.0
AC002064.4,0.0
AC002064.5,0.0
AC002066.1,0.0
AC002066.2,0.0
AC002069.5,0.0
AC002069.6,0.0
AC002070.1,0.0
AC002075.3,0.0
AC002075.4,0.0
AC002076.10,0.0
AC002115.5,0.0
AC002115.9,0.0
AC002116.7,0.0
AC002116.8,0.0
AC002117.1,0.0
AC002127.2,0.0
AC002127.4,0.0
AC002128.4,0.0
AC002128.5,0.0
AC002306.1,1.8597022796682896
AC002310.10,0.0
AC002310.12,0.0
AC002310.13,0.0
AC002310.17,0.0
AC002310.7,0.0
AC002314.4,0.0
AC002321.1,0.0
AC002321.2,0.0
AC002331.1,0.0
AC002365.1,0.0
AC002366.3,0.0
AC002368.4,0.0
AC002368.4,0.0
AC002383.2,0.0
AC002386.1,0.0
AC002395.1,1.1364750726028654
AC002398.11,0.0
AC002398.12,0.0
AC002398.13,0.0
AC002398.5,0.0
AC002398.9,0.0
AC002400.1,0.0
AC002401.1,0.0
AC002429.4,0.0
AC002429.5,2.152903779930327
AC002451.1,0.0
AC002451.3,1.3018627585701523
AC002454.1,0.0
AC002456.2,0.0
AC002463.3,0.7603920768618123
AC002465.2,0.0
AC002467.7,0.0
AC002472.1,0.0
AC002472.11,0.0
AC002472.13,0.0
AC002477.1,0.0
AC002480.2,0.0
AC002480.3,0.0
AC002480.4,0.0
AC002480.5,0.0
AC002485.1,0.0
AC002486.2,0.0
AC002486.3,0.0
AC002511.1,0.0
AC002511.2,0.0
AC002511.3,0.0
AC002519.6,0.0
AC002519.8,0.0
AC002523.1,0.0
AC002523.1,0.0
AC002539.1,0.0
AC002539.2,0.0
AC002542.2,0.0
AC002543.2,0.0
AC002550.5,0.6204550963106681
AC002551.1,0.0
AC002553.1,0.0
AC002553.4,0.0
AC002558.1,0.0
AC002978.1,0.0
AC002979.1,0.0
AC002981.1,0.0
AC002984.2,0.0
AC002985.3,0.0
AC002992.1,0.0
AC002994.1,0.0
AC003001.1,0.0
AC003002.4,0.0
AC003002.6,0.0
AC003003.5,0.0
AC003005.2,1.6175933905056985
AC003005.4,0.0
AC003006.1,0.0
AC003006.7,0.0
AC003009.1,0.0
AC003009.2,0.0
AC003029.1,0.0
AC003035.1,0.0
AC003043.1,0.0
AC003045.1,0.0
AC003051.1,0.0
AC003070.1,0.0
AC003075.4,0.0
AC003079.1,0.0
AC003080.4,0.0
AC003084.2,0.0
AC003087.4,0.0
AC003088.1,0.0
AC003090.1,0.0
AC003092.1,0.0
AC003092.2,0.0
AC003101.1,0.0
AC003102.1,0.0
AC003102.3,0.0
AC003104.1,0.0
AC003658.1,0.0
AC003664.1,0.0
AC003665.1,0.0
AC003666.1,0.0
AC003681.1,0.0
AC003682.16,0.0
AC003682.17,0.0
AC003956.1,0.0
AC003958.1,0.0
AC003958.2,0.0
AC003958.2,0.0
AC003958.6,0.0
AC003958.6,0.0
AC003968.1,0.0
AC003973.1,0.0
AC003973.4,0.0
AC003973.5,0.0
AC003973.6,0.0
AC003984.1,0.0
AC003985.1,0.0
AC003986.5,0.0
AC003986.6,0.0
AC003986.7,0.0
AC003988.1,0.0
AC003989.3,0.0
AC003989.4,0.0
AC003991.3,0.0
AC004000.1,0.0
AC004004.2,0.0
AC004006.2,0.0
AC004009.3,0.0
AC004012.1,0.0
AC004014.3,0.0
AC004014.4,0.0
AC004016.1,0.0
AC004016.2,0.0
AC004017.1,0.0
AC004019.10,0.0
AC004019.13,2.079144757918472
AC004019.18,0.0
AC004022.7,0.0
AC004022.8,0.0
AC004041.2,0.0
AC004051.2,0.0
AC004052.1,0.0
AC004053.1,0.0
AC004054.1,0.0
AC004057.1,0.253644744093139
AC004062.2,0.0
AC004063.1,0.253644744093139
AC004066.2,0.0
AC004066.3,0.0
AC004067.5,0.0
AC004069.1,0.0
AC004069.2,0.0
AC004070.1,0.0
AC004074.3,0.0
AC004074.4,0.0
AC004076.7,0.0
AC004076.9,0.0
AC004079.1,0.0
AC004112.4,0.0
AC004112.5,0.0
AC004112.7,0.0
AC004125.3,0.0
AC004129.7,0.0
AC004129.9,0.0
AC004156.3,0.0
AC004158.2,0.0
AC004158.3,0.0
AC004159.1,0.0
AC004160.4,0.0
AC004166.6,0.0
AC004221.2,0.0
AC004231.2,0.0
AC004231.2,0.0
AC004231.7,0.0
AC004237.1,0.0
AC004257.1,0.0
AC004257.3,0.0
AC004381.6,0.0
AC004381.7,0.0
AC004383.3,0.0
AC004386.3,0.0
AC004386.4,0.0
AC004410.3,0.0
AC004447.2,0.0
AC004448.2,0.0
AC004448.5,0.0
AC004449.6,0.0
AC004453.8,0.253644744093139
AC004458.1,0.0
AC004460.1,0.0
AC004461.4,0.0
AC004463.6,0.0
AC004463.6,0.0
AC004466.1,0.0
AC004471.10,0.0
AC004471.9,0.0
AC004485.3,0.0
AC004490.1,0.0
AC004492.1,0.0
AC004510.3,0.0
AC004520.1,0.0
AC004528.1,0.0
AC004528.4,0.253644744093139
AC004535.2,0.0
AC004538.3,0.0
AC004540.4,0.0
AC004540.5,0.0
AC004543.1,0.0
AC004543.2,0.0
AC004549.6,1.1840889676042927
AC004552.1,0.0
AC004562.1,0.0
AC004593.3,0.0
AC004595.1,0.0
AC004603.4,0.0
AC004609.1,0.0
AC004623.2,0.0
AC004637.1,0.0
AC004655.1,0.0
AC004656.1,0.0
AC004673.1,0.0
AC004691.5,0.0
AC004692.4,0.0
AC004692.5,0.0
AC004699.1,0.0
AC004702.2,0.0
AC004706.1,0.0
AC004744.3,0.0
AC004745.1,0.0
AC004769.1,0.0
AC004771.1,0.0
AC004775.5,0.0
AC004791.2,0.0
AC004797.1,0.8164310788769841
AC004812.1,0.0
AC004817.1,0.0
AC004824.1,0.0
AC004824.2,0.0
AC004832.1,0.0
AC004837.3,0.0
AC004837.4,0.0
AC004837.5,0.0
AC004840.8,0.0
AC004840.9,0.0
AC004851.1,0.0
AC004851.2,0.0
AC004854.4,0.0
AC004854.5,0.0
AC004862.6,0.0
AC004866.1,0.0
AC004866.3,0.0
AC004869.2,0.0
AC004869.3,0.0
AC004870.3,0.0
AC004870.4,0.0
AC004870.5,0.0
AC004875.1,0.0
AC004878.2,0.0
AC004878.3,0.0
AC004878.5,0.0
AC004878.6,0.0
AC004878.7,0.0
AC004878.8,0.0
AC004878.8,0.0
AC004889.1,0.0
AC004893.10,0.0
AC004893.11,0.0
AC004895.1,0.0
AC004895.4,0.0
AC004899.1,0.0
AC004899.3,0.0
AC004901.1,0.0
AC004906.3,0.0
AC004911.2,0.0
AC004917.1,0.0
AC004920.2,0.0
AC004920.3,0.0
AC004924.1,0.0
AC004938.5,0.0
AC004941.3,0.0
AC004941.5,0.0
AC004943.1,0.0
AC004945.1,0.253644744093139
AC004947.2,0.0
AC004951.5,0.0
AC004951.6,0.0
AC004967.7,0.0
AC004969.1,0.0
AC004980.1,0.0
AC004980.10,0.0
AC004980.11,0.866058549240148
AC004980.7,0.6204550963106681
AC004980.8,0.0
AC004980.9,0.0
AC004985.12,0.0
AC004987.10,0.0
AC004987.9,0.0
AC004988.1,0.0
AC005000.1,0.0
AC005000.2,0.0
AC005000.3,0.0
AC005000.4,0.0
AC005003.1,0.0
AC005007.3,0.0
AC005008.2,0.0
AC005008.3,0.0
AC005009.1,0.0
AC005009.2,0.0
AC005013.1,0.0
AC005013.5,0.0
AC005014.5,0.0
AC005017.2,0.0
AC005019.2,0.0
AC005019.3,0.0
AC005020.1,0.0
AC005022.1,0.0
AC005027.3,0.0
AC005029.1,0.0
AC005033.6,0.0
AC005034.2,0.0
AC005034.3,0.0
AC005037.1,0.0
AC005037.2,0.0
AC005037.3,0.0
AC005037.4,0.0
AC005037.6,0.0
AC005040.3,0.0
AC005041.11,0.0
AC005041.17,0.0
AC005042.2,0.0
AC005042.3,0.0
AC005042.4,1.3506004547184218
AC005042.5,0.0
AC005048.1,0.0
AC005062.2,0.0
AC005071.1,0.0
AC005076.5,0.0
AC005077.12,0.0
AC005077.12,0.0
AC005077.14,0.0
AC005077.14,0.0
AC005077.5,0.0
AC005077.5,0.0
AC005077.7,0.0
AC005077.7,0.0
AC005077.8,0.0
AC005077.8,0.0
AC005077.9,0.0
AC005077.9,0.0
AC005082.1,0.0
AC005082.12,0.0
AC005083.1,0.0
AC005086.1,0.0
AC005086.2,0.0
AC005086.3,0.0
AC005086.4,0.0
AC005086.5,0.0
AC005086.6,0.0
AC005086.7,0.0
AC005086.8,0.0
AC005088.1,0.0
AC005088.2,0.0
AC005094.2,0.0
AC005102.1,0.0
AC005102.1,0.0
AC005104.3,0.0
AC005105.2,0.0
AC005150.1,0.0
AC005152.2,1.5551393200304595
AC005152.3,0.0
AC005154.6,2.813370764757186
AC005154.7,0.0
AC005154.8,0.0
AC005159.1,0.0
AC005160.3,0.0
AC005161.1,0.0
AC005162.4,0.0
AC005162.5,0.0
AC005176.1,0.0
AC005176.2,0.0
AC005176.3,0.0
AC005178.1,0.0
AC005189.6,0.0
AC005195.1,0.0
AC005197.2,0.0
AC005215.1,0.0
AC005220.3,0.0
AC005224.2,0.0
AC005229.1,0.0
AC005229.5,0.0
AC005229.7,0.0
AC005235.1,0.0
AC005237.2,0.0
AC005237.4,0.0
AC005251.4,0.0
AC005253.2,0.0
AC005253.4,0.0
AC005255.3,0.0
AC005255.5,0.0
AC005255.6,0.0
AC005256.1,0.0
AC005262.2,0.0
AC005262.3,0.0
AC005262.4,0.0
AC005264.2,0.0
AC005276.1,0.253644744093139
AC005280.1,0.0
AC005281.1,0.0
AC005281.2,0.0
AC005284.1,0.0
AC005288.1,0.0
AC005300.5,0.0
AC005301.8,0.0
AC005304.1,0.0
AC005306.3,0.0
AC005307.1,0.0
AC005307.3,0.0
AC005324.6,0.0
AC005324.7,0.0
AC005326.2,0.0
AC005329.7,0.253644744093139
AC005330.2,0.0
AC005336.4,0.0
AC005336.5,0.0
AC005339.2,0.0
AC005351.1,0.0
AC005355.1,0.0
AC005355.2,0.0
AC005356.1,0.0
AC005357.1,0.0
AC005358.1,0.0
AC005358.3,0.0
AC005363.9,0.0
AC005370.1,0.0
AC005375.1,0.0
AC005387.2,0.0
AC005387.3,0.0
AC005391.2,0.0
AC005392.13,0.0
AC005394.1,0.0
AC005399.1,0.0
AC005477.1,0.0
AC005481.5,0.0
AC005484.5,0.0
AC005487.2,0.0
AC005488.1,0.0
AC005488.11,0.0
AC005488.11,0.0
AC005493.1,0.0
AC005498.3,0.0
AC005498.4,0.0
AC005513.1,0.0
AC005517.3,0.0
AC005518.2,0.0
AC005519.4,0.0
AC005522.6,0.0
AC005522.7,0.4127178969233909
AC005523.2,0.0
AC005523.3,0.0
AC005532.5,0.0
AC005534.6,0.0
AC005534.8,0.0
AC005537.2,0.0
AC005538.5,0.0
AC005539.2,0.0
AC005540.3,1.1840889676042927
AC005544.1,0.0
AC005546.2,0.0
AC005549.1,0.0
AC005549.2,0.0
AC005549.3,0.0
AC005550.3,0.0
AC005550.4,0.0
AC005550.5,0.0
AC005559.2,0.0
AC005559.3,0.0
AC005562.1,0.0
AC005588.2,0.0
AC005592.1,0.0
AC005592.2,0.6960356275201428
AC005592.3,0.0
AC005594.3,0.0
AC005597.1,0.0
AC005606.1,0.0
AC005606.14,0.0
AC005606.15,0.0
AC005609.1,0.0
AC005609.2,0.0
AC005609.3,0.0
AC005614.3,0.0
AC005614.5,0.0
AC005616.1,0.0
AC005616.2,0.0
AC005618.1,0.0
AC005618.6,0.0
AC005621.1,0.0
AC005624.2,0.0
AC005625.1,0.0
AC005626.3,0.0
AC005626.3,0.0
AC005631.1,0.0
AC005682.5,0.0
AC005682.6,0.253644744093139
AC005682.7,0.0
AC005682.8,0.0
AC005686.1,0.0
AC005701.1,0.0
AC005702.1,0.0
AC005702.2,0.0
AC005702.3,0.0
AC005702.4,0.0
AC005703.2,0.8164310788769841
AC005703.3,0.0
AC005722.4,0.0
AC005725.1,0.0
AC005730.2,0.0
AC005740.3,0.253644744093139
AC005740.4,0.0
AC005740.5,0.0
AC005740.6,0.0
AC005741.2,0.0
AC005754.7,0.0
AC005754.7,0.0
AC005754.8,0.0
AC005754.8,0.0
AC005757.6,0.0
AC005757.7,0.0
AC005758.1,0.0
AC005772.2,0.0
AC005775.2,0.0
AC005776.1,0.0
AC005777.3,0.0
AC005779.1,0.0
AC005779.2,0.0
AC005780.1,0.0
AC005783.1,0.0
AC005785.2,0.0
AC005786.3,0.0
AC005786.5,0.0
AC005786.7,0.0
AC005789.11,0.0
AC005789.9,0.0
AC005794.1,0.0
AC005794.1,0.0
AC005795.1,0.0
AC005795.1,0.0
AC005808.3,0.0
AC005822.1,0.0
AC005831.1,0.0
AC005838.2,0.0
AC005841.1,0.0
AC005863.1,0.0
AC005863.2,0.0
AC005884.1,0.0
AC005926.1,0.0
AC005932.1,0.0
AC005943.4,0.0
AC005943.5,0.0
AC005944.2,0.0
AC005954.3,0.0
AC005954.4,0.0
AC006000.5,0.0
AC006001.1,0.0
AC006003.3,0.0
AC006004.1,1.1105557679530071
AC006007.1,0.0
AC006011.4,0.0
AC006014.1,0.0
AC006014.10,0.0
AC006014.7,0.0
AC006014.7,0.0
AC006014.8,0.0
AC006014.8,0.0
AC006019.3,0.0
AC006019.4,0.0
AC006022.4,0.0
AC006023.8,0.0
AC006024.4,0.0
AC006026.1,0.0
AC006026.10,0.0
AC006026.12,0.0
AC006026.13,0.0
AC006026.9,0.253644744093139
AC006028.11,0.0
AC006033.22,0.0
AC006035.1,0.0
AC006037.2,0.0
AC006041.1,0.0
AC006042.6,0.0
AC006042.7,0.0
AC006042.8,0.0
AC006045.3,0.0
AC006050.2,0.0
AC006070.12,0.0
AC006076.1,0.0
AC006077.4,0.0
AC006080.1,0.0
AC006111.1,0.0
AC006115.1,0.0
AC006115.3,0.0
AC006115.6,0.0
AC006116.1,0.0
AC006116.12,0.0
AC006116.13,0.0
AC006116.14,0.0
AC006116.15,0.0
AC006116.17,0.0
AC006116.19,0.0
AC006116.20,0.0
AC006116.21,0.0
AC006116.22,0.0
AC006116.24,0.0
AC006116.27,0.0
AC006126.3,0.0
AC006126.4,0.0
AC006129.1,0.0
AC006129.1,0.0
AC006129.2,0.0
AC006129.2,0.0
AC006129.4,0.0
AC006129.4,0.0
AC006130.1,0.0
AC006130.3,0.0
AC006130.4,0.0
AC006132.1,0.0
AC006133.3,0.0
AC006145.1,0.0
AC006150.1,0.0
AC006150.2,0.0
AC006153.3,0.0
AC006156.1,0.0
AC006156.2,0.0
AC006159.3,0.0
AC006159.4,0.0
AC006159.5,0.0
AC006160.4,0.0
AC006160.5,0.0
AC006195.2,0.0
AC006196.1,0.0
AC006227.1,0.0
AC006262.10,0.0
AC006262.4,0.0
AC006262.5,0.0
AC006262.6,0.0
AC006272.1,0.0
AC006272.2,0.0
AC006273.4,0.0
AC006273.5,0.0
AC006273.7,0.0
AC006277.2,0.0
AC006296.1,0.0
AC006296.2,0.0
AC006322.1,0.0
AC006326.3,0.0
AC006326.5,0.0
AC006328.1,0.0
AC006328.9,0.0
AC006335.10,0.0
AC006335.11,0.0
AC006335.2,0.0
AC006335.6,0.0
AC006355.3,0.0
AC006366.3,0.0
AC006369.2,0.0
AC006369.3,0.0
AC006371.1,0.0
AC006372.1,0.0
AC006372.4,0.0
AC006372.5,0.0
AC006372.6,0.0
AC006373.1,0.0
AC006377.1,0.0
AC006378.2,0.0
AC006380.1,0.0
AC006380.3,0.0
AC006390.4,0.0
AC006427.2,0.0
AC006432.1,0.0
AC006435.1,0.0
AC006445.6,0.0
AC006445.7,0.0
AC006445.8,0.0
AC006449.1,0.0
AC006452.1,0.0
AC006455.1,0.0
AC006458.3,0.0
AC006460.2,0.0
AC006461.2,0.0
AC006465.4,0.0
AC006466.5,0.0
AC006480.1,0.0
AC006481.1,0.0
AC006482.1,0.0
AC006483.1,0.0
AC006483.5,0.0
AC006486.1,0.0
AC006486.9,0.0
AC006487.1,0.0
AC006499.1,0.0
AC006499.2,0.0
AC006499.3,0.0
AC006499.4,0.0
AC006499.5,0.0
AC006499.6,0.0
AC006499.7,0.0
AC006499.8,0.0
AC006499.9,0.0
AC006509.4,0.0
AC006509.7,0.0
AC006534.1,0.0
AC006534.2,0.0
AC006538.1,0.0
AC006538.4,0.0
AC006539.1,0.0
AC006539.2,0.0
AC006539.3,0.0
AC006539.4,0.0
AC006547.13,0.0
AC006547.14,0.0
AC006547.15,0.0
AC006547.8,0.0
AC006548.19,0.0
AC006548.26,0.0
AC006552.1,0.0
AC006557.1,0.0
AC006926.1,0.0
AC006942.4,0.0
AC006946.12,0.0
AC006946.15,0.0
AC006946.16,0.0
AC006946.17,0.0
AC006947.1,0.0
AC006953.1,0.0
AC006960.5,0.0
AC006960.7,0.0
AC006967.1,0.0
AC006978.6,0.0
AC006987.4,0.0
AC006987.5,0.0
AC006987.6,0.0
AC006987.7,0.0
AC006988.1,0.0
AC006989.2,0.0
AC006994.1,0.0
AC006994.2,0.7603920768618123
AC006994.3,0.0
AC006995.8,0.0
AC007000.10,0.0
AC007000.11,0.0
AC007000.12,0.0
AC007003.1,0.0
AC007009.1,0.0
AC007009.2,0.0
AC007014.1,0.0
AC007016.3,0.0
AC007025.1,0.0
AC007036.4,0.0
AC007036.5,0.0
AC007036.6,0.0
AC007038.7,0.0
AC007040.1,0.0
AC007040.10,0.0
AC007040.11,0.0
AC007040.11,0.0
AC007040.2,0.0
AC007040.3,0.0
AC007040.4,0.0
AC007040.5,0.0
AC007040.5,0.0
AC007040.6,0.0
AC007040.6,0.0
AC007040.7,0.0
AC007040.7,0.0
AC007040.8,0.0
AC007040.9,0.0
AC007041.1,0.0
AC007041.2,0.0
AC007050.1,0.0
AC007050.17,0.0
AC007050.18,0.0
AC007056.1,0.0
AC007064.22,0.0
AC007064.24,0.0
AC007064.25,0.0
AC007078.4,0.0
AC007091.1,0.0
AC007092.1,1.9298591741236093
AC007096.1,0.0
AC007098.1,0.0
AC007099.1,0.0
AC007099.2,0.0
AC007106.1,0.0
AC007114.1,0.0
AC007115.3,0.0
AC007126.1,0.0
AC007128.1,0.0
AC007131.1,0.0
AC007131.2,0.0
AC007131.3,0.0
AC007136.1,0.0
AC007161.5,0.0
AC007163.10,0.0
AC007163.11,0.0
AC007163.3,0.0
AC007163.6,0.0
AC007163.8,0.0
AC007163.9,0.0
AC007179.1,0.0
AC007179.2,0.0
AC007182.6,0.0
AC007192.6,0.0
AC007193.10,0.0
AC007193.6,0.0
AC007193.8,0.0
AC007193.9,0.0
AC007204.1,0.0
AC007204.2,0.0
AC007216.1,0.0
AC007216.2,0.0
AC007228.11,0.0
AC007228.5,0.0
AC007228.8,0.0
AC007228.9,0.0
AC007229.3,0.0
AC007237.2,0.0
AC007238.1,0.6204550963106681
AC007241.1,0.0
AC007242.1,0.0
AC007246.3,0.6204550963106681
AC007248.6,0.0
AC007248.7,0.0
AC007249.3,0.0
AC007250.4,0.0
AC007251.2,0.0
AC007253.1,0.0
AC007255.8,0.0
AC007256.5,0.0
AC007271.3,0.0
AC007272.1,0.0
AC007272.3,0.0
AC007274.2,0.0
AC007274.5,0.0
AC007276.5,0.0
AC007277.3,0.0
AC007278.2,0.0
AC007278.3,0.0
AC007279.2,0.0
AC007282.6,0.0
AC007283.4,0.0
AC007283.5,0.0
AC007285.6,0.0
AC007285.7,0.0
AC007292.1,0.0
AC007292.3,0.0
AC007292.4,0.0
AC007292.6,0.0
AC007292.7,0.0
AC007308.6,0.0
AC007308.7,0.0
AC007312.3,0.0
AC007316.3,0.0
AC007317.1,0.0
AC007318.5,0.5288907918624668
AC007319.1,0.0
AC007322.1,0.0
AC007322.3,0.0
AC007322.5,0.0
AC007322.7,0.0
AC007326.9,0.0
AC007327.5,0.0
AC007327.6,0.0
AC007333.1,0.0
AC007339.1,0.0
AC007347.1,0.0
AC007349.4,0.0
AC007349.5,0.0
AC007349.7,0.0
AC007353.1,0.0
AC007358.1,0.0
AC007359.6,0.0
AC007362.1,0.0
AC007362.3,0.0
AC007364.1,2.6524352607923443
AC007365.1,0.0
AC007365.2,0.0
AC007365.3,0.0
AC007365.4,0.0
AC007375.1,0.0
AC007377.1,0.0
AC007381.2,0.0
AC007381.3,0.0
AC007382.1,1.3506004547184218
AC007383.3,0.0
AC007383.4,0.0
AC007383.6,0.0
AC007386.2,0.0
AC007386.3,0.0
AC007386.4,0.0
AC007387.2,0.0
AC007389.1,0.0
AC007389.2,2.0305902524630275
AC007389.3,0.0
AC007389.4,0.0
AC007390.4,0.0
AC007390.5,0.0
AC007391.2,0.0
AC007392.3,0.0
AC007392.4,0.0
AC007394.3,0.0
AC007395.3,0.0
AC007395.3,0.0
AC007395.4,0.0
AC007395.4,0.0
AC007401.1,0.0
AC007401.2,0.0
AC007402.1,0.0
AC007403.1,0.0
AC007403.2,0.0
AC007403.3,0.0
AC007405.2,0.0
AC007405.4,2.222176829675323
AC007405.6,0.0
AC007405.8,0.4127178969233909
AC007421.1,0.0
AC007422.1,0.0
AC007431.1,0.0
AC007435.1,0.0
AC007436.1,0.0
AC007450.1,0.0
AC007461.1,0.0
AC007461.2,0.0
AC007463.2,0.0
AC007464.1,2.014232018514904
AC007486.1,0.0
AC007528.1,0.0
AC007535.1,0.0
AC007551.1,0.0
AC007551.2,0.0
AC007551.3,0.0
AC007556.3,0.0
AC007557.1,0.0
AC007557.2,0.0
AC007557.3,0.0
AC007557.4,0.0
AC007559.1,0.0
AC007560.1,0.0
AC007560.2,0.0
AC007562.1,0.0
AC007563.1,0.0
AC007563.3,0.0
AC007563.4,0.0
AC007563.5,0.0
AC007566.10,0.253644744093139
AC007566.11,0.0
AC007567.1,0.0
AC007568.1,0.0
AC007611.1,0.0
AC007618.3,0.0
AC007620.3,0.0
AC007631.1,0.0
AC007652.1,0.0
AC007677.2,0.0
AC007679.1,0.0
AC007679.3,0.0
AC007679.4,0.0
AC007680.2,0.0
AC007682.1,0.0
AC007682.2,0.0
AC007682.3,0.0
AC007690.1,0.0
AC007731.1,0.0
AC007740.1,0.0
AC007742.3,0.0
AC007742.7,0.0
AC007743.1,0.0
AC007750.5,0.0
AC007773.1,0.0
AC007773.2,0.0
AC007773.3,0.0
AC007787.2,0.0
AC007790.4,0.0
AC007795.1,0.0
AC007796.1,0.0
AC007842.1,0.0
AC007875.2,0.0
AC007875.3,0.0
AC007879.1,0.0
AC007879.2,0.0
AC007879.3,0.0
AC007879.4,0.866058549240148
AC007879.5,0.0
AC007879.6,0.0
AC007879.7,0.0
AC007880.1,0.0
AC007881.1,0.0
AC007881.2,0.0
AC007881.4,0.0
AC007899.3,0.0
AC007919.1,0.0
AC007919.18,0.0
AC007919.19,0.0
AC007919.2,0.0
AC007948.1,0.0
AC007950.1,0.0
AC007952.1,0.0
AC007952.4,0.0
AC007952.5,0.0
AC007952.6,0.0
AC007956.1,0.0
AC007965.1,0.0
AC007966.1,0.0
AC007967.2,0.0
AC007967.3,0.0
AC007967.4,0.0
AC007969.4,0.0
AC007969.5,0.7603920768618123
AC007970.1,0.0
AC008045.1,0.0
AC008060.5,0.0
AC008060.7,0.0
AC008060.8,0.0
AC008063.2,0.0
AC008063.3,0.0
AC008064.1,0.0
AC008065.1,0.0
AC008067.2,0.0
AC008069.1,0.0
AC008069.2,0.0
AC008072.1,0.0
AC008073.7,0.0
AC008073.9,0.0
AC008074.3,0.0
AC008074.4,0.0
AC008074.5,0.0
AC008079.9,0.0
AC008085.1,0.0
AC008088.4,0.0
AC008122.1,0.0
AC008132.1,0.0
AC008132.12,0.0
AC008132.13,0.253644744093139
AC008132.14,0.0
AC008147.1,0.0
AC008147.2,0.0
AC008154.4,0.0
AC008154.5,0.0
AC008155.1,0.0
AC008155.2,0.0
AC008163.4,0.0
AC008163.6,0.0
AC008166.1,0.0
AC008171.1,0.0
AC008173.1,0.0
AC008174.3,1.1840889676042927
AC008175.1,0.0
AC008264.4,0.0
AC008265.2,0.0
AC008267.1,0.0
AC008268.1,0.0
AC008268.2,0.0
AC008269.2,0.0
AC008271.1,0.0
AC008277.1,0.0
AC008278.2,0.0
AC008278.3,0.0
AC008280.1,0.0
AC008280.3,0.0
AC008281.1,0.0
AC008372.1,0.0
AC008387.1,0.0
AC008391.1,0.0
AC008394.1,0.0
AC008397.1,0.0
AC008410.1,0.0
AC008427.2,0.0
AC008440.10,0.0
AC008440.5,0.0
AC008443.1,0.0
AC008463.1,0.0
AC008498.1,0.0
AC008536.1,0.0
AC008555.1,0.0
AC008555.2,0.0
AC008565.1,0.0
AC008581.1,0.0
AC008592.3,0.0
AC008592.4,0.0
AC008592.5,0.0
AC008592.7,0.0
AC008592.8,0.0
AC008625.1,0.0
AC008671.1,0.0
AC008674.1,0.0
AC008686.1,0.0
AC008691.1,0.0
AC008694.2,0.0
AC008694.3,0.0
AC008697.1,0.0
AC008703.1,0.0
AC008703.2,0.0
AC008706.1,0.0
AC008731.1,0.0
AC008738.1,0.0
AC008738.2,0.0
AC008746.10,0.0
AC008746.10,0.0
AC008746.10,0.0
AC008746.10,0.0
AC008746.12,0.0
AC008746.12,0.0
AC008746.12,0.0
AC008746.3,0.0
AC008746.3,0.0
AC008746.3,0.0
AC008746.3,0.0
AC008746.5,0.0
AC008746.5,0.0
AC008746.5,0.0
AC008746.5,0.0
AC008746.9,0.0
AC008746.9,0.0
AC008746.9,0.0
AC008746.9,0.0
AC008747.1,0.0
AC008752.1,0.0
AC008752.2,0.0
AC008752.3,0.253644744093139
AC008753.3,0.0
AC008753.4,0.0
AC008753.6,0.0
AC008780.1,0.0
AC008781.7,0.0
AC008834.1,0.0
AC008834.2,0.0
AC008836.1,0.0
AC008850.3,0.0
AC008865.1,0.0
AC008869.1,0.0
AC008914.1,0.0
AC008937.2,0.0
AC008937.3,0.0
AC008938.1,0.0
AC008940.1,0.0
AC008948.1,0.0
AC008949.1,0.0
AC008964.1,0.0
AC008967.1,0.0
AC008982.2,0.0
AC008984.2,0.0
AC008984.5,0.0
AC008984.5,0.0
AC008984.5,0.0
AC008984.5,0.0
AC008984.5,0.0
AC008984.6,0.0
AC008984.6,0.0
AC008984.6,0.0
AC008984.6,0.0
AC008984.7,0.0
AC008984.7,0.0
AC008984.7,0.0
AC008984.7,0.0
AC008984.7,0.0
AC008991.1,0.0
AC008992.1,0.0
AC009005.2,0.0
AC009009.1,0.0
AC009014.3,0.0
AC009035.1,0.0
AC009041.1,0.0
AC009041.2,0.0
AC009052.12,0.0
AC009060.1,0.253644744093139
AC009061.1,0.0
AC009065.1,0.0
AC009065.2,0.0
AC009065.3,0.0
AC009080.1,0.0
AC009081.1,0.0
AC009093.1,0.0
AC009095.4,0.0
AC009107.1,0.0
AC009110.1,0.0
AC009120.10,0.0
AC009120.3,0.0
AC009120.4,1.470668879757139
AC009120.5,0.0
AC009120.6,0.0
AC009120.8,0.0
AC009121.1,0.0
AC009132.1,0.0
AC009133.12,0.0
AC009133.14,0.0
AC009133.15,0.0
AC009133.17,0.0
AC009133.20,0.0
AC009133.21,0.0
AC009134.1,0.0
AC009142.1,0.0
AC009158.1,0.0
AC009159.1,0.0
AC009161.1,0.0
AC009166.5,0.0
AC009196.1,0.0
AC009227.2,0.0
AC009227.3,0.0
AC009228.1,0.0
AC009229.4,0.0
AC009229.5,0.0
AC009229.6,0.0
AC009232.2,0.0
AC009234.1,0.0
AC009234.2,0.5288907918624668
AC009236.1,0.0
AC009236.2,0.0
AC009237.10,0.0
AC009237.11,0.0
AC009237.13,0.0
AC009237.14,0.0
AC009237.16,0.0
AC009237.17,0.0
AC009237.2,0.0
AC009237.4,0.0
AC009237.5,0.0
AC009237.6,0.0
AC009237.8,0.0
AC009238.6,0.0
AC009238.7,0.0
AC009238.8,0.0
AC009245.3,0.0
AC009262.2,0.0
AC009263.2,0.0
AC009274.6,0.0
AC009276.4,0.0
AC009297.1,0.0
AC009299.1,0.0
AC009299.2,0.0
AC009299.3,0.0
AC009299.4,0.0
AC009299.5,0.0
AC009302.2,0.0
AC009302.4,0.0
AC009303.1,0.0
AC009303.3,0.0
AC009305.1,0.0
AC009305.2,0.0
AC009310.1,0.0
AC009312.1,0.0
AC009313.1,0.0
AC009313.2,0.0
AC009336.1,0.0
AC009336.24,0.0
AC009362.2,0.0
AC009365.3,0.0
AC009365.4,0.0
AC009403.2,0.0
AC009404.2,0.0
AC009410.1,0.0
AC009411.1,0.0
AC009411.2,0.0
AC009413.2,0.0
AC009414.1,0.0
AC009414.1,0.0
AC009469.1,0.0
AC009473.1,0.0
AC009474.1,0.0
AC009474.2,0.0
AC009477.7,0.0
AC009478.1,0.0
AC009478.2,0.0
AC009480.1,0.0
AC009480.3,0.0
AC009480.4,0.0
AC009487.4,0.0
AC009487.5,0.0
AC009492.1,0.0
AC009494.3,0.0
AC009495.1,0.0
AC009495.2,0.0
AC009495.3,0.0
AC009495.4,0.0
AC009498.1,0.0
AC009499.1,0.0
AC009499.2,0.0
AC009500.2,0.0
AC009501.4,0.0
AC009502.1,0.0
AC009502.4,0.0
AC009505.2,0.0
AC009505.4,0.0
AC009506.1,0.0
AC009506.2,0.0
AC009508.1,0.0
AC009517.2,0.0
AC009518.2,0.0
AC009518.3,0.0
AC009518.4,0.0
AC009518.8,0.0
AC009531.2,0.0
AC009541.1,0.0
AC009542.2,0.0
AC009677.1,0.0
AC009695.1,0.0
AC009779.1,0.0
AC009784.1,0.0
AC009784.3,0.0
AC009784.4,0.0
AC009800.1,0.0
AC009802.1,0.0
AC009831.1,0.0
AC009835.1,0.0
AC009878.2,0.0
AC009892.1,0.0
AC009892.10,0.0
AC009892.10,0.0
AC009892.10,0.0
AC009892.10,0.0
AC009892.2,0.0
AC009892.2,0.0
AC009892.2,0.0
AC009892.2,0.0
AC009892.5,0.0
AC009892.5,0.0
AC009892.5,0.0
AC009892.5,0.0
AC009892.9,0.0
AC009892.9,0.0
AC009892.9,0.0
AC009892.9,0.0
AC009892.9,0.0
AC009941.1,0.0
AC009945.4,0.0
AC009947.2,0.0
AC009947.3,0.0
AC009947.5,0.0
AC009948.5,0.0
AC009948.7,0.0
AC009950.2,0.0
AC009951.1,0.0
AC009951.2,0.0
AC009955.8,0.0
AC009960.1,0.0
AC009960.2,0.0
AC009960.3,0.0
AC009960.4,0.0
AC009960.5,0.0
AC009960.6,0.0
AC009960.7,0.0
AC009961.2,0.0
AC009961.3,0.0
AC009961.5,0.0
AC009963.3,0.0
AC009963.4,0.0
AC009963.5,0.0
AC009963.6,0.0
AC009965.1,0.0
AC009965.2,0.0
AC009967.3,0.0
AC009969.1,0.0
AC009970.1,0.0
AC009974.11,0.0
AC009977.1,0.0
AC009987.1,0.0
AC009994.1,0.0
AC009994.2,0.0
AC009997.1,0.0
AC010082.2,0.0
AC010084.1,0.0
AC010086.1,0.0
AC010086.5,0.0
AC010090.1,0.0
AC010091.1,0.0
AC010091.4,0.0
AC010092.1,0.0
AC010095.5,0.0
AC010095.6,0.0
AC010095.7,0.0
AC010096.1,0.0
AC010096.2,0.0
AC010105.1,0.0
AC010127.3,0.0
AC010127.5,0.0
AC010132.10,0.0
AC010132.11,0.0
AC010136.2,0.0
AC010139.1,0.0
AC010141.1,0.0
AC010141.4,0.0
AC010141.6,0.0
AC010141.8,0.0
AC010145.4,0.0
AC010146.1,0.0
AC010146.2,0.0
AC010148.1,0.0
AC010149.4,0.0
AC010150.1,0.0
AC010150.2,0.0
AC010153.3,0.0
AC010154.2,0.0
AC010170.1,0.0
AC010196.1,0.0
AC010203.1,0.0
AC010207.1,0.0
AC010209.1,0.0
AC010226.4,0.0
AC010235.1,0.0
AC010240.2,0.0
AC010240.3,0.0
AC010243.1,0.0
AC010247.1,0.0
AC010295.1,0.0
AC010296.1,0.0
AC010297.1,0.0
AC010311.1,0.0
AC010319.1,0.0
AC010323.1,0.0
AC010327.1,0.0
AC010327.2,0.0
AC010329.1,0.0
AC010335.1,0.0
AC010336.1,0.0
AC010368.1,0.0
AC010368.2,0.0
AC010376.1,0.0
AC010422.1,0.0
AC010423.1,1.77598664737081
AC010441.1,0.0
AC010455.1,0.0
AC010458.1,1.686600231622561
AC010468.1,0.0
AC010468.2,0.0
AC010468.3,0.0
AC010492.2,0.0
AC010492.2,0.0
AC010492.2,0.0
AC010492.2,0.0
AC010492.4,0.0
AC010492.4,0.0
AC010492.4,0.0
AC010492.4,0.0
AC010492.4,0.0
AC010492.5,0.0
AC010492.5,0.0
AC010492.5,0.0
AC010492.5,0.0
AC010492.5,0.0
AC010504.2,0.0
AC010518.3,0.0
AC010518.3,0.0
AC010518.3,0.0
AC010518.3,0.0
AC010518.3,0.0
AC010522.1,0.0
AC010524.2,0.0
AC010524.4,0.0
AC010525.1,0.0
AC010525.2,0.0
AC010525.4,0.0
AC010525.5,0.0
AC010525.6,0.0
AC010525.7,0.0
AC010528.1,0.0
AC010536.1,0.0
AC010543.1,0.0
AC010546.1,0.0
AC010547.9,1.7206743438370773
AC010595.1,0.0
AC010609.1,0.0
AC010614.1,0.0
AC010620.1,0.0
AC010641.1,0.0
AC010642.1,0.0
AC010642.2,0.0
AC010646.3,0.0
AC010649.1,0.0
AC010677.5,0.0
AC010723.1,0.0
AC010723.2,0.0
AC010724.1,0.0
AC010729.1,0.0
AC010729.2,0.0
AC010729.3,0.0
AC010731.2,0.0
AC010731.3,0.0
AC010731.4,0.0
AC010731.6,0.0
AC010733.4,0.0
AC010733.5,0.0
AC010733.7,0.0
AC010739.1,0.0
AC010740.1,0.0
AC010744.1,0.0
AC010745.1,0.0
AC010745.2,0.0
AC010745.3,0.0
AC010745.4,0.0
AC010746.3,0.0
AC010747.2,0.0
AC010754.1,0.0
AC010760.1,0.0
AC010761.10,0.0
AC010761.13,0.0
AC010761.14,1.408091496025075
AC010761.6,0.0
AC010761.8,0.0
AC010761.9,0.0
AC010874.1,0.0
AC010877.1,0.0
AC010878.3,0.0
AC010880.1,0.0
AC010883.5,0.0
AC010884.1,0.0
AC010884.2,0.0
AC010886.2,0.0
AC010887.1,0.0
AC010890.1,0.0
AC010891.2,0.0
AC010894.3,0.0
AC010894.4,0.0
AC010894.5,0.0
AC010900.2,0.0
AC010904.1,0.0
AC010907.2,0.0
AC010907.5,0.0
AC010928.1,0.0
AC010930.1,0.0
AC010967.1,0.0
AC010967.2,0.0
AC010967.3,0.0
AC010969.1,0.0
AC010970.1,0.0
AC010970.2,0.0
AC010971.1,0.0
AC010974.3,0.0
AC010975.1,0.0
AC010975.2,0.0
AC010976.2,0.0
AC010980.2,0.0
AC010982.1,0.0
AC010982.2,0.0
AC010983.1,0.0
AC010984.3,0.0
AC010984.4,0.0
AC010987.5,0.0
AC010987.6,0.0
AC010999.1,0.0
AC011043.1,1.3349544931480026
AC011073.1,0.0
AC011193.1,0.0
AC011196.3,0.0
AC011225.1,0.0
AC011233.2,0.0
AC011239.1,0.0
AC011242.5,0.0
AC011242.6,2.4995862632624104
AC011243.1,0.0
AC011247.3,0.0
AC011284.3,1.3187237340792874
AC011286.1,0.0
AC011288.2,0.0
AC011290.4,0.0
AC011290.5,0.0
AC011293.1,0.0
AC011294.3,0.0
AC011298.1,0.0
AC011298.2,0.0
AC011306.1,0.0
AC011306.2,0.0
AC011308.1,0.0
AC011313.1,0.0
AC011322.1,0.0
AC011330.5,0.0
AC011330.6,0.0
AC011343.1,0.0
AC011357.1,0.0
AC011363.1,0.0
AC011366.3,0.0
AC011379.1,0.0
AC011385.1,0.0
AC011385.2,0.0
AC011406.2,0.0
AC011407.1,0.0
AC011410.1,0.0
AC011416.1,0.0
AC011431.1,0.0
AC011431.2,0.0
AC011450.1,0.0
AC011453.1,0.0
AC011456.1,0.0
AC011465.1,0.0
AC011467.1,0.0
AC011475.1,0.0
AC011477.1,0.0
AC011478.1,0.0
AC011484.1,0.0
AC011498.1,0.0
AC011499.1,0.0
AC011500.1,0.0
AC011513.4,0.0
AC011513.4,0.0
AC011515.2,0.0
AC011515.2,0.0
AC011515.2,0.0
AC011515.2,0.0
AC011515.2,0.0
AC011516.1,0.0
AC011516.2,0.0
AC011518.1,0.0
AC011518.2,0.0
AC011523.2,0.0
AC011524.1,0.0
AC011524.2,0.0
AC011524.3,0.0
AC011525.2,0.0
AC011525.4,0.0
AC011526.1,0.0
AC011526.1,0.0
AC011530.4,0.0
AC011551.3,0.0
AC011558.5,0.0
AC011591.1,0.0
AC011625.1,0.0
AC011626.1,0.0
AC011648.1,0.0
AC011652.1,0.0
AC011652.2,0.0
AC011718.1,0.0
AC011718.2,0.0
AC011718.3,0.0
AC011737.2,0.0
AC011738.1,0.0
AC011738.4,0.0
AC011742.3,0.0
AC011742.5,0.0
AC011747.3,0.0
AC011747.4,0.0
AC011747.6,0.0
AC011747.7,0.0
AC011748.1,0.0
AC011752.1,0.0
AC011753.5,0.0
AC011753.6,0.0
AC011754.1,0.0
AC011755.1,0.0
AC011816.1,0.0
AC011841.1,0.0
AC011841.10,0.0
AC011841.2,0.0
AC011841.3,0.0
AC011841.4,0.0
AC011841.5,0.0
AC011841.6,0.0
AC011841.7,0.0
AC011841.8,0.0
AC011841.9,0.0
AC011891.5,0.0
AC011893.3,0.0
AC011897.1,0.0
AC011897.2,0.0
AC011899.10,0.0
AC011899.9,0.0
AC011901.2,0.0
AC011933.1,0.0
AC011933.2,0.0
AC011994.1,0.0
AC011995.1,0.0
AC011995.3,0.0
AC011997.1,0.0
AC011998.1,0.0
AC011998.2,0.0
AC011998.4,0.0
AC011999.1,0.0
AC012003.1,0.0
AC012005.2,0.0
AC012047.1,0.0
AC012050.1,0.0
AC012065.4,0.0
AC012065.5,0.0
AC012065.7,0.0
AC012066.1,0.0
AC012067.1,0.0
AC012074.1,0.0
AC012074.2,0.0
AC012075.1,0.0
AC012075.2,0.0
AC012078.2,0.0
AC012119.1,0.0
AC012123.1,0.0
AC012146.7,1.0535570409588524
AC012150.1,0.0
AC012175.1,0.0
AC012181.1,0.0
AC012215.1,0.0
AC012305.1,0.0
AC012306.2,0.0
AC012307.2,0.0
AC012307.3,0.0
AC012309.5,0.0
AC012313.1,0.0
AC012314.1,0.0
AC012314.19,0.0
AC012314.19,0.0
AC012314.19,0.0
AC012314.19,0.0
AC012314.19,0.0
AC012314.19,0.0
AC012314.19,0.0
AC012314.19,0.0
AC012314.19,0.0
AC012314.19,0.0
AC012314.2,0.0
AC012314.20,0.0
AC012314.20,0.0
AC012314.20,0.0
AC012314.20,0.0
AC012314.20,0.0
AC012314.20,0.0
AC012314.20,0.0
AC012314.20,0.0
AC012314.20,0.0
AC012314.20,0.0
AC012314.3,0.0
AC012314.4,0.0
AC012314.5,0.0
AC012314.8,0.0
AC012314.8,0.0
AC012314.8,0.0
AC012314.8,0.0
AC012314.8,0.0
AC012314.8,0.0
AC012314.8,0.0
AC012314.8,0.0
AC012314.8,0.0
AC012314.8,0.0
AC012317.1,0.0
AC012318.3,0.253644744093139
AC012322.1,0.0
AC012353.1,0.0
AC012354.6,0.0
AC012354.8,0.4127178969233909
AC012358.4,0.0
AC012358.7,0.0
AC012358.8,1.564630272110482
AC012360.1,0.0
AC012360.2,0.0
AC012360.4,0.0
AC012360.6,0.0
AC012361.1,0.0
AC012362.1,0.0
AC012362.3,0.0
AC012363.10,0.0
AC012363.13,0.0
AC012363.4,0.0
AC012363.7,0.0
AC012363.8,0.0
AC012365.3,0.0
AC012368.1,0.0
AC012370.2,0.0
AC012370.3,0.0
AC012379.1,0.0
AC012391.1,0.0
AC012414.1,0.0
AC012441.1,0.0
AC012442.5,0.0
AC012442.6,0.0
AC012445.1,0.0
AC012451.1,0.0
AC012454.4,0.0
AC012456.3,0.0
AC012456.4,0.0
AC012457.2,0.0
AC012462.1,0.0
AC012462.2,0.0
AC012462.3,0.0
AC012467.1,0.0
AC012485.1,0.0
AC012485.2,0.0
AC012487.2,0.0
AC012493.1,0.0
AC012493.2,0.0
AC012494.1,0.0
AC012497.2,0.0
AC012499.1,0.0
AC012501.1,0.0
AC012501.2,0.0
AC012501.3,0.0
AC012506.1,0.0
AC012506.2,0.0
AC012506.3,0.0
AC012506.4,0.0
AC012507.3,0.0
AC012507.4,0.0
AC012512.1,0.0
AC012513.4,0.0
AC012513.6,0.0
AC012531.23,0.0
AC012531.25,0.0
AC012564.1,0.0
AC012593.1,0.0
AC012594.1,0.0
AC012603.1,0.0
AC012613.2,0.0
AC012615.1,0.0
AC012616.1,0.0
AC012627.1,0.0
AC012667.1,0.0
AC012668.1,0.0
AC012668.2,0.0
AC012668.3,0.0
AC012671.1,0.0
AC012671.2,0.0
AC012671.3,0.0
AC012671.4,0.0
AC013248.2,0.0
AC013262.1,0.0
AC013264.2,0.0
AC013267.1,0.0
AC013268.1,0.0
AC013268.2,0.0
AC013268.3,0.0
AC013268.4,0.0
AC013268.5,0.0
AC013269.1,0.0
AC013269.3,0.0
AC013269.4,0.0
AC013269.5,0.0
AC013271.3,0.0
AC013275.1,0.0
AC013275.2,0.0
AC013283.1,0.0
AC013394.2,0.866058549240148
AC013399.3,0.0
AC013401.1,0.0
AC013401.2,0.0
AC013402.1,0.0
AC013402.2,0.253644744093139
AC013402.3,0.0
AC013402.4,0.0
AC013402.5,0.0
AC013403.13,0.0
AC013404.1,0.0
AC013406.1,0.0
AC013410.1,0.0
AC013410.2,0.0
AC013429.4,0.0
AC013429.5,0.0
AC013436.6,0.0
AC013437.2,0.0
AC013437.4,0.0
AC013437.6,0.0
AC013437.7,0.0
AC013439.4,0.0
AC013442.1,0.0
AC013444.1,0.0
AC013444.2,0.0
AC013448.1,0.0
AC013448.2,0.0
AC013449.1,0.253644744093139
AC013460.1,0.0
AC013463.2,0.0
AC013467.1,0.0
AC013468.1,0.0
AC013469.1,0.0
AC013470.6,0.0
AC013470.8,0.0
AC013472.3,2.1356048908760363
AC013472.4,0.0
AC013474.4,0.0
AC013476.1,0.0
AC013477.1,0.0
AC013480.2,0.0
AC013489.1,0.0
AC013558.1,0.0
AC013717.3,0.0
AC013718.1,0.0
AC013727.1,0.0
AC013727.2,0.0
AC013731.1,0.0
AC013733.3,0.0
AC013733.4,0.0
AC013733.5,0.0
AC013737.1,0.0
AC013751.1,0.0
AC013759.1,0.0
AC013791.2,0.0
AC015600.1,0.0
AC015660.1,0.0
AC015688.3,0.0
AC015691.13,0.0
AC015726.1,0.0
AC015815.1,0.0
AC015815.2,0.0
AC015815.3,0.0
AC015815.4,0.0
AC015815.5,0.0
AC015815.6,0.0
AC015815.7,0.0
AC015815.8,0.0
AC015818.3,0.0
AC015818.5,0.0
AC015818.6,0.0
AC015820.1,0.0
AC015849.12,0.0
AC015849.12,0.0
AC015849.13,0.0
AC015849.13,0.0
AC015849.14,0.0
AC015849.14,0.0
AC015849.16,0.0
AC015849.16,0.0
AC015849.19,0.0
AC015849.19,0.253644744093139
AC015849.2,0.0
AC015849.2,0.0
AC015871.1,0.0
AC015884.1,0.0
AC015922.5,0.0
AC015922.6,0.0
AC015922.7,0.0
AC015923.1,0.0
AC015933.2,0.0
AC015936.3,0.0
AC015969.3,0.0
AC015971.1,0.0
AC015971.2,0.0
AC015977.5,0.0
AC015977.6,0.0
AC015987.1,0.0
AC015987.2,0.0
AC015989.1,0.0
AC015989.2,0.0
AC016113.1,0.0
AC016178.1,0.0
AC016178.2,0.0
AC016194.1,0.0
AC016251.1,0.0
AC016292.1,0.253644744093139
AC016292.3,0.0
AC016405.1,0.0
AC016405.2,0.0
AC016489.1,0.0
AC016543.1,0.0
AC016553.1,0.0
AC016559.1,0.0
AC016561.1,0.0
AC016575.1,0.0
AC016582.2,0.0
AC016586.1,0.0
AC016597.1,0.0
AC016626.1,0.0
AC016626.2,0.0
AC016629.3,0.0
AC016629.7,0.0
AC016629.8,1.6418345900426288
AC016644.1,0.0
AC016670.1,0.0
AC016682.1,0.0
AC016683.5,0.0
AC016683.6,0.0
AC016691.2,0.0
AC016694.2,0.0
AC016696.1,0.0
AC016697.1,0.0
AC016697.2,0.0
AC016697.3,0.0
AC016697.6,0.0
AC016700.2,0.0
AC016700.3,0.0
AC016700.4,0.0
AC016700.5,0.0
AC016700.6,0.0
AC016706.1,0.0
AC016708.2,0.253644744093139
AC016710.1,0.0
AC016712.1,0.4127178969233909
AC016712.2,0.0
AC016716.1,0.0
AC016716.2,2.09879174565615
AC016717.1,0.0
AC016722.1,0.0
AC016722.2,0.0
AC016722.3,0.0
AC016722.4,0.0
AC016723.4,0.0
AC016724.6,0.0
AC016725.4,0.0
AC016727.1,0.0
AC016727.3,0.0
AC016730.1,0.0
AC016732.2,0.0
AC016734.1,0.0
AC016734.2,0.0
AC016735.1,0.0
AC016735.2,0.0
AC016735.3,0.0
AC016737.1,0.0
AC016738.3,0.0
AC016738.4,0.0
AC016739.1,0.0
AC016739.2,0.253644744093139
AC016745.1,0.0
AC016745.3,0.0
AC016747.3,0.0
AC016751.2,0.0
AC016751.3,0.0
AC016752.1,0.0
AC016753.7,0.0
AC016757.3,0.0
AC016764.1,0.0
AC016768.1,0.0
AC016772.4,0.0
AC016773.1,0.0
AC016821.1,0.0
AC016831.3,0.0
AC016831.3,0.0
AC016831.5,0.0
AC016831.5,0.0
AC016831.6,0.0
AC016831.6,0.0
AC016831.7,0.0
AC016831.7,0.0
AC016885.1,0.0
AC016894.1,0.0
AC016903.1,0.0
AC016903.2,0.0
AC016906.1,0.0
AC016907.1,0.0
AC016907.2,0.0
AC016907.3,0.0
AC016908.1,0.0
AC016909.1,0.0
AC016909.2,0.0
AC016910.1,0.0
AC016912.3,0.0
AC016970.1,0.0
AC016994.2,0.0
AC016995.3,0.0
AC016999.2,0.0
AC017002.1,0.0
AC017002.2,0.0
AC017002.4,0.0
AC017006.2,0.0
AC017006.3,0.0
AC017019.1,0.0
AC017020.1,0.0
AC017028.1,0.0
AC017028.10,0.0
AC017028.2,0.0
AC017028.3,0.0
AC017028.4,0.0
AC017028.5,0.0
AC017028.6,0.0
AC017028.7,0.0
AC017028.8,0.0
AC017028.9,0.0
AC017035.2,0.0
AC017040.1,0.0
AC017048.1,0.0
AC017048.2,0.0
AC017048.3,0.0
AC017048.4,0.0
AC017053.1,0.0
AC017060.1,0.0
AC017074.1,0.0
AC017074.2,0.0
AC017076.5,0.0
AC017078.1,0.0
AC017079.3,0.0
AC017079.4,0.0
AC017080.1,0.0
AC017081.1,0.253644744093139
AC017081.2,0.0
AC017083.1,0.0
AC017083.2,0.0
AC017083.3,0.0
AC017084.1,0.0
AC017084.2,0.0
AC017099.3,0.0
AC017101.10,0.0
AC017104.1,0.0
AC017104.2,0.0
AC017104.4,0.0
AC017104.6,0.0
AC017116.11,0.0
AC018359.1,0.0
AC018359.3,0.0
AC018442.1,0.0
AC018445.1,0.0
AC018450.1,0.0
AC018462.2,0.0
AC018462.3,0.0
AC018463.4,0.0
AC018463.5,0.0
AC018464.3,0.0
AC018470.1,0.0
AC018470.4,0.0
AC018495.3,0.0
AC018506.1,0.0
AC018512.1,0.0
AC018607.1,0.0
AC018618.1,0.0
AC018628.1,0.0
AC018630.1,0.0
AC018630.2,0.0
AC018634.9,0.0
AC018635.1,0.0
AC018638.1,0.0
AC018641.7,0.0
AC018643.4,0.0
AC018647.3,1.9338893813999691
AC018685.1,0.0
AC018685.2,0.0
AC018690.1,0.0
AC018692.1,0.0
AC018692.2,0.0
AC018692.3,0.0
AC018692.4,0.0
AC018693.5,0.0
AC018693.6,0.0
AC018696.1,0.0
AC018696.2,0.0
AC018696.3,0.0
AC018696.4,0.0
AC018696.5,0.0
AC018696.6,0.0
AC018696.7,0.0
AC018705.5,0.0
AC018712.2,0.0
AC018717.1,0.0
AC018717.2,0.0
AC018720.10,0.0
AC018720.10,0.0
AC018730.1,1.1105557679530071
AC018730.3,0.0
AC018730.4,0.0
AC018731.3,0.0
AC018735.1,0.0
AC018737.1,1.4467087411059607
AC018737.3,0.0
AC018737.6,0.0
AC018738.2,0.253644744093139
AC018742.1,0.0
AC018755.1,0.0
AC018755.16,0.0
AC018755.17,0.0
AC018755.2,0.0
AC018766.4,0.0
AC018766.5,0.0
AC018766.6,0.0
AC018767.1,0.0
AC018799.1,0.0
AC018804.1,0.0
AC018804.3,0.0
AC018804.6,0.0
AC018804.7,0.0
AC018816.3,0.9509808635159877
AC018832.1,0.0
AC018865.11,0.0
AC018865.5,0.0
AC018865.8,0.0
AC018865.9,0.0
AC018866.1,0.0
AC018867.1,0.0
AC018867.2,0.0
AC018878.3,0.0
AC018880.1,0.0
AC018880.2,0.0
AC018890.4,0.0
AC018890.6,0.0
AC018892.3,0.0
AC018892.8,0.0
AC018892.9,0.0
AC019046.1,0.0
AC019048.1,0.0
AC019050.1,0.0
AC019051.1,0.0
AC019055.1,0.0
AC019064.1,0.0
AC019068.2,0.0
AC019070.1,0.8164310788769841
AC019080.1,0.0
AC019084.7,0.0
AC019097.7,0.0
AC019100.3,0.0
AC019100.7,0.0
AC019109.1,0.0
AC019117.1,0.0
AC019117.2,0.0
AC019118.2,0.0
AC019118.3,0.0
AC019118.4,0.0
AC019129.1,0.0
AC019129.2,0.0
AC019131.1,0.0
AC019171.1,0.0
AC019171.4,0.0
AC019172.2,0.0
AC019173.1,0.0
AC019178.2,0.0
AC019178.3,0.0
AC019181.2,0.0
AC019181.3,0.0
AC019185.2,0.0
AC019185.3,0.0
AC019185.4,0.0
AC019186.1,0.0
AC019198.1,0.0
AC019201.1,0.0
AC019205.1,0.0
AC019205.2,0.0
AC019206.1,0.0
AC019221.4,0.0
AC019294.1,0.0
AC019319.1,0.0
AC019322.1,0.0
AC019330.1,0.0
AC019330.2,0.0
AC019349.5,0.0
AC020550.7,0.0
AC020571.3,0.0
AC020594.5,0.0
AC020595.1,0.0
AC020601.1,0.0
AC020606.1,0.0
AC020626.1,0.0
AC020629.1,0.0
AC020636.1,0.0
AC020663.1,0.0
AC020703.1,0.0
AC020743.2,0.0
AC020743.3,0.0
AC020743.4,0.0
AC020766.1,0.0
AC020892.1,0.0
AC020895.1,0.0
AC020900.1,0.0
AC020900.2,0.0
AC020907.1,0.0
AC020907.2,0.0
AC020910.1,0.0
AC020910.2,0.0
AC020915.1,0.0
AC020915.2,0.0
AC020922.1,0.0
AC020934.1,0.0
AC020947.2,0.0
AC020952.1,0.0
AC020956.3,0.0
AC020983.5,0.0
AC021016.6,0.0
AC021016.7,0.0
AC021016.8,0.0
AC021021.1,0.0
AC021021.2,0.0
AC021052.1,0.0
AC021078.1,0.0
AC021106.1,0.0
AC021146.1,0.0
AC021188.4,0.0
AC021205.1,0.0
AC021218.2,0.0
AC021224.1,0.0
AC021593.1,0.0
AC021613.1,0.0
AC021654.1,0.0
AC021660.1,0.0
AC021749.1,0.0
AC021760.1,0.0
AC021818.1,0.0
AC021860.1,0.0
AC021876.4,0.0
AC021887.1,0.0
AC022007.5,0.0
AC022021.1,0.0
AC022120.1,0.0
AC022142.1,0.0
AC022153.1,0.0
AC022154.7,0.0
AC022173.2,0.0
AC022182.1,0.0
AC022182.2,0.0
AC022182.3,0.0
AC022201.4,0.0
AC022201.5,0.0
AC022210.1,0.0
AC022210.2,0.0
AC022311.1,0.0
AC022400.1,0.0
AC022400.2,0.0
AC022431.1,0.0
AC022431.2,0.0
AC022431.3,0.0
AC022486.1,0.0
AC022498.1,0.0
AC022532.1,0.0
AC022537.1,0.0
AC022538.1,0.0
AC022555.1,0.0
AC022558.1,0.0
AC022596.2,0.0
AC022596.6,0.0
AC022616.1,0.0
AC022681.1,0.0
AC022716.1,0.0
AC022816.2,0.0
AC022819.1,0.0
AC022819.2,0.0
AC022819.3,0.0
AC022861.1,0.0
AC022872.1,0.0
AC022882.1,0.0
AC022909.1,0.0
AC023050.1,0.0
AC023085.1,0.0
AC023115.1,0.0
AC023115.2,0.0
AC023115.4,0.0
AC023128.1,0.0
AC023128.2,0.0
AC023137.2,0.0
AC023157.1,0.0
AC023158.1,0.0
AC023237.1,0.0
AC023271.1,0.0
AC023271.2,1.1105557679530071
AC023274.4,0.0
AC023274.6,0.0
AC023347.1,0.0
AC023347.2,0.0
AC023385.1,0.0
AC023449.2,0.0
AC023469.1,0.0
AC023469.2,0.0
AC023481.1,0.0
AC023490.1,0.0
AC023490.2,0.0
AC023513.1,0.0
AC023590.1,0.0
AC023593.1,0.0
AC023632.1,0.0
AC023669.1,0.0
AC023669.2,0.0
AC023672.1,0.0
AC023672.2,0.0
AC023798.1,0.0
AC023818.1,0.0
AC023824.1,0.0
AC023992.1,0.0
AC024028.1,0.0
AC024067.1,0.0
AC024082.1,0.0
AC024082.3,0.0
AC024082.4,0.0
AC024084.1,0.0
AC024132.1,0.0
AC024149.1,0.0
AC024158.1,0.0
AC024162.2,0.0
AC024183.3,0.0
AC024198.1,0.0
AC024257.1,0.0
AC024475.1,0.0
AC024560.2,0.0
AC024560.3,2.017553329078163
AC024568.1,0.0
AC024569.1,0.0
AC024580.1,0.0
AC024590.1,0.0
AC024592.12,0.0
AC024592.9,0.0
AC024610.1,0.0
AC024619.2,0.0
AC024704.2,0.0
AC024896.1,0.0
AC024908.1,0.0
AC024937.2,0.0
AC024937.4,0.0
AC024937.6,0.0
AC024940.1,0.0
AC024996.1,0.0
AC025016.1,0.0
AC025165.1,0.0
AC025165.8,0.0
AC025166.1,0.0
AC025171.1,0.0
AC025175.1,0.0
AC025262.1,0.0
AC025263.3,0.0
AC025278.1,0.0
AC025280.1,0.0
AC025284.1,0.0
AC025287.1,0.0
AC025300.1,0.0
AC025335.1,0.0
AC025426.1,0.0
AC025442.3,0.0
AC025458.1,0.0
AC025470.1,0.0
AC025594.1,0.0
AC025627.4,0.0
AC025627.7,0.0
AC025627.9,0.0
AC025674.1,0.0
AC025678.1,0.0
AC025750.5,0.0
AC025750.6,0.0
AC025750.7,0.0
AC025811.1,0.0
AC025811.2,0.0
AC025811.3,0.0
AC025918.2,0.0
AC026150.1,0.0
AC026150.2,0.0
AC026150.5,0.0
AC026150.6,0.0
AC026150.8,0.0
AC026166.1,0.0
AC026166.2,0.0
AC026167.1,0.0
AC026185.1,0.0
AC026188.1,0.0
AC026202.1,0.0
AC026202.3,0.0
AC026202.5,0.0
AC026214.2,0.0
AC026241.1,0.0
AC026271.5,1.896195851746716
AC026310.1,0.0
AC026318.1,0.0
AC026320.1,0.0
AC026357.1,0.0
AC026366.1,0.0
AC026369.1,0.0
AC026407.1,0.0
AC026461.1,0.0
AC026471.6,0.0
AC026495.1,0.0
AC026512.1,0.0
AC026700.1,0.0
AC026703.1,0.0
AC026703.2,0.0
AC026740.1,0.0
AC026781.1,0.0
AC026797.1,0.0
AC026806.2,0.0
AC026877.1,0.0
AC026882.1,0.0
AC026904.1,0.0
AC026954.6,0.0
AC026956.1,0.0
AC026992.1,0.0
AC027119.1,0.0
AC027124.2,0.0
AC027124.3,0.0
AC027228.1,0.0
AC027238.1,0.0
AC027269.2,0.0
AC027281.1,0.0
AC027288.1,0.0
AC027288.2,0.0
AC027307.1,0.0
AC027307.2,0.0
AC027307.3,0.0
AC027309.1,0.0
AC027319.1,0.0
AC027319.2,0.0
AC027320.1,0.0
AC027348.1,0.0
AC027601.1,0.0
AC027612.1,0.0
AC027612.2,0.0
AC027612.3,0.0
AC027612.4,0.0
AC027612.6,0.5288907918624668
AC027763.2,1.3018627585701523
AC027806.1,0.0
AC027807.1,0.0
AC027811.1,0.0
AC032027.1,0.0
AC034102.1,0.0
AC034110.1,0.253644744093139
AC034154.1,0.0
AC034187.1,0.0
AC034187.2,0.0
AC034187.3,0.0
AC034187.4,0.0
AC034187.5,0.0
AC034193.5,0.0
AC034193.7,0.0
AC034198.7,0.0
AC034205.1,0.0
AC034220.3,0.0
AC034228.2,0.0
AC034228.3,0.0
AC034228.4,0.0
AC034228.7,0.0
AC034229.1,0.0
AC034236.1,0.0
AC034236.2,0.0
AC034243.1,0.0
AC036108.1,1.6418345900426288
AC036178.1,0.0
AC037199.1,0.0
AC037445.1,0.0
AC037459.4,0.0
AC037482.2,0.0
AC037482.3,0.0
AC040160.1,0.0
AC040162.1,0.0
AC040163.1,0.0
AC040173.1,0.0
AC040977.1,0.0
AC044860.1,0.0
AC046130.1,0.0
AC046143.1,0.0
AC046143.2,0.0
AC046143.3,0.0
AC046143.6,0.0
AC048346.1,0.0
AC048382.4,0.0
AC051642.1,0.0
AC051649.1,0.0
AC051649.12,0.0
AC051649.16,0.0
AC051649.6,0.0
AC053503.11,0.0
AC053503.2,0.0
AC053503.4,0.0
AC053503.6,0.0
AC053516.1,0.0
AC055723.1,0.0
AC055736.1,0.0
AC055764.1,0.0
AC055811.1,0.0
AC055811.5,0.0
AC055813.1,0.0
AC055873.1,0.0
AC055876.1,0.0
AC055876.2,0.0
AC060226.1,0.0
AC060834.2,0.0
AC060834.3,0.0
AC060835.1,0.0
AC061961.2,0.0
AC061975.1,0.0
AC061975.10,0.0
AC061975.2,0.0
AC061975.3,0.0
AC061975.4,0.0
AC061975.5,0.0
AC061975.6,0.0
AC061975.7,0.0
AC061975.8,0.0
AC061975.9,0.0
AC061992.1,0.0
AC061992.2,0.0
AC062016.1,0.0
AC062016.2,0.0
AC062016.3,0.0
AC062017.1,0.0
AC062020.1,0.0
AC062020.2,0.0
AC062021.1,1.4821708087520635
AC062022.1,0.0
AC062028.1,0.0
AC062029.1,0.0
AC062031.1,0.0
AC062032.1,0.0
AC063932.1,0.0
AC063944.1,0.0
AC063976.1,0.0
AC063976.2,0.0
AC063976.3,0.0
AC063976.7,0.0
AC063979.1,0.0
AC064834.1,0.0
AC064834.2,0.0
AC064834.3,0.0
AC064836.3,0.0
AC064837.1,0.0
AC064847.4,0.0
AC064850.4,0.0
AC064852.4,0.0
AC064852.5,0.0
AC064853.2,0.0
AC064853.3,0.0
AC064865.1,0.0
AC064871.3,0.0
AC064872.1,0.0
AC064874.1,0.0
AC064875.2,0.0
AC066593.1,0.7603920768618123
AC066612.1,0.0
AC066692.3,0.0
AC067718.1,0.0
AC067735.1,0.0
AC067742.1,0.0
AC067751.1,0.0
AC067805.1,0.0
AC067852.1,0.0
AC067940.1,0.0
AC067945.2,0.0
AC067945.3,0.0
AC067945.4,0.0
AC067956.1,0.0
AC067957.1,0.0
AC067959.1,0.0
AC067960.1,0.0
AC067961.1,0.0
AC067968.3,0.0
AC067969.1,0.0
AC067969.2,0.0
AC068014.1,0.0
AC068014.2,0.0
AC068020.1,0.0
AC068039.1,0.0
AC068039.4,0.0
AC068042.1,0.0
AC068044.1,0.0
AC068057.1,0.0
AC068057.2,0.0
AC068058.1,0.0
AC068062.1,0.0
AC068134.10,0.0
AC068134.5,0.0
AC068134.6,0.0
AC068134.8,0.0
AC068135.1,0.0
AC068137.11,0.0
AC068137.13,0.0
AC068137.5,0.0
AC068137.6,0.0
AC068137.8,0.0
AC068138.1,0.0
AC068196.1,0.0
AC068279.1,0.0
AC068279.2,0.0
AC068279.3,0.0
AC068282.3,1.5739182395996751
AC068286.1,0.0
AC068287.1,0.0
AC068292.1,0.0
AC068483.1,0.0
AC068489.1,0.0
AC068490.1,0.0
AC068490.2,0.0
AC068491.2,0.0
AC068491.3,0.0
AC068492.1,0.0
AC068499.10,0.0
AC068506.1,0.0
AC068522.4,0.253644744093139
AC068533.1,0.0
AC068533.7,0.0
AC068535.2,0.0
AC068535.3,0.0
AC068535.4,0.0
AC068535.5,0.0
AC068538.2,0.0
AC068538.4,0.0
AC068542.1,0.5288907918624668
AC068542.2,1.664793942489872
AC068570.1,0.0
AC068580.1,0.0
AC068580.5,0.0
AC068580.6,0.0
AC068580.7,0.0
AC068587.1,0.0
AC068587.2,0.0
AC068610.3,0.0
AC068610.5,0.0
AC068620.1,0.253644744093139
AC068641.1,0.0
AC068643.1,0.0
AC068657.2,0.0
AC068669.1,0.0
AC068704.1,0.0
AC068706.1,0.0
AC068706.2,0.0
AC068718.1,0.0
AC068718.2,0.0
AC068754.1,0.0
AC068831.10,0.0
AC068831.11,0.0
AC068831.12,0.0
AC068831.15,0.0
AC068831.3,0.0
AC068831.6,0.0
AC068858.1,0.0
AC068896.1,0.0
AC068946.1,0.0
AC068987.1,0.0
AC069067.1,0.0
AC069067.2,0.0
AC069082.1,0.0
AC069154.4,0.0
AC069155.1,0.0
AC069157.1,0.0
AC069200.1,0.0
AC069213.1,0.0
AC069213.4,0.0
AC069227.1,0.0
AC069240.1,0.0
AC069243.1,0.0
AC069257.6,0.0
AC069257.8,0.0
AC069276.1,0.0
AC069277.2,0.0
AC069278.4,0.0
AC069280.1,0.0
AC069282.6,0.0
AC069285.1,0.0
AC069286.1,0.0
AC069287.1,0.0
AC069294.1,0.0
AC069303.1,0.0
AC069363.1,0.0
AC069368.3,0.0
AC069394.1,0.0
AC069513.4,0.0
AC069547.1,0.0
AC069547.2,0.0
AC072031.1,0.0
AC072052.7,0.0
AC072061.2,0.0
AC072062.1,0.0
AC072062.3,0.0
AC073043.1,0.0
AC073046.25,0.0
AC073052.1,0.0
AC073055.2,0.0
AC073063.1,0.0
AC073063.10,0.0
AC073065.3,0.0
AC073069.2,0.0
AC073071.1,0.0
AC073072.5,0.0
AC073072.6,0.0
AC073072.7,0.0
AC073082.3,0.0
AC073089.1,0.0
AC073091.2,0.0
AC073094.4,0.0
AC073107.1,0.0
AC073109.2,0.0
AC073115.6,0.0
AC073115.7,0.0
AC073127.1,0.0
AC073128.10,0.0
AC073130.1,0.0
AC073130.3,0.0
AC073133.1,0.0
AC073133.2,0.0
AC073135.3,0.0
AC073135.4,0.0
AC073135.7,0.0
AC073136.1,0.0
AC073143.1,0.0
AC073150.6,0.0
AC073188.1,0.0
AC073215.1,0.0
AC073218.1,0.0
AC073218.2,0.0
AC073218.3,0.0
AC073236.3,0.0
AC073254.1,0.0
AC073255.1,0.0
AC073257.1,0.0
AC073257.2,0.0
AC073264.10,0.0
AC073264.6,0.0
AC073271.1,0.0
AC073283.4,0.0
AC073283.7,0.0
AC073284.4,0.0
AC073310.4,0.0
AC073316.1,0.0
AC073316.2,0.0
AC073320.1,0.0
AC073321.3,0.0
AC073321.4,0.0
AC073325.1,0.0
AC073325.2,0.0
AC073331.2,0.0
AC073333.1,0.0
AC073333.8,0.0
AC073342.1,0.0
AC073342.12,0.0
AC073343.1,1.887355901089917
AC073343.13,1.6721850324842915
AC073343.2,0.0
AC073387.2,0.0
AC073409.1,0.0
AC073410.1,0.6960356275201428
AC073415.2,1.3349544931480026
AC073416.1,0.0
AC073464.10,0.0
AC073464.11,0.0
AC073464.11,0.0
AC073464.4,0.0
AC073464.4,0.0
AC073464.6,0.0
AC073464.6,0.0
AC073464.7,0.0
AC073464.7,0.0
AC073465.1,0.0
AC073465.2,0.0
AC073465.3,0.0
AC073479.1,0.9105921305334987
AC073508.1,0.0
AC073528.1,0.0
AC073551.1,0.0
AC073569.1,0.0
AC073587.1,0.0
AC073597.1,0.0
AC073610.5,0.0
AC073621.2,0.0
AC073626.2,0.0
AC073628.1,0.0
AC073635.5,0.0
AC073636.1,0.0
AC073641.2,0.0
AC073647.1,0.0
AC073647.2,0.0
AC073648.1,0.0
AC073657.1,0.0
AC073834.3,0.0
AC073842.18,0.0
AC073842.19,0.0
AC073850.6,0.0
AC073869.1,0.0
AC073869.10,0.0
AC073869.13,0.0
AC073869.19,0.0
AC073869.2,0.0
AC073869.20,0.0
AC073869.7,0.0
AC073869.8,0.0
AC073900.4,0.0
AC073928.2,0.0
AC073934.6,0.0
AC073940.1,0.0
AC073957.15,0.0
AC073958.2,0.0
AC073973.1,0.0
AC073987.1,0.0
AC073987.2,0.0
AC074008.1,0.0
AC074011.2,0.0
AC074019.1,0.0
AC074019.2,0.0
AC074035.1,0.0
AC074051.1,0.0
AC074091.1,0.0
AC074091.13,0.0
AC074117.10,0.253644744093139
AC074117.13,0.0
AC074121.4,0.0
AC074129.1,0.0
AC074138.3,0.0
AC074183.4,0.0
AC074212.3,0.0
AC074212.5,0.0
AC074212.6,0.0
AC074264.1,0.0
AC074286.1,0.0
AC074289.1,0.0
AC074290.1,0.0
AC074323.1,0.0
AC074338.4,0.0
AC074338.5,0.0
AC074363.1,0.0
AC074366.3,0.0
AC074367.1,0.0
AC074375.1,0.0
AC074378.1,0.0
AC074389.1,0.0
AC074389.5,0.0
AC074389.6,0.0
AC074389.7,0.0
AC074389.9,0.0
AC074391.1,0.0
AC074391.2,0.0
AC078785.1,0.0
AC078794.1,0.0
AC078816.1,0.0
AC078819.1,0.0
AC078828.1,0.0
AC078842.3,0.0
AC078842.4,0.0
AC078851.1,0.0
AC078851.2,0.0
AC078852.1,0.0
AC078852.2,0.0
AC078855.1,0.0
AC078864.1,0.0
AC078864.2,0.0
AC078881.1,0.0
AC078882.1,0.0
AC078883.3,0.0
AC078883.4,0.0
AC078889.1,0.0
AC078899.1,0.0
AC078899.1,0.0
AC078899.2,0.0
AC078899.2,0.0
AC078899.3,0.0
AC078899.3,0.0
AC078899.4,0.0
AC078899.4,0.0
AC078899.5,0.0
AC078899.6,0.0
AC078899.7,0.0
AC078899.8,0.0
AC078917.1,0.0
AC078925.1,0.0
AC078941.1,0.0
AC078942.1,0.0
AC078974.2,0.0
AC078988.1,0.0
AC078993.1,0.0
AC078994.2,0.0
AC079005.1,0.0
AC079080.1,0.0
AC079112.1,0.0
AC079117.1,0.0
AC079117.2,0.0
AC079117.3,0.0
AC079135.1,0.0
AC079140.1,0.0
AC079140.2,0.0
AC079145.4,0.0
AC079150.2,0.0
AC079150.3,0.0
AC079154.1,0.0
AC079163.1,0.0
AC079199.2,0.0
AC079210.1,0.0
AC079233.1,0.0
AC079235.1,0.0
AC079248.1,0.0
AC079250.1,0.0
AC079298.1,0.0
AC079305.10,0.0
AC079305.11,0.0
AC079305.5,0.0
AC079305.8,0.0
AC079325.5,0.0
AC079325.6,0.0
AC079340.1,0.0
AC079341.1,0.0
AC079354.1,0.5288907918624668
AC079354.2,0.0
AC079354.3,0.0
AC079354.5,0.0
AC079354.6,0.0
AC079395.1,0.0
AC079398.1,0.0
AC079412.1,0.0
AC079448.1,0.0
AC079466.1,0.0
AC079467.1,0.0
AC079584.2,0.0
AC079586.1,0.0
AC079602.1,0.0
AC079603.1,0.0
AC079610.1,0.0
AC079610.2,0.0
AC079612.1,0.0
AC079612.2,0.0
AC079613.1,0.0
AC079630.2,0.0
AC079630.4,0.0
AC079741.2,0.0
AC079742.4,0.0
AC079753.1,0.0
AC079753.4,0.0
AC079753.5,0.0
AC079756.1,0.0
AC079767.3,0.0
AC079767.4,0.0
AC079772.1,0.0
AC079776.1,0.0
AC079776.2,0.0
AC079776.3,0.0
AC079776.4,0.0
AC079776.6,0.0
AC079776.7,0.0
AC079779.4,0.0
AC079779.5,0.0
AC079779.6,0.0
AC079779.7,0.0
AC079780.3,0.0
AC079781.1,0.0
AC079781.5,0.0
AC079781.7,0.0
AC079781.8,0.0
AC079790.2,0.0
AC079799.2,0.0
AC079804.1,0.0
AC079804.2,0.0
AC079807.1,0.0
AC079807.2,0.0
AC079807.3,0.0
AC079807.4,0.0
AC079809.2,0.0
AC079834.1,0.0
AC079834.2,0.0
AC079896.1,0.0
AC079922.2,0.0
AC079922.3,0.0
AC079949.1,0.253644744093139
AC079987.2,0.0
AC079988.3,0.0
AC080002.1,0.0
AC080008.1,0.0
AC080032.1,0.0
AC080037.1,0.0
AC080080.1,0.0
AC080094.1,0.0
AC080125.1,0.0
AC083760.1,0.0
AC083799.1,0.0
AC083810.1,0.0
AC083811.1,0.0
AC083822.2,0.0
AC083829.1,0.0
AC083843.1,1.7817191880906658
AC083843.2,0.0
AC083843.3,0.0
AC083855.5,0.0
AC083862.1,0.0
AC083862.6,0.0
AC083863.5,0.0
AC083864.3,0.0
AC083867.4,0.0
AC083873.4,0.0
AC083875.1,0.0
AC083875.2,0.0
AC083884.8,0.0
AC083899.1,0.0
AC083899.3,0.0
AC083900.1,0.0
AC083906.1,0.0
AC083906.2,0.0
AC083908.1,0.0
AC083939.1,0.0
AC083949.1,0.0
AC084010.1,0.0
AC084018.1,0.4127178969233909
AC084082.3,0.0
AC084117.3,0.0
AC084121.14,0.0
AC084121.16,0.0
AC084121.17,0.0
AC084125.1,0.0
AC084125.2,0.0
AC084125.3,0.0
AC084125.4,0.0
AC084149.1,0.0
AC084149.2,0.0
AC084193.1,0.0
AC084209.1,0.0
AC084219.3,0.0
AC084219.4,0.0
AC084262.1,0.0
AC084262.2,0.0
AC084262.3,0.0
AC084290.2,0.0
AC084357.1,0.0
AC084368.1,0.0
AC084809.2,0.0
AC084809.3,0.0
AC084859.1,0.0
AC084872.1,0.0
AC084882.1,0.0
AC087069.1,0.0
AC087073.1,0.0
AC087163.2,0.0
AC087163.3,0.0
AC087203.1,0.0
AC087237.1,0.0
AC087239.1,0.0
AC087269.1,0.0
AC087269.2,0.0
AC087294.2,0.0
AC087380.14,0.0
AC087392.1,0.0
AC087393.1,0.0
AC087430.1,0.0
AC087431.1,0.0
AC087433.1,0.0
AC087477.1,0.0
AC087491.2,0.0
AC087499.10,0.0
AC087499.4,0.0
AC087499.5,0.0
AC087499.7,0.0
AC087499.8,0.0
AC087499.9,0.0
AC087501.1,0.0
AC087645.1,0.0
AC087650.1,0.0
AC087738.1,0.0
AC087793.1,0.0
AC087897.1,0.0
AC089999.1,0.0
AC090015.1,0.0
AC090018.1,0.0
AC090043.1,0.0
AC090044.1,0.0
AC090044.2,0.0
AC090051.1,0.0
AC090079.1,0.0
AC090099.1,0.0
AC090099.2,0.0
AC090103.1,0.0
AC090133.1,0.0
AC090150.1,0.0
AC090186.1,0.0
AC090206.1,0.0
AC090283.3,0.0
AC090286.2,0.0
AC090286.4,0.0
AC090324.1,0.0
AC090340.1,0.0
AC090349.1,0.0
AC090420.1,0.0
AC090425.1,0.0
AC090427.1,0.0
AC090453.1,0.0
AC090505.1,0.0
AC090505.4,0.0
AC090505.5,0.0
AC090505.6,0.0
AC090519.1,0.0
AC090519.2,0.0
AC090519.3,0.0
AC090519.4,0.0
AC090519.5,0.0
AC090519.6,0.0
AC090519.7,0.0
AC090559.1,0.0
AC090559.2,0.0
AC090571.1,0.0
AC090573.1,0.0
AC090574.1,0.0
AC090587.2,0.0
AC090587.4,0.0
AC090587.5,0.0
AC090602.2,0.0
AC090616.2,0.0
AC090617.1,0.0
AC090625.1,0.0
AC090627.1,0.0
AC090644.1,0.0
AC090660.1,0.0
AC090666.1,0.0
AC090673.1,0.0
AC090673.2,0.0
AC090692.1,0.0
AC090696.2,0.0
AC090720.1,0.0
AC090774.2,0.0
AC090804.1,0.253644744093139
AC090825.1,0.0
AC090825.2,0.0
AC090841.1,1.6721850324842915
AC090939.1,0.0
AC090945.1,0.0
AC090952.5,0.0
AC090953.1,0.0
AC090954.1,0.0
AC090954.5,0.0
AC090955.5,0.0
AC090957.2,0.0
AC090958.5,0.0
AC090958.5,0.0
AC090960.1,0.0
AC091038.1,0.0
AC091042.1,0.0
AC091043.1,0.0
AC091069.1,0.0
AC091096.1,0.0
AC091132.1,0.0
AC091132.2,0.0
AC091133.1,0.0
AC091150.1,0.0
AC091153.4,0.0
AC091167.1,0.0
AC091167.3,0.0
AC091171.1,0.0
AC091177.1,0.0
AC091178.1,0.0
AC091199.1,0.0
AC091304.1,0.0
AC091320.1,0.0
AC091320.2,0.0
AC091321.1,0.0
AC091390.1,0.0
AC091390.2,0.0
AC091487.1,0.0
AC091492.2,0.253644744093139
AC091493.1,0.0
AC091493.2,0.0
AC091517.1,0.0
AC091559.1,0.0
AC091565.1,0.0
AC091633.2,0.0
AC091633.3,0.0
AC091643.1,0.0
AC091652.2,0.0
AC091654.7,0.0
AC091697.1,0.0
AC091705.1,0.0
AC091705.2,0.0
AC091729.7,0.0
AC091729.8,0.0
AC091729.9,0.0
AC091736.1,0.0
AC091738.1,0.0
AC091738.2,0.0
AC091738.3,0.0
AC091770.3,0.0
AC091801.1,0.0
AC091813.2,0.0
AC091814.2,0.0
AC091814.3,0.0
AC091866.1,0.0
AC091878.1,0.0
AC091948.1,0.0
AC091962.3,0.0
AC091969.1,0.0
AC092013.1,0.0
AC092017.1,0.0
AC092022.1,0.0
AC092038.1,0.0
AC092038.2,0.0
AC092048.1,0.0
AC092066.6,0.0
AC092069.1,0.0
AC092071.1,0.0
AC092104.1,0.0
AC092104.2,0.0
AC092104.3,0.0
AC092104.4,0.0
AC092104.5,0.0
AC092106.1,0.0
AC092106.2,0.0
AC092111.1,0.0
AC092117.1,0.0
AC092117.2,0.0
AC092118.1,0.0
AC092122.1,0.0
AC092122.2,0.0
AC092143.1,0.0
AC092155.1,0.0
AC092155.4,0.0
AC092156.3,0.0
AC092159.2,0.0
AC092159.3,0.0
AC092162.1,0.0
AC092162.2,0.0
AC092168.2,0.0
AC092168.3,0.0
AC092168.4,0.0
AC092170.1,0.0
AC092171.2,0.0
AC092171.4,0.0
AC092174.1,0.0
AC092192.1,0.0
AC092198.1,0.0
AC092265.1,0.0
AC092287.1,0.0
AC092289.1,0.0
AC092291.1,0.0
AC092291.2,0.0
AC092295.4,0.0
AC092295.7,0.0
AC092296.1,0.0
AC092299.6,0.0
AC092299.7,0.0
AC092299.8,0.0
AC092301.3,0.4127178969233909
AC092316.1,0.0
AC092316.2,0.0
AC092329.1,0.0
AC092332.1,0.0
AC092338.5,0.0
AC092364.1,0.0
AC092364.2,0.0
AC092364.3,0.0
AC092364.4,0.0
AC092377.1,0.0
AC092380.1,0.0
AC092384.1,0.0
AC092415.1,0.0
AC092421.1,0.0
AC092431.2,0.0
AC092431.3,0.0
AC092463.1,0.0
AC092484.1,0.0
AC092535.3,0.0
AC092566.1,0.0
AC092566.1,0.0
AC092568.1,0.0
AC092569.2,0.0
AC092570.1,0.0
AC092570.2,0.0
AC092570.3,0.0
AC092570.4,0.0
AC092573.2,0.0
AC092574.1,0.0
AC092574.2,0.0
AC092574.3,0.0
AC092574.4,0.0
AC092576.1,0.0
AC092578.1,0.0
AC092580.1,0.0
AC092580.2,0.0
AC092580.3,0.0
AC092580.4,0.0
AC092594.1,0.0
AC092597.3,0.0
AC092601.1,0.0
AC092610.12,0.0
AC092614.2,0.0
AC092619.1,0.0
AC092620.2,0.0
AC092620.3,0.0
AC092625.1,0.0
AC092628.3,0.0
AC092634.1,0.0
AC092634.2,0.0
AC092635.1,0.0
AC092638.1,0.0
AC092638.2,0.0
AC092641.2,0.0
AC092642.1,0.0
AC092646.1,0.0
AC092646.2,0.0
AC092646.3,0.0
AC092651.1,0.0
AC092652.1,0.0
AC092653.5,0.0
AC092657.2,0.0
AC092660.1,0.0
AC092661.1,0.0
AC092662.2,0.0
AC092662.6,0.0
AC092664.1,0.0
AC092667.2,0.0
AC092669.2,0.0
AC092669.3,0.0
AC092669.6,0.0
AC092675.1,0.0
AC092675.3,0.0
AC092675.4,0.0
AC092684.1,0.0
AC092685.1,0.0
AC092687.3,0.0
AC092687.4,0.0
AC092687.5,0.0
AC092724.1,0.0
AC092745.1,0.0
AC092755.4,0.0
AC092756.1,0.0
AC092757.1,0.0
AC092765.1,0.0
AC092782.1,0.0
AC092786.1,0.0
AC092796.1,0.0
AC092798.1,0.0
AC092798.2,0.0
AC092811.1,0.0
AC092812.1,0.0
AC092832.1,0.0
AC092835.2,0.0
AC092839.1,0.0
AC092839.3,0.0
AC092839.4,0.0
AC092841.1,0.0
AC092846.1,0.0
AC092846.2,0.0
AC092849.1,0.0
AC092850.1,0.0
AC092865.1,0.0
AC092865.2,0.0
AC092902.1,0.0
AC092905.1,0.0
AC092925.1,0.0
AC092933.3,0.0
AC092933.4,0.0
AC092958.1,0.0
AC092962.1,0.0
AC092964.1,0.0
AC092964.2,0.0
AC092965.1,0.0
AC092988.1,0.0
AC092989.1,0.0
AC093004.1,0.0
AC093063.2,0.0
AC093063.3,0.0
AC093074.1,0.0
AC093084.1,0.0
AC093106.4,0.0
AC093106.5,0.0
AC093106.6,0.0
AC093106.7,0.0
AC093107.7,0.0
AC093110.3,0.0
AC093142.2,0.0
AC093157.1,0.0
AC093159.1,0.0
AC093162.1,0.0
AC093162.3,0.0
AC093162.5,0.0
AC093165.1,0.0
AC093166.1,0.0
AC093166.2,0.0
AC093166.3,0.0
AC093166.4,0.0
AC093267.1,0.0
AC093304.1,0.0
AC093311.1,0.0
AC093323.1,0.0
AC093323.3,0.0
AC093326.1,0.0
AC093326.2,0.0
AC093326.3,0.0
AC093334.1,0.0
AC093375.1,0.0
AC093376.1,0.0
AC093381.2,0.0
AC093382.1,0.0
AC093388.3,0.0
AC093390.1,0.4127178969233909
AC093391.2,0.0
AC093415.2,2.0585666748363742
AC093430.1,0.0
AC093484.4,0.0
AC093495.4,0.0
AC093509.2,0.0
AC093510.1,0.0
AC093515.1,0.0
AC093577.1,0.0
AC093585.6,0.0
AC093590.1,0.0
AC093602.1,0.0
AC093609.1,0.0
AC093611.1,0.0
AC093611.2,0.0
AC093616.4,0.0
AC093620.5,0.0
AC093627.10,0.0
AC093627.11,0.0
AC093627.12,0.0
AC093627.7,0.0
AC093627.8,0.0
AC093627.9,0.0
AC093628.1,0.0
AC093639.1,0.0
AC093642.3,0.0
AC093642.4,0.0
AC093642.5,0.0
AC093642.6,0.0
AC093668.1,0.0
AC093668.2,0.0
AC093668.3,0.0
AC093673.5,0.0
AC093677.1,0.0
AC093680.1,0.0
AC093690.1,0.9105921305334987
AC093698.1,0.0
AC093698.2,0.0
AC093698.4,0.0
AC093700.1,0.0
AC093702.1,0.0
AC093716.1,0.0
AC093724.2,0.0
AC093732.1,0.0
AC093734.1,0.0
AC093766.1,0.0
AC093786.1,0.0
AC093787.1,0.0
AC093788.1,0.0
AC093802.1,0.0
AC093807.1,0.0
AC093816.1,0.0
AC093817.1,0.0
AC093818.1,0.0
AC093822.1,0.0
AC093824.1,0.0
AC093838.4,0.0
AC093843.1,0.0
AC093844.1,0.0
AC093847.1,0.0
AC093850.1,0.0
AC093850.2,0.0
AC093865.1,0.0
AC093874.1,0.0
AC093875.1,0.0
AC093887.1,0.0
AC093897.1,0.0
AC093899.3,0.0
AC093901.1,0.0
AC093911.1,0.0
AC094019.4,0.0
AC095030.1,0.0
AC095061.1,0.0
AC095064.1,0.0
AC095067.1,0.0
AC096509.1,0.0
AC096534.1,0.0
AC096546.1,0.0
AC096553.5,0.0
AC096554.1,0.0
AC096558.1,0.0
AC096559.1,0.0
AC096559.2,0.0
AC096568.3,0.0
AC096570.1,0.0
AC096570.2,0.0
AC096574.4,0.0
AC096574.5,0.0
AC096579.1,0.0
AC096579.13,0.0
AC096579.7,0.0
AC096582.1,0.0
AC096582.7,0.0
AC096582.8,0.0
AC096582.9,0.0
AC096633.1,0.0
AC096643.1,0.0
AC096644.1,0.0
AC096645.1,0.0
AC096649.1,0.0
AC096649.2,0.0
AC096649.3,0.253644744093139
AC096649.4,0.0
AC096655.2,0.0
AC096664.1,0.0
AC096664.2,0.0
AC096664.3,0.0
AC096669.1,0.0
AC096669.2,0.0
AC096669.3,0.0
AC096670.3,0.0
AC096677.1,0.0
AC096732.2,0.0
AC096753.1,0.0
AC096763.1,0.0
AC096772.6,0.0
AC096775.2,0.0
AC096887.1,0.0
AC096921.2,0.0
AC096922.1,0.0
AC096951.1,0.0
AC096971.1,0.0
AC097015.1,0.0
AC097015.2,0.0
AC097103.1,0.0
AC097359.1,0.0
AC097359.2,0.0
AC097361.1,0.0
AC097372.1,0.0
AC097374.2,0.0
AC097374.2,0.0
AC097374.3,0.0
AC097374.3,0.0
AC097374.4,0.0
AC097374.4,0.0
AC097381.1,0.0
AC097382.1,0.0
AC097382.5,0.0
AC097452.1,0.0
AC097455.1,0.0
AC097461.4,0.0
AC097463.1,0.0
AC097463.2,0.0
AC097467.2,0.0
AC097468.4,0.0
AC097468.7,0.0
AC097470.1,0.0
AC097473.1,0.0
AC097493.1,0.0
AC097495.2,0.0
AC097495.3,0.0
AC097499.1,0.0
AC097499.2,0.0
AC097500.2,0.0
AC097506.1,0.0
AC097523.1,0.0
AC097523.2,0.0
AC097523.3,0.0
AC097532.2,0.0
AC097533.1,0.0
AC097635.4,0.0
AC097635.5,0.0
AC097639.1,0.0
AC097639.8,0.0
AC097658.1,0.0
AC097662.2,0.0
AC097711.1,0.0
AC097713.2,0.0
AC097713.3,0.0
AC097713.4,0.0
AC097713.5,0.0
AC097721.1,0.0
AC097721.2,0.0
AC097724.3,0.0
AC098474.1,0.0
AC098592.6,0.0
AC098592.7,0.0
AC098592.8,0.0
AC098612.1,0.0
AC098614.1,0.0
AC098614.2,0.0
AC098614.3,0.0
AC098617.1,0.0
AC098649.1,0.0
AC098650.1,0.0
AC098680.1,0.0
AC098784.1,0.0
AC098784.1,0.0
AC098784.1,0.0
AC098784.1,0.0
AC098784.1,0.0
AC098784.2,0.0
AC098789.1,0.0
AC098789.1,0.0
AC098789.1,0.0
AC098789.1,0.0
AC098789.1,0.0
AC098817.3,0.0
AC098817.5,0.0
AC098820.2,0.0
AC098820.3,0.0
AC098820.4,0.0
AC098823.3,0.0
AC098824.6,0.0
AC098826.4,0.0
AC098826.5,0.0
AC098828.2,0.0
AC098828.3,0.0
AC098830.1,0.0
AC098831.4,0.0
AC098847.1,0.0
AC098848.1,0.0
AC098869.1,0.0
AC098870.1,0.0
AC098872.3,0.0
AC098973.1,0.0
AC098973.2,0.0
AC099048.1,0.0
AC099326.1,0.0
AC099332.1,0.0
AC099339.1,0.0
AC099342.1,0.0
AC099344.1,0.0
AC099344.2,0.0
AC099344.3,0.0
AC099506.1,0.0
AC099522.1,0.0
AC099522.2,0.0
AC099535.1,0.0
AC099535.4,0.0
AC099537.1,0.0
AC099539.1,0.0
AC099540.1,0.0
AC099545.1,0.0
AC099552.2,0.0
AC099552.3,0.0
AC099552.4,0.0
AC099668.5,0.0
AC099669.1,0.0
AC099684.1,0.0
AC099754.1,0.0
AC099757.1,0.0
AC099759.1,0.0
AC099778.1,0.0
AC099791.1,0.0
AC099796.1,0.0
AC099799.1,0.0
AC099805.1,0.0
AC099850.1,0.0
AC100756.1,0.0
AC100757.1,0.0
AC100767.1,0.0
AC100787.1,0.0
AC100791.1,0.0
AC100791.2,0.0
AC100802.3,0.0
AC100817.1,0.0
AC100830.3,0.0
AC100830.4,0.0
AC100830.5,0.0
AC100832.1,0.0
AC100848.1,0.0
AC100852.1,0.0
AC100852.2,0.0
AC102948.2,0.0
AC102953.4,0.0
AC102953.6,0.0
AC103563.2,0.0
AC103563.3,0.0
AC103563.4,0.0
AC103563.5,0.0
AC103563.6,0.0
AC103563.7,0.0
AC103563.8,0.0
AC103563.9,0.0
AC103564.6,0.0
AC103564.7,0.0
AC103564.9,0.0
AC103686.1,0.0
AC103740.1,0.0
AC103794.1,0.0
AC103801.1,0.0
AC103801.2,0.0
AC103809.1,0.0
AC103809.2,0.0
AC103816.1,0.0
AC103828.1,0.0
AC103863.1,0.0
AC103881.1,0.0
AC103965.1,0.0
AC103974.1,0.0
AC103996.1,0.0
AC104012.1,0.0
AC104024.1,0.0
AC104024.2,0.0
AC104037.1,0.0
AC104057.1,0.0
AC104057.2,0.0
AC104058.1,0.0
AC104066.1,0.0
AC104076.2,0.0
AC104076.3,0.0
AC104088.1,0.0
AC104113.3,0.0
AC104131.1,0.0
AC104133.1,0.0
AC104134.2,0.0
AC104135.2,0.0
AC104135.3,0.0
AC104135.4,0.0
AC104169.1,0.0
AC104183.1,0.0
AC104297.1,0.0
AC104304.1,0.0
AC104304.2,0.253644744093139
AC104306.1,0.0
AC104306.2,0.0
AC104306.4,0.0
AC104308.2,0.0
AC104331.1,0.0
AC104387.1,0.0
AC104389.16,0.0
AC104389.28,0.0
AC104389.31,0.0
AC104389.32,0.0
AC104395.1,0.0
AC104395.2,0.0
AC104405.1,0.0
AC104417.1,0.0
AC104434.1,0.0
AC104438.1,0.0
AC104441.1,0.0
AC104448.1,0.0
AC104451.2,0.0
AC104457.1,0.0
AC104458.1,0.0
AC104472.1,0.0
AC104532.2,0.0
AC104532.3,0.0
AC104532.4,0.0
AC104534.2,0.0
AC104534.3,0.0
AC104592.1,0.0
AC104600.1,0.0
AC104623.2,0.0
AC104634.2,0.0
AC104634.3,0.0
AC104637.1,0.0
AC104651.1,0.0
AC104651.2,0.0
AC104651.3,0.0
AC104653.1,0.0
AC104654.1,0.0
AC104654.2,0.0
AC104655.2,0.0
AC104655.3,0.0
AC104667.3,0.0
AC104687.1,0.0
AC104695.3,0.0
AC104695.4,0.0
AC104697.1,0.0
AC104698.1,0.0
AC104698.2,0.0
AC104699.1,0.0
AC104772.1,0.0
AC104777.1,0.0
AC104777.2,0.0
AC104777.3,0.0
AC104777.4,0.0
AC104781.1,0.0
AC104782.3,0.0
AC104794.4,0.0
AC104801.1,0.0
AC104802.1,0.0
AC104809.2,0.0
AC104809.3,0.0
AC104809.4,0.0
AC104820.2,0.0
AC104837.1,0.0
AC104841.1,0.0
AC104841.2,0.0
AC104843.3,0.0
AC104843.4,0.0
AC104978.1,0.0
AC104984.4,0.0
AC104986.1,0.0
AC104996.1,0.0
AC105020.1,0.0
AC105030.1,0.0
AC105036.1,0.0
AC105049.1,0.0
AC105052.1,0.0
AC105053.3,0.0
AC105053.4,0.0
AC105081.1,0.0
AC105105.1,0.0
AC105206.1,0.0
AC105227.1,0.0
AC105242.1,0.0
AC105245.1,0.0
AC105247.1,0.0
AC105252.1,0.0
AC105253.1,0.0
AC105316.1,0.0
AC105339.1,0.0
AC105339.2,0.0
AC105342.1,0.0
AC105344.2,0.0
AC105381.1,0.0
AC105393.1,0.0
AC105393.2,0.0
AC105398.1,0.0
AC105398.3,0.0
AC105399.2,0.9509808635159877
AC105402.1,0.0
AC105402.2,0.0
AC105402.3,0.0
AC105402.4,0.0
AC105443.2,0.0
AC105461.1,0.0
AC105760.2,0.0
AC105760.3,0.0
AC105761.1,0.0
AC105914.1,0.0
AC105921.5,0.0
AC105941.1,0.0
AC106017.1,0.0
AC106053.1,0.0
AC106706.1,0.0
AC106732.1,0.0
AC106736.1,0.0
AC106753.1,0.0
AC106771.1,0.0
AC106775.1,0.0
AC106782.20,0.0
AC106786.1,0.0
AC106795.1,0.6204550963106681
AC106801.1,0.0
AC106827.1,0.0
AC106827.2,0.0
AC106860.1,0.0
AC106869.2,0.0
AC106870.1,0.0
AC106870.2,0.0
AC106873.4,0.0
AC106874.1,0.0
AC106874.3,0.0
AC106875.1,0.0
AC106876.2,0.0
AC106878.1,0.0
AC106883.1,0.0
AC106899.1,0.0
AC106900.6,0.0
AC106901.1,0.0
AC107016.1,0.0
AC107016.2,0.0
AC107020.1,0.0
AC107021.1,0.0
AC107025.1,0.0
AC107057.1,0.0
AC107057.2,0.0
AC107068.1,0.0
AC107070.1,0.0
AC107072.2,0.0
AC107079.1,0.0
AC107081.5,0.0
AC107083.1,0.0
AC107218.3,0.0
AC107399.1,0.0
AC107399.2,0.0
AC107613.1,0.0
AC107622.1,0.0
AC107871.1,0.0
AC107890.1,0.0
AC107982.4,0.6960356275201428
AC107983.4,0.253644744093139
AC107993.1,0.0
AC108004.1,0.0
AC108004.2,0.0
AC108004.2,0.0
AC108004.2,0.0
AC108004.3,0.0
AC108004.3,0.0
AC108004.4,0.0
AC108004.5,0.0
AC108025.2,0.0
AC108032.1,0.0
AC108039.1,0.0
AC108039.3,0.0
AC108051.1,0.0
AC108051.2,0.0
AC108051.3,0.0
AC108056.1,0.0
AC108057.1,0.0
AC108059.1,0.0
AC108059.2,0.0
AC108059.4,0.0
AC108066.1,0.0
AC108078.1,0.0
AC108105.1,0.0
AC108137.1,0.0
AC108142.1,0.0
AC108211.1,0.0
AC108218.1,0.0
AC108448.2,0.0
AC108448.3,0.0
AC108456.1,0.0
AC108462.1,0.0
AC108463.1,0.0
AC108463.2,0.0
AC108479.1,0.0
AC108479.2,0.0
AC108488.3,0.0
AC108488.4,0.0
AC108519.1,0.0
AC108676.1,1.3349544931480026
AC108683.1,0.0
AC108696.1,0.0
AC108697.1,0.0
AC108721.1,0.0
AC108721.2,0.0
AC108739.1,0.0
AC108861.1,0.0
AC108865.1,0.0
AC108867.1,0.0
AC108868.1,0.0
AC108868.3,0.0
AC108868.5,0.0
AC108868.6,0.0
AC108938.2,0.0
AC108938.3,0.0
AC109133.1,0.0
AC109135.1,1.6175933905056985
AC109309.4,0.0
AC109333.10,0.0
AC109335.1,0.0
AC109351.1,0.0
AC109357.1,0.0
AC109496.1,0.0
AC109583.1,0.0
AC109589.1,0.0
AC109631.1,0.0
AC109638.1,0.0
AC109642.1,0.0
AC109815.2,0.0
AC109826.1,0.0
AC109828.1,0.0
AC109829.1,0.0
AC109925.1,0.0
AC109992.1,0.0
AC109994.1,0.0
AC110056.1,0.0
AC110084.1,0.0
AC110086.1,0.0
AC110280.1,0.0
AC110283.1,0.0
AC110298.1,0.0
AC110299.5,0.0
AC110611.1,0.0
AC110615.1,0.0
AC110619.1,0.0
AC110619.2,0.0
AC110620.1,0.0
AC110620.2,0.0
AC110754.3,1.2843206418841475
AC110769.1,0.0
AC110769.3,0.0
AC110771.1,0.0
AC110781.3,0.0
AC110792.1,0.0
AC110794.1,0.0
AC110810.1,0.0
AC110813.1,0.0
AC110926.4,0.0
AC111155.1,0.0
AC111186.1,0.0
AC111194.1,0.0
AC111200.1,0.0
AC111200.2,0.0
AC111200.7,0.0
AC111200.8,0.0
AC112198.1,0.0
AC112198.2,0.0
AC112200.1,0.0
AC112205.1,0.0
AC112211.3,0.0
AC112218.1,0.0
AC112219.1,0.0
AC112220.2,0.0
AC112229.1,0.0
AC112229.4,0.0
AC112229.6,0.0
AC112229.7,0.0
AC112249.1,0.0
AC112504.1,0.0
AC112518.3,0.0
AC112693.1,0.0
AC112693.2,0.0
AC112715.2,0.0
AC112719.1,0.0
AC112721.1,0.0
AC112721.2,0.0
AC112778.1,0.0
AC113134.1,0.0
AC113167.1,0.0
AC113167.2,0.0
AC113171.1,0.0
AC113189.5,0.0
AC113195.1,0.0
AC113208.1,0.0
AC113331.9,0.0
AC113342.1,0.0
AC113407.1,0.0
AC113607.1,0.0
AC113607.2,0.0
AC113607.3,0.0
AC113608.1,0.0
AC113610.1,0.0
AC113612.1,0.0
AC113612.2,0.0
AC113617.1,0.0
AC113618.1,0.0
AC113618.2,0.0
AC114296.1,0.0
AC114491.1,0.0
AC114494.1,0.0
AC114494.2,0.0
AC114546.1,0.0
AC114730.11,0.0
AC114730.2,0.0
AC114730.3,0.0
AC114730.5,0.0
AC114730.7,0.0
AC114730.8,0.0
AC114737.3,0.0
AC114752.1,0.0
AC114752.2,0.0
AC114752.3,0.0
AC114755.2,0.0
AC114755.3,0.0
AC114755.4,0.0
AC114755.5,0.0
AC114755.7,0.0
AC114760.1,0.0
AC114763.1,0.0
AC114765.1,0.0
AC114765.2,0.0
AC114765.3,0.0
AC114776.1,0.0
AC114776.3,0.0
AC114783.1,0.0
AC114788.1,0.0
AC114788.2,0.0
AC114798.1,0.0
AC114803.3,0.0
AC114808.2,0.0
AC114808.3,0.0
AC114812.10,0.0
AC114812.5,0.0
AC114812.8,0.0
AC114812.9,0.0
AC114813.1,0.0
AC114814.2,0.0
AC114814.3,0.0
AC114814.4,0.0
AC114877.1,0.0
AC114877.3,0.0
AC114969.1,0.0
AC114973.1,0.0
AC115115.2,0.0
AC115115.3,0.0
AC115115.4,0.0
AC115283.1,0.0
AC115286.1,0.0
AC115522.3,0.0
AC115617.2,0.0
AC115617.2,0.0
AC115618.1,0.0
AC115618.2,0.0
AC116035.1,0.0
AC116035.2,0.0
AC116038.1,0.0
AC116038.2,0.0
AC116050.1,0.0
AC116154.1,0.0
AC116165.1,0.0
AC116345.1,0.0
AC116351.1,0.0
AC116351.2,0.0
AC116366.5,0.0
AC116366.6,0.0
AC116407.1,0.0
AC116407.2,0.0
AC116533.1,0.0
AC116533.2,0.0
AC116533.3,0.0
AC116553.1,0.0
AC116562.1,0.0
AC116562.2,0.0
AC116606.1,0.0
AC116609.1,0.0
AC116609.2,0.0
AC116609.3,0.0
AC116614.1,0.0
AC116655.1,0.0
AC117372.1,0.0
AC117395.1,0.0
AC117401.1,0.0
AC117422.1,0.0
AC117444.1,0.0
AC117479.1,0.0
AC117481.1,0.0
AC117490.2,0.0
AC117834.1,0.0
AC117947.1,0.0
AC118063.1,0.0
AC118138.2,0.0
AC118278.1,0.0
AC118282.1,0.0
AC118282.2,0.0
AC118282.3,0.0
AC118282.4,0.0
AC118344.1,0.0
AC118345.1,0.0
AC118345.2,0.0
AC118463.1,0.0
AC118653.2,0.0
AC118754.4,0.0
AC118758.1,0.0
AC118758.2,0.0
AC118758.3,0.0
AC118758.4,0.0
AC118758.5,0.0
AC118758.6,0.0
AC118758.7,0.0
AC118758.8,0.0
AC119403.1,0.0
AC119673.1,0.0
AC119674.1,0.0
AC119751.1,0.0
AC119751.2,0.0
AC119751.3,0.0
AC119751.4,0.0
AC119751.5,0.0
AC120045.1,0.0
AC120045.2,0.0
AC120120.1,0.0
AC120194.1,0.0
AC121157.1,0.0
AC121251.1,0.0
AC121332.1,0.0
AC121334.1,0.0
AC121336.1,0.0
AC121757.1,0.0
AC122129.1,1.9759159375793864
AC122136.1,0.0
AC122136.2,0.0
AC122714.1,0.0
AC122720.1,0.0
AC123023.1,0.0
AC123767.1,0.0
AC123768.1,0.0
AC123768.2,0.0
AC123768.3,0.0
AC123768.4,0.0
AC123788.1,0.0
AC123886.2,0.0
AC123900.2,0.0
AC124057.5,0.0
AC124309.1,0.0
AC124789.1,0.0
AC124789.1,0.0
AC124853.1,0.0
AC124861.1,0.0
AC124861.2,0.0
AC124890.1,0.0
AC124914.3,0.0
AC124944.3,0.0
AC124944.4,0.0
AC124944.5,0.0
AC124997.1,0.0
AC125232.1,0.0
AC125238.1,0.0
AC125238.2,0.0
AC125238.3,0.0
AC125387.1,0.0
AC125421.1,0.0
AC125634.1,0.0
AC126177.1,0.0
AC126182.1,0.0
AC126323.1,0.0
AC126327.5,0.0
AC126327.6,0.0
AC126339.1,0.0
AC126365.1,0.253644744093139
AC126614.1,0.0
AC126763.1,0.0
AC127032.1,0.0
AC127032.2,0.0
AC127032.3,0.0
AC127032.4,0.0
AC127032.5,0.0
AC127032.6,0.0
AC127383.1,0.0
AC127391.3,0.0
AC127496.1,0.0
AC127526.1,0.0
AC127904.2,0.0
AC128653.1,0.0
AC128677.3,0.0
AC128677.4,0.0
AC128709.1,0.0
AC128709.2,0.0
AC128709.3,0.0
AC128709.4,0.0
AC129492.6,0.0
AC129778.2,0.0
AC129778.5,0.0
AC129778.7,0.0
AC129929.5,0.0
AC130352.1,0.0
AC130360.1,0.0
AC130360.8,0.0
AC130365.1,0.0
AC130462.1,0.0
AC130464.1,0.0
AC130469.2,0.0
AC130469.2,0.0
AC130689.1,0.0
AC130689.5,0.0
AC130709.1,0.0
AC130710.1,0.0
AC130888.1,0.0
AC131011.1,0.0
AC131012.1,0.0
AC131025.8,0.0
AC131056.3,0.0
AC131056.5,0.0
AC131056.5,0.0
AC131056.6,0.0
AC131094.1,0.0
AC131097.3,0.0
AC131097.4,1.803921369136032
AC131160.1,0.0
AC131180.1,0.0
AC131180.3,0.0
AC131180.4,0.0
AC131213.1,0.0
AC131254.1,0.0
AC131280.1,0.0
AC131568.1,0.0
AC131571.1,0.0
AC131571.2,0.0
AC131935.1,0.0
AC131951.1,0.0
AC131971.1,0.0
AC132008.1,0.0
AC132068.1,0.0
AC132186.1,0.0
AC132192.1,0.0
AC132216.1,0.0
AC132217.4,0.0
AC132479.4,0.0
AC132515.1,0.0
AC132660.1,0.0
AC132803.1,0.0
AC132807.1,0.0
AC132872.1,0.0
AC132872.2,0.0
AC133041.1,0.0
AC133104.2,0.0
AC133106.2,1.7206743438370773
AC133141.1,0.0
AC133528.2,0.0
AC133633.1,0.0
AC133633.1,0.0
AC133633.2,0.0
AC133633.2,0.0
AC133644.3,0.0
AC133680.1,0.0
AC133749.1,0.0
AC133785.1,0.0
AC133965.1,0.0
AC134025.1,0.0
AC134300.1,0.0
AC134698.1,0.0
AC134729.1,0.0
AC134873.1,0.0
AC134873.1,0.0
AC134878.1,0.0
AC134878.2,0.0
AC134915.1,0.0
AC135048.1,0.0
AC135048.13,0.0
AC135050.1,0.0
AC135050.5,0.0
AC135178.1,0.0
AC135178.7,0.0
AC135776.1,0.0
AC135983.1,0.0
AC135983.2,0.0
AC135995.1,0.0
AC135999.2,0.0
AC136188.1,0.0
AC136289.1,0.0
AC136297.1,0.0
AC136365.1,0.0
AC136604.1,0.0
AC136698.1,0.0
AC136704.1,0.0
AC136896.1,0.0
AC136896.2,0.0
AC136932.1,0.0
AC136932.2,0.0
AC137056.1,0.0
AC137527.2,0.0
AC137590.1,0.0
AC137674.1,0.0
AC137674.2,0.0
AC137675.1,0.0
AC137723.5,0.0
AC137932.1,0.0
AC137932.5,0.0
AC137932.6,0.0
AC137934.1,0.0
AC138031.1,0.0
AC138031.2,0.0
AC138035.1,0.0
AC138035.2,0.9105921305334987
AC138123.1,0.0
AC138123.2,1.8549171766299344
AC138304.1,0.0
AC138393.1,0.0
AC138430.4,0.0
AC138472.4,0.0
AC138472.6,0.0
AC138517.1,0.0
AC138517.4,0.0
AC138517.5,0.0
AC138623.1,0.0
AC138647.1,0.0
AC138649.1,0.0
AC138655.1,1.4933759616707991
AC138655.4,0.0
AC138655.6,0.0
AC138688.1,0.253644744093139
AC138688.2,0.0
AC138688.3,0.0
AC138688.4,0.0
AC138688.5,0.0
AC138688.6,0.0
AC138710.1,0.0
AC138744.2,0.0
AC138744.2,0.0
AC138747.1,0.0
AC138747.2,0.0
AC138749.1,0.0
AC138749.2,0.0
AC138761.1,0.0
AC138783.11,0.0
AC138783.12,0.0
AC138783.13,0.0
AC138783.13,0.0
AC138827.1,0.0
AC138827.2,0.0
AC138951.1,0.0
AC138965.1,1.7461308297538636
AC138969.4,0.0
AC139085.1,0.0
AC139085.2,0.0
AC139099.1,0.0
AC139099.3,0.0
AC139099.4,0.0
AC139099.5,0.0
AC139099.6,0.0
AC139100.2,0.0
AC139100.3,0.0
AC139103.1,0.0
AC139143.2,0.0
AC139149.1,0.0
AC139426.1,0.0
AC139426.2,0.0
AC139451.1,0.0
AC139452.2,0.0
AC139453.1,0.0
AC139463.1,0.0
AC139530.1,0.0
AC139677.1,0.0
AC139677.10,0.0
AC139677.11,0.0
AC139677.2,0.0
AC139677.3,0.0
AC139677.4,0.0
AC139677.5,0.0
AC139677.6,0.0
AC139677.7,0.0
AC139677.8,0.0
AC139677.9,0.0
AC139712.1,0.0
AC139712.2,0.0
AC139712.4,0.0
AC139768.1,0.0
AC139887.4,0.0
AC139931.1,0.0
AC140061.1,0.0
AC140061.10,0.0
AC140061.11,0.0
AC140061.12,0.0
AC140061.2,0.0
AC140061.3,0.0
AC140061.4,0.0
AC140061.5,0.0
AC140061.6,0.0
AC140061.7,0.0
AC140061.8,0.0
AC140061.9,0.0
AC140076.1,0.253644744093139
AC140132.1,0.0
AC140479.1,0.0
AC140481.1,0.0
AC140481.2,0.0
AC140481.3,0.0
AC140481.4,0.0
AC140481.7,0.0
AC140481.8,0.0
AC140481.9,0.0
AC140542.2,0.0
AC140725.7,0.0
AC140912.1,1.9048594511354124
AC141586.5,0.253644744093139
AC141928.1,0.0
AC141930.2,0.0
AC142119.1,0.0
AC142293.3,0.0
AC142293.3,0.0
AC142381.1,0.0
AC142528.1,0.0
AC143336.1,0.0
AC144449.1,0.0
AC144450.1,0.0
AC144450.2,0.0
AC144521.1,0.0
AC144522.1,0.0
AC144525.1,0.0
AC144530.1,0.0
AC144568.2,0.0
AC144568.4,0.0
AC144573.1,0.0
AC144652.1,0.0
AC144831.1,0.253644744093139
AC144833.1,0.0
AC144835.1,0.0
AC144836.1,0.0
AC144838.2,0.0
AC144838.2,0.0
AC144838.3,0.0
AC144838.3,0.9509808635159877
AC145060.1,0.0
AC145110.1,0.0
AC145123.2,0.0
AC145124.1,0.0
AC145141.1,0.0
AC145141.2,0.0
AC145205.1,0.0
AC145212.1,0.0
AC145212.2,0.0
AC145212.3,0.0
AC145343.2,0.0
AC145343.2,0.0
AC145436.1,0.0
AC145676.2,0.0
AC147651.1,0.0
AC147651.2,0.0
AC147651.3,0.0
AC147651.4,0.0
AC147651.5,0.0
AC151960.1,0.0
AC151961.1,0.0
AC152005.1,0.0
AC152010.1,0.0
AC156455.1,0.0
AC159540.1,0.0
AC159540.14,0.0
AC159540.2,0.0
AC159540.3,0.0
AC174470.1,0.0
AC187652.1,0.0
AC190387.1,0.0
AC195454.1,0.0
AC207981.1,0.0
AC211429.1,0.0
AC211476.1,0.0
AC211486.1,0.0
AC215219.1,0.0
AC215219.2,0.0
AC217770.1,0.0
AC217770.2,0.0
AC217770.3,0.0
AC217772.1,0.5288907918624668
AC217775.1,0.0
AC217775.2,0.0
AC217778.1,0.0
AC217778.2,0.0
AC217778.3,0.0
AC217779.1,0.0
AC217779.2,0.4127178969233909
AC225613.1,0.0
AC225613.2,0.0
AC225613.3,0.0
AC225613.4,0.0
AC225613.5,0.0
AC225613.6,0.0
AC225613.7,0.0
AC225613.8,0.0
AC226118.1,0.0
AC226119.4,0.0
AC226119.5,0.0
AC226150.3,0.0
AC226150.4,0.0
AC231645.1,0.0
AC231656.1,0.0
AC231656.2,0.0
AC231657.1,0.0
AC232271.1,0.0
AC233263.1,0.0
AC233263.2,0.0
AC233287.1,0.0
AC233294.1,0.0
AC233297.1,0.0
AC233299.1,0.0
AC233300.1,0.0
AC233702.1,0.0
AC233728.1,0.0
AC233992.1,0.0
AC234063.1,0.0
AC234771.1,0.0
AC234771.2,0.0
AC234771.3,0.0
AC234783.1,0.0
AC234791.1,0.0
AC234917.1,0.0
AC235953.1,0.0
AC238894.1,0.0
AC239395.1,0.0
AC239798.1,0.0
AC239799.1,0.0
AC239802.1,0.0
AC239802.2,0.0
AC239803.1,0.0
AC239811.1,0.0
AC239811.2,1.1364750726028654
AC239859.1,0.0
AC239860.1,0.0
AC240441.1,0.0
AC240441.2,0.0
AC240565.1,0.0
AC240565.2,0.0
AC241377.1,0.0
AC241585.1,0.0
AC241585.2,0.0
AC241585.3,0.0
AC241929.1,0.0
AC241952.1,0.0
AC242426.1,0.0
AC242842.1,0.0
AC242842.2,1.8092989910424864
AC242988.1,0.0
AC243428.1,0.0
AC243547.1,1.1840889676042927
AC243756.1,0.0
AC243756.2,0.0
AC243772.1,0.0
AC243772.2,0.0
AC243960.1,0.0
AC243962.1,0.0
AC244090.1,0.0
AC244090.2,0.0
AC244102.1,0.0
AC244161.1,0.0
AC244163.1,0.0
AC244163.2,0.0
AC244230.1,0.0
AC244230.2,0.0
AC244230.3,0.0
AC244394.1,0.253644744093139
AC244452.1,0.0
AC244517.1,0.0
AC244669.1,0.0
AC245036.1,0.0
AC245052.1,0.0
AC245052.2,0.0
AC245100.1,0.0
AC245150.1,0.0
AC245177.1,0.0
AC245177.2,0.0
AC245389.1,0.0
AC245884.1,0.0
AC245884.2,0.0
AC245884.3,0.0
AC246785.1,0.0
AC246787.1,0.0
AC246787.2,0.0
AC246787.3,0.0
AC246787.4,0.0
AC246787.5,0.0
AC247036.1,0.0
AC247039.1,0.0
AC253572.1,1.964851508604246
AC253572.2,0.0
AC253576.1,0.0
AC253576.2,0.0
AC253576.3,0.0
AC253578.1,0.0
ACA59,0.0
ACA59,0.0
ACA59,0.0
ACA64,0.0
ACA64,0.0
ACA64,0.0
ACA64,0.0
ACA64,0.0
ACA64,0.0
ACAA1,0.0
ACAA2,0.0
ACACA,1.945760348159504
ACACB,2.420897766938723
ACAD10,0.0
ACAD11,0.0
ACAD8,2.431230585097085
ACAD9,0.0
ACADL,2.246281411471585
ACADM,2.2691181792527324
ACADS,0.0
ACADSB,0.6960356275201428
ACADVL,1.9418393023284208
ACAN,0.0
ACAP1,0.0
ACAP2,0.0
ACAP2-IT1,0.0
ACAP3,0.4127178969233909
ACAT1,0.0
ACAT2,0.6204550963106681
ACBD3,0.0
ACBD4,0.0
ACBD5,1.2469559880685197
ACBD6,2.185562255814066
ACBD7,2.181044446408736
ACCS,0.0
ACCSL,0.0
ACD,0.0
ACE,0.0
ACE,0.0
ACE2,0.0
ACE3P,0.0
ACER1,0.0
ACER2,0.0
ACER3,0.253644744093139
ACHE,0.0
ACIN1,0.5288907918624668
ACKR2,0.0
ACKR3,0.0
ACKR4,1.365702298095103
ACLY,0.0
ACLY,0.0
ACMSD,0.0
ACN9,0.0
ACO1,1.470668879757139
ACO2,2.5391649108460674
ACOT1,0.9879310210915638
ACOT11,1.1840889676042927
ACOT12,0.0
ACOT13,1.1105557679530071
ACOT2,0.0
ACOT4,0.0
ACOT6,0.0
ACOT7,1.434214011430753
ACOT8,0.0
ACOT9,0.0
ACOX1,0.7603920768618123
ACOX2,0.0
ACOX3,1.3506004547184218
ACOXL,0.0
ACP1,0.6960356275201428
ACP2,0.0
ACP5,0.0
ACP6,0.0
ACP6,0.0
ACPL2,0.0
ACPP,0.0
ACPT,0.0
ACR,0.0
ACRBP,0.0
ACRC,0.0
ACRV1,0.0
ACSBG1,2.0876739547681398
ACSBG2,0.0
ACSF2,0.0
ACSF3,0.0
ACSL1,1.9496463091932343
ACSL3,1.9496463091932343
ACSL4,0.0
ACSL5,0.0
ACSL6,2.6156398542194985
ACSM1,0.0
ACSM2A,0.0
ACSM2B,0.0
ACSM3,0.0
ACSM4,0.0
ACSM5,1.7005522897870602
ACSS1,1.514954562424701
ACSS2,0.0
ACSS3,0.0
ACTA1,0.0
ACTA2,0.6960356275201428
ACTA2-AS1,0.0
ACTB,2.892529013049694
ACTBL2,0.0
ACTBP1,0.0
ACTBP11,0.0
ACTBP12,0.0
ACTBP13,0.0
ACTBP14,0.0
ACTBP2,0.0
ACTBP6,0.0
ACTBP7,1.0219824427879696
ACTBP8,0.0
ACTBP9,0.0
ACTC1,0.0
ACTG1,0.0
ACTG1,0.0
ACTG1P1,0.0
ACTG1P10,0.0
ACTG1P10,0.0
ACTG1P11,0.0
ACTG1P12,0.0
ACTG1P13,0.0
ACTG1P2,0.0
ACTG1P3,0.0
ACTG1P4,0.0
ACTG1P9,0.0
ACTG2,0.0
ACTL10,0.0
ACTL6A,0.0
ACTL6B,0.0
ACTL7A,0.0
ACTL7B,0.0
ACTL8,0.0
ACTL9,0.0
ACTL9,0.0
ACTN1,0.0
ACTN1-AS1,0.0
ACTN2,0.0
ACTN3,0.7603920768618123
ACTN4,0.0
ACTN4P1,0.0
ACTN4P2,0.0
ACTR10,1.4821708087520635
ACTR1A,0.0
ACTR1B,0.0
ACTR2,1.2469559880685197
ACTR3,1.76428944396994
ACTR3B,0.0
ACTR3BP2,0.0
ACTR3BP3,0.0
ACTR3BP4,0.0
ACTR3BP5,0.0
ACTR3BP6,0.0
ACTR3C,0.0
ACTR3P2,0.0
ACTR3P3,0.0
ACTR5,0.0
ACTR6,0.0
ACTR6P1,0.0
ACTR8,1.5739182395996751
ACTRT1,0.0
ACTRT2,0.0
ACTRT3,0.0
ACVR1,0.0
ACVR1B,0.0
ACVR1C,0.0
ACVR2A,0.0
ACVR2B,1.5830117235334478
ACVR2B-AS1,0.253644744093139
ACVRL1,0.0
ACY1,0.253644744093139
ACY3,0.0
ACYP1,0.0
ACYP2,1.76428944396994
AD000090.2,0.0
AD000091.2,0.0
AD000091.3,0.0
AD000092.3,0.9105921305334987
AD000671.6,0.0
AD000684.2,0.0
AD001527.7,0.0
ADA,0.0
ADAD1,0.0
ADAD1P2,0.0
ADAD2,0.0
ADAL,2.740315433154496
ADAM10,2.323091673214238
ADAM11,0.0
ADAM12,0.0
ADAM15,0.0
ADAM17,1.365702298095103
ADAM18,0.0
ADAM19,1.1609342125054871
ADAM1A,0.0
ADAM1B,0.0
ADAM2,0.0
ADAM20,1.0219824427879696
ADAM20P1,0.0
ADAM20P2,0.0
ADAM20P3,0.0
ADAM21,0.0
ADAM21P1,0.0
ADAM22,1.2843206418841475
ADAM23,0.0
ADAM24P,0.0
ADAM28,0.0
ADAM29,0.0
ADAM30,0.0
ADAM32,0.253644744093139
ADAM33,0.0
ADAM3A,0.0
ADAM3B,0.0
ADAM5,0.0
ADAM6,0.0
ADAM7,0.0
ADAM8,0.6960356275201428
ADAM9,2.192252054131328
ADAMDEC1,0.0
ADAMTS1,0.0
ADAMTS10,0.0
ADAMTS10,0.0
ADAMTS12,0.0
ADAMTS13,0.0
ADAMTS13,0.0
ADAMTS14,0.0
ADAMTS15,0.0
ADAMTS16,0.0
ADAMTS17,1.76428944396994
ADAMTS18,0.0
ADAMTS19,0.0
ADAMTS19-AS1,0.0
ADAMTS2,0.0
ADAMTS20,0.0
ADAMTS3,0.0
ADAMTS4,0.4127178969233909
ADAMTS5,0.0
ADAMTS6,0.0
ADAMTS7,0.0
ADAMTS8,0.0
ADAMTS9,0.0
ADAMTS9-AS1,0.0
ADAMTS9-AS2,0.0
ADAMTSL1,0.0
ADAMTSL2,0.0
ADAMTSL3,0.0
ADAMTSL4,0.0
ADAMTSL4-AS1,0.0
ADAMTSL5,0.0
ADAP1,0.0
ADAP2,0.0
ADAR,0.9105921305334987
ADARB1,0.0
ADARB2,0.0
ADARB2-AS1,0.0
ADAT1,0.0
ADAT2,0.0
ADAT3,0.0
ADC,0.0
ADCK1,0.0
ADCK2,0.0
ADCK3,0.0
ADCK4,0.0
ADCK5,0.0
ADCK5,0.0
ADCY1,0.0
ADCY10,0.0
ADCY10P1,0.253644744093139
ADCY2,2.8186333423020566
ADCY3,2.0675055056503746
ADCY4,0.0
ADCY5,0.0
ADCY6,0.0
ADCY7,0.0
ADCY8,0.0
ADCY9,0.0
ADCYAP1,0.0
ADCYAP1R1,1.900549254498717
ADD1,2.21383520748566
ADD2,0.0
ADD2,0.0
ADD3,2.497399812417888
ADGB,0.0
ADH1A,0.0
ADH1B,0.0
ADH1C,0.0
ADH4,0.0
ADH5,0.0
ADH5P2,0.0
ADH5P3,0.0
ADH5P4,0.0
ADH6,0.0
ADH7,0.0
ADHFE1,2.2746445520460137
ADI1,2.117588261664702
ADIG,0.0
ADIPOQ,0.0
ADIPOQ-AS1,0.0
ADIPOR1,0.0
ADIPOR1P1,0.0
ADIPOR1P2,0.0
ADIPOR2,1.514954562424701
ADIRF,0.0
ADIRF-AS1,0.6960356275201428
ADK,0.0
ADM,0.8164310788769841
ADM2,0.0
ADM5,0.0
ADNP,2.769389830828765
ADNP2,0.4127178969233909
ADO,0.0
ADORA1,0.0
ADORA2A,0.0
ADORA2A-AS1,0.0
ADORA2B,1.5454363124656982
ADORA2BP,0.0
ADORA3,0.0
ADPGK,1.434214011430753
ADPGK-AS1,0.0
ADPRH,0.0
ADPRHL1,0.0
ADPRHL2,0.0
ADPRM,0.0
ADRA1A,0.0
ADRA1B,0.0
ADRA1D,0.0
ADRA2A,1.1364750726028654
ADRA2B,0.0
ADRA2C,0.0
ADRB1,0.0
ADRB2,0.0
ADRB3,0.0
ADRBK1,0.0
ADRBK2,2.5772635723654984
ADRM1,0.0
ADSL,2.1042457017450573
ADSS,0.0
ADSSL1,0.0
ADTRP,0.0
AE000658.22,0.0
AE000658.25,0.0
AE000658.27,0.0
AE000658.30,0.0
AE000658.31,0.0
AE000659.1,0.0
AE000659.41,0.0
AE000660.1,0.0
AE000660.4,0.0
AE000661.36,0.0
AE000661.37,0.0
AE000661.50,0.0
AE000662.92,0.0
AE000662.93,0.0
AEBP1,0.253644744093139
AEBP2,2.591613993984935
AEN,0.0
AES,1.1840889676042927
AF001548.5,0.0
AF001548.6,0.0
AF001550.7,0.0
AF003529.2,0.0
AF003625.3,0.0
AF003626.1,0.0
AF003626.1,0.0
AF011889.2,0.0
AF011889.2,0.0
AF013593.1,0.0
AF015262.2,0.0
AF015720.3,0.0
AF038458.3,0.0
AF038458.4,0.0
AF038458.5,0.253644744093139
AF064858.10,0.0
AF064858.11,0.0
AF064858.6,0.0
AF064858.7,0.0
AF064858.8,0.0
AF064860.5,0.0
AF064860.7,0.0
AF064863.1,0.0
AF067845.1,0.0
AF070718.1,0.0
AF096876.1,0.0
AF104455.1,0.0
AF121897.4,0.0
AF121898.1,0.0
AF121898.2,0.0
AF121898.3,0.0
AF124730.4,0.0
AF127577.10,0.0
AF127577.11,0.0
AF127577.12,0.0
AF127577.8,0.0
AF127936.3,0.0
AF127936.5,0.0
AF127936.7,0.0
AF129075.5,0.0
AF129408.17,0.0
AF130343.1,0.0
AF131215.1,0.0
AF131215.2,0.0
AF131215.3,0.0
AF131215.4,0.0
AF131215.5,0.0
AF131215.6,0.0
AF131215.8,0.0
AF131215.9,0.0
AF131216.5,0.0
AF131216.6,0.0
AF131217.1,0.0
AF146191.4,0.0
AF146191.7,0.0
AF146191.8,0.0
AF146191.8,0.0
AF165138.7,0.0
AF178030.2,0.0
AF186192.1,0.0
AF186192.5,0.0
AF186192.6,0.0
AF186996.1,0.0
AF186996.2,0.0
AF196779.1,0.0
AF196779.12,0.0
AF196779.12,0.0
AF196970.3,0.0
AF196970.3,0.0
AF196972.10,0.0
AF196972.10,0.0
AF196972.2,0.0
AF196972.3,0.0
AF196972.3,0.0
AF196972.4,0.0
AF196972.4,0.0
AF196972.9,0.0
AF196972.9,0.0
AF207550.1,0.0
AF212831.2,0.0
AF213884.1,0.0
AF213884.2,0.0
AF213884.3,0.0
AF216667.1,0.0
AF222686.1,0.0
AF224669.3,0.0
AF228730.1,0.0
AF228730.12,0.0
AF228730.13,0.0
AF228730.2,0.0
AF228730.5,0.0
AF228730.7,0.0
AF228730.8,0.0
AF230666.2,0.0
AF235103.1,0.0
AF238378.7,0.0
AF238380.8,0.0
AF238380.8,0.0
AF240627.2,0.0
AF241725.1,0.0
AF241725.4,0.0
AF241725.6,0.0
AF241726.2,0.0
AF241726.4,0.0
AF250324.1,0.0
AF254982.2,0.0
AF274855.1,0.0
AF277315.13,0.0
AF277315.13,0.0
AF277315.19,0.0
AF277315.19,0.0
AFAP1,2.174178371429241
AFAP1-AS1,0.0
AFAP1L1,0.0
AFAP1L2,0.0
AFF1,0.0
AFF2,0.0
AFF2,0.0
AFF2-IT1,0.0
AFF2-IT1,0.0
AFF3,0.5288907918624668
AFF4,1.266040025979822
AFG3L1P,1.9685710603681643
AFG3L2,1.1609342125054871
AFG3L2P1,0.0
AFM,0.0
AFMID,0.0
AFP,0.0
AFTPH,1.9534978077301333
AGA,0.0
AGAP1,1.878332270313977
AGAP1-IT1,0.0
AGAP10,0.0
AGAP11,0.0
AGAP2,0.0
AGAP2-AS1,0.0
AGAP3,0.0
AGAP4,0.0
AGAP4,0.0
AGAP5,0.0
AGAP6,0.0
AGAP6,0.0
AGAP7,0.0
AGAP7,0.0
AGAP8,0.6204550963106681
AGAP9,0.0
AGAP9,0.0
AGBL1,0.0
AGBL1-AS1,0.0
AGBL2,0.0
AGBL3,0.0
AGBL4,0.6960356275201428
AGBL4-IT1,0.0
AGBL5,0.0
AGBL5-AS1,0.0
AGBL5-IT1,0.0
AGER,0.0
AGER,0.0
AGER,0.0
AGER,0.0
AGER,0.0
AGER,0.0
AGER,0.0
AGFG1,0.0
AGFG2,0.0
AGGF1,0.0
AGGF1P1,0.0
AGGF1P2,0.0
AGGF1P3,0.0
AGGF1P4,0.0
AGK,1.3018627585701523
AGKP1,0.0
AGL,2.082006475794047
AGMAT,0.0
AGMO,0.0
AGO1,0.6960356275201428
AGO2,0.0
AGO3,1.9759159375793864
AGO4,2.5260267621046246
AGPAT1,0.0
AGPAT1,0.0
AGPAT1,0.0
AGPAT1,0.0
AGPAT1,0.0
AGPAT1,0.0
AGPAT1,0.0
AGPAT2,0.0
AGPAT3,1.9685710603681643
AGPAT4,0.0
AGPAT5,0.253644744093139
AGPAT5P1,0.0
AGPAT6,0.0
AGPAT9,0.0
AGPS,0.0
AGR2,0.0
AGR3,0.0
AGRN,0.0
AGRP,0.0
AGT,2.8107153676333403
AGTPBP1,1.6721850324842915
AGTR1,0.0
AGTR2,0.0
AGTR2,0.0
AGTRAP,2.332805643215876
AGXT,0.0
AGXT2,0.0
AHCTF1,1.6418345900426288
AHCTF1P1,0.0
AHCY,0.0
AHCYL1,3.0288705203487245
AHCYL2,1.7140700431083098
AHCYP1,0.0
AHCYP1,0.0
AHCYP2,0.0
AHCYP3,0.0
AHCYP4,0.0
AHCYP5,0.0
AHCYP7,0.0
AHCYP8,0.0
AHCYP8,0.0
AHDC1,0.0
AHI1,1.60064667142076
AHNAK,1.9573154496595009
AHNAK2,0.0
AHR,0.0
AHRR,0.0
AHSA1,2.64625589413827
AHSA2,1.9418393023284208
AHSG,0.0
AHSP,0.0
AICDA,0.0
AIDA,0.0
AIF1,0.0
AIF1,0.0
AIF1,0.0
AIF1,0.0
AIF1,0.0
AIF1,0.0
AIF1L,0.0
AIFM1,0.0
AIFM1P1,0.0
AIFM2,0.0
AIFM3,2.4760603713512475
AIG1,2.447514123328141
AIG1P1,0.0
AIM1,0.0
AIM1L,0.0
AIM2,0.0
AIMP1,1.3187237340792874
AIMP1P1,0.0
AIMP1P2,0.0
AIMP2,0.0
AIP,0.0
AIPL1,0.0
AIRE,0.0
AIRN,0.0
AJ003147.8,0.0
AJ003147.9,0.0
AJ006995.3,0.0
AJ006998.2,0.0
AJ009632.3,0.0
AJ239321.3,0.0
AJ239322.1,0.0
AJ239322.3,0.0
AJ271736.10,0.0
AJ271736.10,0.0
AJAP1,0.0
AJUBA,0.0
AK1,1.380296600302216
AK2,0.253644744093139
AK2P2,0.0
AK3,1.5042992690810633
AK3P2,0.0
AK3P3,0.0
AK3P4,0.0
AK3P5,0.0
AK4,2.384089676728098
AK4P1,0.0
AK4P2,0.0
AK4P3,0.0
AK4P4,0.0
AK4P5,0.0
AK4P6,0.0
AK5,0.0
AK7,0.0
AK8,0.0
AK9,0.0
AKAP1,2.2363999041364866
AKAP10,1.1840889676042927
AKAP11,2.462021748829196
AKAP12,1.8146108385283355
AKAP13,1.8352314375814356
AKAP14,0.0
AKAP16BP,0.0
AKAP17A,0.0
AKAP17A,0.0
AKAP2,0.0
AKAP3,0.0
AKAP4,0.0
AKAP4,0.0
AKAP5,0.0
AKAP6,1.7929621417944026
AKAP7,2.073364122649164
AKAP8,1.470668879757139
AKAP8L,0.4127178969233909
AKAP9,2.977244710626942
AKIP1,1.2843206418841475
AKIRIN1,0.0
AKIRIN2,0.0
AKNA,0.0
AKNAD1,0.0
AKR1A1,0.0
AKR1B1,0.0
AKR1B10,0.0
AKR1B10P1,0.0
AKR1B10P2,0.0
AKR1B15,0.0
AKR1B1P1,0.0
AKR1B1P2,0.0
AKR1B1P4,0.0
AKR1B1P6,0.0
AKR1B1P7,0.0
AKR1B1P8,0.0
AKR1B1P8,0.0
AKR1C1,0.0
AKR1C2,0.0
AKR1C2,0.0
AKR1C3,0.0
AKR1C3,0.0
AKR1C4,0.0
AKR1C4,0.0
AKR1C5P,0.0
AKR1C5P,0.0
AKR1C6P,0.0
AKR1C7P,0.0
AKR1C7P,0.0
AKR1CL1,0.0
AKR1CL1,0.0
AKR1D1,0.0
AKR1D1P1,0.0
AKR1E2,0.0
AKR7A2,0.0
AKR7A2P1,0.0
AKR7A3,0.0
AKR7L,0.0
AKT1,1.2060714458283772
AKT1S1,0.0
AKT2,1.7929621417944026
AKT3,2.1254013691955027
AKT3-IT1,0.0
AKTIP,0.9879310210915638
AL008708.1,0.0
AL008721.1,0.0
AL008733.1,0.0
AL009050.1,0.0
AL009174.1,0.0
AL009178.1,0.0
AL020993.1,0.0
AL020996.1,0.0
AL021068.1,0.0
AL021394.1,0.0
AL021398.1,0.0
AL021546.6,0.0
AL021707.1,0.0
AL021707.2,0.0
AL021917.1,0.0
AL021920.1,0.0
AL021920.2,0.0
AL021977.1,0.0
AL022237.3,0.0
AL022314.1,0.0
AL022328.1,0.0
AL022341.1,0.0
AL022341.3,0.0
AL022344.2,0.0
AL022344.4,0.0
AL022344.5,0.0
AL022344.7,0.0
AL022345.7,0.0
AL022345.8,0.0
AL022345.9,0.0
AL022393.7,0.0
AL022400.1,0.0
AL022476.2,0.0
AL022578.1,0.0
AL023583.1,0.0
AL023807.1,0.0
AL023913.1,0.0
AL030997.1,0.0
AL031005.1,0.0
AL031055.1,0.0
AL031176.1,0.0
AL031284.1,0.0
AL031320.1,0.0
AL031390.1,0.0
AL031590.1,0.0
AL031594.1,0.0
AL031601.1,0.0
AL031601.4,0.0
AL031602.1,0.0
AL031653.1,0.0
AL031655.1,0.0
AL031655.2,0.0
AL031663.1,0.9105921305334987
AL031663.2,0.0
AL031666.1,0.0
AL031666.2,0.0
AL031721.1,0.0
AL031768.1,0.0
AL031905.1,0.0
AL033378.1,0.0
AL033381.1,0.0
AL033403.1,0.0
AL033528.1,0.0
AL034375.1,0.0
AL034400.1,0.0
AL034449.1,0.0
AL034548.1,0.0
AL034553.1,0.0
AL035045.1,0.0
AL035045.2,0.0
AL035088.1,0.0
AL035106.1,0.0
AL035250.1,0.0
AL035252.1,0.0
AL035406.1,0.0
AL035422.1,0.0
AL035422.2,0.0
AL035457.1,0.0
AL035460.1,0.0
AL035467.1,0.0
AL035588.1,0.0
AL035610.1,0.0
AL035610.2,0.0
AL035681.1,0.253644744093139
AL035697.1,0.0
AL035706.1,0.0
AL049539.1,0.0
AL049542.1,0.0
AL049543.1,0.0
AL049610.1,0.0
AL049647.1,0.0
AL049745.1,0.0
AL049747.1,0.0
AL049758.2,0.0
AL049798.1,0.0
AL049829.1,0.0
AL049831.1,0.0
AL049840.1,0.0
AL049871.1,0.0
AL050302.1,0.0
AL050303.1,0.0
AL050303.7,0.0
AL050316.1,0.0
AL050321.1,0.0
AL050327.1,0.0
AL050335.1,0.0
AL078585.1,0.0
AL079339.1,0.0
AL079342.1,0.0
AL080243.1,0.0
AL080272.1,0.0
AL080274.1,0.0
AL080276.1,0.0
AL096677.1,0.0
AL096700.1,0.0
AL096864.1,0.0
AL096869.1,0.0
AL109612.1,0.0
AL109615.1,0.0
AL109618.1,0.0
AL109658.1,0.0
AL109659.1,0.0
AL109749.1,0.0
AL109750.1,0.0
AL109754.1,0.0
AL109761.5,0.0
AL109763.1,0.0
AL109763.2,0.0
AL109767.1,0.0
AL109805.1,0.0
AL109806.1,0.0
AL109843.1,0.0
AL109844.1,0.0
AL109922.1,0.0
AL109922.2,0.0
AL109927.1,0.0
AL109947.1,0.0
AL109947.2,0.0
AL110292.1,0.0
AL117190.1,0.0
AL117190.2,0.0
AL117190.3,0.0
AL117209.1,0.0
AL117333.1,0.0
AL117334.1,0.0
AL117337.1,0.0
AL117380.1,0.0
AL117380.2,0.0
AL118506.1,0.0
AL118508.1,0.0
AL118509.1,0.0
AL118525.1,0.0
AL121578.2,0.0
AL121578.5,0.0
AL121578.7,0.0
AL121584.1,2.0704446931415355
AL121588.1,0.0
AL121594.1,0.0
AL121652.1,0.0
AL121652.2,0.0
AL121652.3,0.0
AL121655.1,0.0
AL121656.5,0.0
AL121657.4,0.0
AL121748.1,0.0
AL121753.1,0.0
AL121756.1,0.0
AL121761.1,0.0
AL121761.2,0.0
AL121819.1,0.0
AL121865.1,0.0
AL121865.2,0.0
AL121869.1,0.0
AL121875.1,0.0
AL121893.1,0.0
AL121895.1,0.0
AL121897.1,0.0
AL121898.1,0.0
AL121899.1,0.0
AL121901.1,0.0
AL121914.1,0.0
AL121931.1,0.0
AL121932.1,0.0
AL121952.1,0.0
AL121963.1,0.0
AL121985.1,0.0
AL121987.1,0.0
AL121988.1,0.0
AL121992.1,0.0
AL122015.1,0.0
AL122019.1,0.0
AL122127.1,0.0
AL122127.2,0.0
AL122127.25,0.0
AL122127.25,0.0
AL122127.3,0.0
AL122127.4,0.0
AL122127.5,0.0
AL132671.1,0.0
AL132709.1,0.0
AL132709.2,0.0
AL132709.3,0.0
AL132709.5,2.162488037762603
AL132709.8,1.1364750726028654
AL132768.1,0.0
AL132772.1,0.0
AL132780.1,0.0
AL132796.1,0.0
AL132819.1,0.0
AL132868.1,0.0
AL132875.1,0.0
AL132989.1,0.0
AL133153.1,0.0
AL133167.1,0.0
AL133168.3,0.0
AL133228.1,0.0
AL133232.1,0.0
AL133244.1,0.0
AL133245.2,0.253644744093139
AL133247.2,0.0
AL133247.3,0.0
AL133249.1,0.0
AL133260.1,0.0
AL133262.1,0.0
AL133269.1,0.0
AL133318.1,0.0
AL133373.1,0.0
AL133376.1,0.0
AL133410.1,0.0
AL133458.1,0.0
AL133481.1,0.0
AL133493.2,0.0
AL135784.1,0.0
AL135791.1,0.0
AL135901.1,0.0
AL135998.1,0.0
AL136001.1,0.0
AL136090.1,0.0
AL136115.1,0.0
AL136123.1,0.0
AL136137.1,0.0
AL136160.1,0.0
AL136218.1,0.0
AL136302.1,0.0
AL136303.1,0.0
AL136376.1,0.0
AL136380.1,0.0
AL136418.1,0.0
AL136419.6,0.0
AL136446.1,0.0
AL136531.1,0.0
AL136967.1,0.0
AL136985.1,0.0
AL136987.1,0.0
AL137002.1,0.0
AL137008.1,0.0
AL137019.1,0.0
AL137024.1,0.0
AL137026.1,0.0
AL137059.1,0.0
AL137118.1,0.0
AL137127.1,0.0
AL137190.1,0.0
AL137224.1,0.0
AL137229.1,0.0
AL137251.1,0.0
AL137798.1,0.0
AL137800.1,0.0
AL137846.1,0.0
AL137855.1,0.0
AL138479.3,0.0
AL138498.1,0.0
AL138696.1,0.0
AL138706.1,0.0
AL138710.1,0.0
AL138721.1,0.0
AL138751.1,0.0
AL138764.1,0.0
AL138796.1,0.0
AL138815.1,0.0
AL138815.2,0.0
AL138834.1,0.0
AL138837.1,0.0
AL138847.1,0.0
AL138919.1,0.0
AL138925.1,0.0
AL138930.1,0.0
AL138930.2,0.0
AL138935.1,0.0
AL138963.1,0.0
AL138999.1,0.0
AL139022.1,0.0
AL139080.1,0.0
AL139099.1,0.0
AL139139.1,0.0
AL139147.1,0.0
AL139151.1,0.0
AL139239.1,0.0
AL139300.1,0.0
AL139318.1,0.0
AL139319.1,0.0
AL139328.1,0.0
AL139333.1,0.0
AL139377.1,0.0
AL139385.1,0.0
AL139396.1,0.0
AL139396.2,0.0
AL139429.1,0.0
AL139812.1,0.0
AL139815.1,0.0
AL139819.1,0.0
AL139821.1,0.0
AL157359.3,0.0
AL157359.4,0.0
AL157392.1,0.0
AL157407.1,0.0
AL157702.1,0.0
AL157775.1,0.0
AL157788.1,0.0
AL157791.1,0.0
AL157823.1,0.0
AL157830.1,0.0
AL157871.1,0.0
AL157871.2,0.0
AL157883.1,0.0
AL157884.1,0.0
AL157902.3,0.0
AL157904.1,0.0
AL157931.1,0.0
AL158040.1,0.0
AL158051.1,0.0
AL158069.1,0.0
AL158077.1,0.0
AL158091.1,0.0
AL158111.1,0.0
AL158147.1,0.0
AL158147.2,0.0
AL158150.1,0.0
AL158151.1,0.0
AL158151.2,0.0
AL158154.1,0.0
AL158155.1,0.0
AL158175.1,0.0
AL159140.1,0.0
AL159977.1,0.0
AL159997.1,0.0
AL160011.1,0.0
AL160037.1,0.0
AL160056.1,0.0
AL160175.1,0.0
AL160269.1,0.0
AL160274.1,0.0
AL160275.1,0.0
AL160279.1,0.0
AL160286.1,0.0
AL160291.1,0.0
AL160471.6,0.0
AL161421.1,0.0
AL161450.1,0.0
AL161452.1,0.0
AL161626.1,0.0
AL161645.1,0.0
AL161645.2,0.0
AL161651.1,0.0
AL161652.1,0.0
AL161668.5,0.0
AL161669.1,0.0
AL161723.1,0.0
AL161731.1,0.0
AL161740.1,0.0
AL161751.1,0.0
AL161772.1,0.0
AL161784.1,0.0
AL161790.1,0.0
AL161793.1,0.0
AL161891.1,0.0
AL161898.1,0.0
AL161908.1,0.0
AL161915.1,0.0
AL162151.3,0.0
AL162151.4,0.0
AL162311.1,0.0
AL162381.1,0.0
AL162389.1,0.4127178969233909
AL162407.1,0.0
AL162415.1,0.0
AL162415.2,0.0
AL162415.4,0.0
AL162419.1,0.0
AL162424.1,0.0
AL162424.2,0.0
AL162430.1,0.0
AL162430.2,0.0
AL162431.1,0.0
AL162458.1,0.0
AL162497.1,0.0
AL162502.1,0.0
AL162511.1,0.0
AL162571.1,0.0
AL162574.1,0.0
AL162590.1,0.0
AL162614.1,0.0
AL162711.1,0.0
AL162759.1,0.0
AL162851.1,0.0
AL162853.1,0.0
AL163193.1,0.0
AL163636.6,0.0
AL163760.1,0.0
AL163952.1,0.0
AL163952.2,0.0
AL163953.2,0.0
AL163953.3,0.0
AL353141.1,0.0
AL353147.1,0.0
AL353354.1,0.0
AL353354.2,0.0
AL353583.1,0.0
AL353608.1,0.0
AL353608.2,0.0
AL353626.1,0.0
AL353626.2,0.0
AL353629.1,0.0
AL353662.1,0.0
AL353662.2,0.0
AL353662.3,0.0
AL353662.4,0.0
AL353664.1,0.0
AL353671.1,0.0
AL353671.2,0.0
AL353671.3,0.0
AL353671.4,0.0
AL353698.1,0.0
AL353707.1,0.0
AL353731.1,0.0
AL353733.1,0.0
AL353751.1,0.0
AL353763.1,0.0
AL353763.2,0.0
AL353791.1,1.5454363124656982
AL353803.1,0.0
AL353805.1,0.0
AL353898.1,0.0
AL353898.2,0.0
AL353898.3,0.0
AL353997.11,0.0
AL353997.3,0.0
AL353997.4,0.0
AL354680.1,0.0
AL354718.1,0.0
AL354720.1,0.0
AL354732.1,0.0
AL354741.1,0.0
AL354764.1,0.0
AL354775.1,0.0
AL354806.1,0.0
AL354808.1,0.0
AL354808.2,0.0
AL354822.1,1.1105557679530071
AL354833.1,0.0
AL354833.2,0.0
AL354833.3,0.0
AL354896.1,0.0
AL354898.1,0.0
AL354928.1,0.0
AL354933.1,0.0
AL354936.1,0.0
AL354978.1,0.0
AL354981.1,0.253644744093139
AL354984.1,0.0
AL354984.2,0.0
AL354984.3,0.0
AL354993.1,0.0
AL355149.1,0.0
AL355149.2,0.0
AL355353.1,0.0
AL355388.1,0.0
AL355390.1,0.0
AL355490.1,0.0
AL355490.2,0.0
AL355512.1,0.0
AL355512.2,0.0
AL355531.1,0.0
AL355531.2,0.0
AL355794.1,0.0
AL355885.1,0.0
AL356019.1,0.0
AL356020.1,0.0
AL356131.1,0.0
AL356137.1,0.0
AL356140.1,0.0
AL356154.1,0.0
AL356213.1,0.0
AL356214.1,0.0
AL356215.1,0.0
AL356261.1,0.0
AL356270.1,0.0
AL356309.1,0.0
AL356310.1,0.0
AL356356.1,0.0
AL356458.1,0.0
AL356475.1,0.0
AL356479.1,0.0
AL356585.1,0.0
AL356585.2,0.0
AL356585.3,0.0
AL356585.4,0.0
AL356693.1,0.0
AL356739.1,0.0
AL356740.1,0.0
AL356741.1,0.0
AL356750.1,0.0
AL356756.1,0.0
AL356776.1,0.0
AL356806.3,0.0
AL356865.1,0.0
AL356865.2,0.0
AL357060.1,0.0
AL357115.1,0.0
AL357153.1,0.0
AL357514.1,0.0
AL357515.1,0.0
AL357519.1,0.0
AL357519.2,0.0
AL357673.1,0.0
AL357932.1,0.0
AL357936.1,0.0
AL358113.1,0.0
AL358133.1,0.0
AL358134.1,0.0
AL358134.2,0.0
AL358333.1,0.0
AL358340.1,0.253644744093139
AL358354.1,0.0
AL358781.1,0.0
AL358813.1,0.0
AL358813.2,0.0
AL358813.3,0.0
AL358815.1,0.0
AL359091.1,0.0
AL359091.2,0.0
AL359195.1,0.0
AL359218.1,0.0
AL359253.1,0.0
AL359314.1,0.0
AL359473.1,0.0
AL359538.1,0.0
AL359538.2,0.0
AL359542.1,0.0
AL359546.1,0.0
AL359552.1,0.253644744093139
AL359693.1,0.0
AL359697.1,0.0
AL359709.1,0.0
AL359709.2,0.0
AL359736.1,0.0
AL359753.1,0.0
AL359757.1,0.0
AL359771.1,0.0
AL359815.1,0.0
AL359832.1,0.0
AL359836.1,0.0
AL359851.1,0.0
AL359853.1,0.0
AL359878.1,0.253644744093139
AL359922.1,0.0
AL359955.1,0.0
AL359973.1,0.0
AL359983.1,0.0
AL359987.1,0.0
AL360004.1,0.0
AL360004.2,0.0
AL360007.1,0.0
AL360078.1,0.0
AL360154.1,0.0
AL360154.2,0.0
AL360176.1,0.0
AL360178.1,0.0
AL360181.1,0.0
AL360297.1,0.0
AL365181.1,0.0
AL365202.1,0.0
AL365214.1,0.0
AL365331.2,0.0
AL365361.1,0.0
AL365502.1,0.0
AL390036.1,0.0
AL390071.1,0.0
AL390119.1,0.0
AL390196.1,0.0
AL390240.1,0.0
AL390335.1,0.0
AL390776.1,0.0
AL390778.1,0.0
AL390877.1,0.0
AL390879.1,0.0
AL390966.1,0.0
AL391005.1,0.0
AL391056.1,0.0
AL391117.1,0.0
AL391152.1,0.0
AL391261.1,0.0
AL391319.1,0.0
AL391357.1,0.0
AL391375.1,0.0
AL391380.1,0.0
AL391380.2,0.0
AL391384.1,1.6496233519400156
AL391416.1,0.0
AL391417.1,0.0
AL391421.1,0.0
AL391538.1,0.0
AL391559.1,0.0
AL391650.1,0.0
AL391803.1,0.0
AL391839.1,0.0
AL391867.1,0.0
AL391994.1,0.0
AL392086.1,0.0
AL392111.1,0.0
AL441883.1,0.0
AL441988.1,0.0
AL442639.1,0.0
AL445074.1,0.0
AL445199.1,0.0
AL445204.1,0.0
AL445256.1,0.0
AL445258.1,0.0
AL445258.2,0.0
AL445384.1,0.0
AL445464.1,0.0
AL445523.1,0.0
AL445531.1,0.0
AL445665.1,0.0
AL445665.2,0.0
AL445675.1,0.0
AL445989.1,0.0
AL449083.1,0.0
AL450226.2,0.0
AL450244.1,0.0
AL450304.1,0.0
AL450307.1,0.0
AL450307.2,0.0
AL450423.1,0.0
AL450992.2,0.0
AL450992.6,0.0
AL451006.1,0.0
AL451010.1,0.0
AL451051.1,0.0
AL451105.1,0.0
AL499628.1,0.0
AL512290.1,0.0
AL512324.1,0.0
AL512359.1,0.0
AL512428.1,0.0
AL512503.1,0.0
AL512505.1,0.0
AL512625.1,0.0
AL512635.1,0.0
AL512638.1,0.0
AL512640.1,0.0
AL512652.1,0.0
AL512655.1,0.0
AL512791.1,0.0
AL513123.1,0.0
AL513185.1,0.0
AL513327.1,0.0
AL513344.1,0.0
AL513477.1,0.0
AL513478.1,0.0
AL513487.1,0.0
AL513523.1,0.0
AL513547.1,0.0
AL583784.1,0.0
AL583828.1,0.0
AL583832.1,0.0
AL583842.1,0.0
AL583842.2,0.0
AL583842.3,0.0
AL583860.1,0.0
AL589642.1,0.0
AL589663.1,0.0
AL589675.1,0.0
AL589685.1,0.0
AL589736.1,0.0
AL589739.1,0.0
AL589743.1,0.0
AL589765.1,0.0
AL589947.1,0.0
AL589986.2,0.0
AL590007.1,0.0
AL590084.1,0.0
AL590085.1,0.0
AL590113.1,0.0
AL590226.1,0.0
AL590233.1,0.0
AL590235.1,0.0
AL590282.1,0.0
AL590285.1,0.0
AL590325.1,0.0
AL590325.2,0.0
AL590369.1,0.0
AL590391.1,0.0
AL590403.1,0.0
AL590431.1,0.0
AL590452.1,0.253644744093139
AL590482.1,0.0
AL590483.1,0.0
AL590489.1,0.0
AL590523.1,0.0
AL590558.1,0.0
AL590560.1,0.0
AL590639.1,0.0
AL590683.1,0.0
AL590683.2,0.0
AL590684.1,0.0
AL590703.1,0.0
AL590708.1,0.0
AL590708.2,0.0
AL590710.1,0.0
AL590714.1,0.0
AL590726.1,0.0
AL590726.2,0.0
AL590762.1,0.0
AL590762.10,0.0
AL590762.11,0.0
AL590762.6,0.0
AL590762.7,0.0
AL590763.1,0.0
AL590763.5,0.0
AL590764.1,0.0
AL590787.1,0.0
AL590812.1,0.0
AL590812.3,0.0
AL590822.1,0.0
AL590822.2,0.0
AL590867.1,0.0
AL590874.1,0.0
AL591025.1,0.0
AL591034.1,0.0
AL591042.1,0.0
AL591069.1,0.0
AL591377.1,0.0
AL591379.1,0.0
AL591415.1,0.0
AL591471.1,0.0
AL591479.1,2.272810230341481
AL591516.1,0.0
AL591516.2,0.0
AL591516.3,0.0
AL591516.4,0.0
AL591516.5,0.0
AL591668.1,0.0
AL591684.1,0.0
AL591684.2,0.0
AL591704.5,0.0
AL591704.7,0.0
AL591704.9,0.0
AL591708.1,0.0
AL591806.1,0.0
AL591856.1,0.0
AL591856.2,0.0
AL591856.3,0.0
AL591856.4,0.0
AL591856.5,0.0
AL591856.6,0.0
AL591856.7,0.0
AL591925.1,0.0
AL592063.1,0.0
AL592170.1,0.0
AL592170.2,0.0
AL592183.1,0.7603920768618123
AL592183.2,0.0
AL592183.3,0.0
AL592183.4,0.0
AL592183.5,0.0
AL592183.6,0.0
AL592183.7,0.0
AL592188.1,0.0
AL592188.2,0.0
AL592188.3,0.0
AL592188.4,0.0
AL592188.5,0.0
AL592188.6,0.0
AL592188.7,0.0
AL592188.8,0.0
AL592205.1,0.0
AL592205.2,0.0
AL592284.1,0.0
AL592294.1,0.0
AL592310.1,0.0
AL592494.5,0.0
AL592494.5,0.0
AL592528.1,0.7603920768618123
AL596092.1,0.0
AL596137.1,0.0
AL596220.1,0.0
AL596268.1,0.0
AL596329.1,0.0
AL596330.1,0.0
AL603632.1,0.0
AL603650.1,0.0
AL603650.2,0.0
AL603650.3,0.0
AL603650.4,0.0
AL603766.1,0.0
AL603831.1,0.0
AL603910.1,0.0
AL603926.1,0.0
AL603965.1,0.0
AL606500.1,0.0
AL606519.1,0.0
AL606923.1,0.0
AL607076.1,0.0
AL611946.1,0.0
AL626787.1,0.0
AL627171.1,0.0
AL627171.2,0.0
AL627309.1,0.253644744093139
AL645608.1,0.0
AL645608.2,0.0
AL645728.1,0.0
AL645728.2,0.0
AL645728.3,0.0
AL645730.1,0.0
AL645730.2,0.0
AL645819.1,0.0
AL645859.1,0.0
AL645922.1,0.0
AL645941.1,0.0
AL645944.1,0.0
AL646016.1,0.0
AL662800.1,0.0
AL662800.2,0.0
AL662822.1,0.0
AL662822.10,0.0
AL662822.11,0.0
AL662822.12,0.0
AL662822.13,0.0
AL662822.14,0.0
AL662822.15,0.0
AL662822.2,0.0
AL662822.3,0.0
AL662822.4,0.0
AL662822.5,0.0
AL662822.6,0.0
AL662822.7,0.0
AL662822.8,0.0
AL662822.9,0.0
AL662825.1,0.0
AL662825.2,0.0
AL662831.1,0.0
AL662831.2,0.0
AL662831.3,0.0
AL662831.4,0.0
AL662833.1,0.0
AL662833.2,0.0
AL662833.3,0.0
AL662834.1,0.0
AL662834.2,0.0
AL662845.1,0.0
AL662847.1,0.0
AL662857.1,0.0
AL662866.1,0.0
AL662867.1,0.0
AL662867.2,0.0
AL662867.3,0.0
AL662890.1,0.0
AL662890.10,0.0
AL662890.11,0.0
AL662890.12,0.0
AL662890.13,0.0
AL662890.14,0.0
AL662890.15,0.0
AL662890.2,0.0
AL662890.3,0.0
AL662890.4,0.0
AL662890.5,0.0
AL662890.6,0.0
AL662890.7,0.0
AL662890.8,0.0
AL662890.9,0.0
AL663093.1,0.0
AL663093.2,0.0
AL663093.3,0.0
AL669831.1,0.0
AL669914.1,0.0
AL670886.1,0.0
AL670886.2,0.0
AL671561.1,0.0
AL671859.1,0.0
AL671859.2,0.0
AL671879.1,0.0
AL671879.2,0.0
AL671883.1,0.0
AL671972.1,0.0
AL672183.2,0.0
AL672294.1,0.0
AL672296.1,0.0
AL672296.1,0.0
AL691452.1,0.0
AL691479.1,0.0
AL691523.1,0.0
AL713890.1,0.0
AL713997.1,0.0
AL713999.1,0.0
AL713999.2,0.0
AL731561.1,0.0
AL731561.2,0.0
AL731568.1,0.0
AL731683.1,0.0
AL732314.1,0.0
AL732314.1,0.0
AL732363.1,0.0
AL732372.1,0.0
AL732442.1,0.0
AL732479.1,0.0
AL772307.1,0.0
AL773535.1,0.0
AL773535.2,0.0
AL773535.3,0.0
AL773535.4,0.0
AL773535.5,0.0
AL773541.1,0.0
AL773543.1,0.0
AL773543.2,0.0
AL773544.1,0.0
AL773544.2,0.0
AL773544.3,0.0
AL773602.1,0.0
AL773604.8,0.0
AL805909.1,0.0
AL805909.2,0.0
AL805909.3,0.0
AL805913.1,0.0
AL805934.1,0.0
AL805934.2,0.0
AL807752.1,0.0
AL844165.1,0.0
AL844203.1,0.0
AL844213.1,0.0
AL844213.10,0.0
AL844213.11,0.0
AL844213.2,0.0
AL844213.3,0.0
AL844213.4,0.0
AL844213.5,0.0
AL844213.6,0.0
AL844213.7,0.0
AL844213.8,0.0
AL844213.9,0.0
AL844527.1,0.0
AL844853.1,0.0
AL844853.2,0.0
AL845259.1,0.0
AL845321.1,0.0
AL845353.1,0.0
AL845439.1,0.0
AL845443.1,0.0
AL845450.1,0.0
AL845450.2,0.0
AL845450.3,0.0
AL845454.1,0.0
AL845509.1,0.0
AL845509.2,0.0
AL845509.3,0.0
AL845557.1,0.0
AL901607.1,0.0
AL901607.2,0.0
AL901607.3,0.0
AL901608.1,0.0
AL901608.2,0.0
AL928654.1,0.0
AL928654.2,0.0
AL928742.1,0.0
AL928742.12,0.0
AL928742.12,0.0
AL928742.2,0.0
AL928742.3,0.0
AL928742.4,0.0
AL928768.3,0.0
AL928768.3,0.0
AL928874.1,0.0
AL929472.1,0.0
AL935026.1,0.0
AL935042.1,0.0
AL935156.1,0.0
AL935156.2,0.0
AL953854.2,0.0
AL953885.1,0.0
AL954742.1,0.0
ALAD,0.0
ALAS1,1.6092026860167012
ALAS2,0.0
ALB,0.0
ALCAM,2.776364165761561
ALDH16A1,0.0
ALDH18A1,0.0
ALDH1A1,2.1833092257283497
ALDH1A2,0.0
ALDH1A3,0.0
ALDH1B1,0.0
ALDH1L1,2.821240909115676
ALDH1L1-AS1,0.0
ALDH1L1-AS2,0.0
ALDH1L2,0.0
ALDH2,2.597746211459583
ALDH3A1,0.0
ALDH3A2,0.253644744093139
ALDH3B1,0.0
ALDH3B2,0.0
ALDH4A1,0.4127178969233909
ALDH5A1,2.0369648353432246
ALDH6A1,2.114952341510742
ALDH7A1,2.369624421701324
ALDH7A1P1,0.0
ALDH7A1P2,0.0
ALDH7A1P3,0.0
ALDH7A1P4,0.0
ALDH8A1,0.0
ALDH9A1,2.466751891535544
ALDOA,2.4325050715827907
ALDOAP1,0.0
ALDOAP2,0.0
ALDOB,0.0
ALDOC,3.4154596327534383
ALG1,0.253644744093139
ALG10,0.0
ALG10B,1.8737491581138752
ALG11,0.0
ALG12,0.0
ALG13,2.292573845656421
ALG13-AS1,0.0
ALG14,1.909127290849204
ALG1L,0.0
ALG1L10P,0.0
ALG1L11P,0.0
ALG1L12P,0.253644744093139
ALG1L13P,0.0
ALG1L14P,0.0
ALG1L15P,0.0
ALG1L2,0.0
ALG1L3P,0.0
ALG1L5P,0.0
ALG1L6P,0.0
ALG1L7P,0.0
ALG1L8P,0.0
ALG1L9P,0.0
ALG2,2.466751891535544
ALG3,0.0
ALG3P1,0.0
ALG5,0.0
ALG6,1.365702298095103
ALG8,0.253644744093139
ALG9,0.0
ALG9,0.0
ALG9,0.0
ALG9,0.0
ALG9-IT1,0.0
ALG9-IT1,0.0
ALK,0.0
ALKBH1,1.7701774257562413
ALKBH2,1.0535570409588524
ALKBH3,0.0
ALKBH3-AS1,0.0
ALKBH4,0.0
ALKBH5,0.0
ALKBH6,0.0
ALKBH7,0.0
ALKBH8,0.0
ALLC,0.0
ALMS1,1.990243223759475
ALMS1-IT1,0.0
ALMS1P,0.0
ALOX12,0.0
ALOX12B,0.0
ALOX12P1,0.0
ALOX12P2,0.253644744093139
ALOX15,0.0
ALOX15B,0.0
ALOX15P2,0.0
ALOX5,0.0
ALOX5,0.0
ALOX5AP,0.0
ALOXE3,0.0
ALPI,0.0
ALPK1,0.0
ALPK2,0.0
ALPK3,0.0
ALPL,0.0
ALPP,0.0
ALPPL2,0.0
ALS2,0.9105921305334987
ALS2CL,0.0
ALS2CR11,0.253644744093139
ALS2CR12,0.253644744093139
ALX1,0.0
ALX3,0.0
ALX4,0.0
ALYREF,0.0
AMACR,0.0
AMBN,0.0
AMBP,0.0
AMBRA1,0.0
AMD1,1.6496233519400156
AMD1P1,0.0
AMDHD1,0.0
AMDHD2,0.0
AMDP1,0.0
AMDP1,0.0
AMELX,0.0
AMELY,0.0
AMER1,0.0
AMER2,2.014232018514904
AMER2-AS1,1.514954562424701
AMER3,0.0
AMFR,0.6204550963106681
AMH,0.0
AMHR2,0.0
AMICA1,0.0
AMIGO1,1.0535570409588524
AMIGO2,0.0
AMIGO3,0.0
AMMECR1,0.0
AMMECR1-IT1,0.0
AMMECR1L,0.0
AMMECR1LP1,0.0
AMN,0.0
AMN1,0.0
AMOT,2.017553329078163
AMOTL1,0.0
AMOTL2,0.9509808635159877
AMPD1,0.0
AMPD2,0.0
AMPD3,0.0
AMPH,0.0
AMT,0.0
AMTN,0.0
AMY1A,0.0
AMY1B,0.0
AMY1C,0.0
AMY2A,0.0
AMY2B,2.25402786314266
AMYP1,0.0
AMZ1,0.0
AMZ2,0.0
AMZ2,0.0
AMZ2P1,0.4127178969233909
AMZ2P2,0.0
ANAPC1,0.0
ANAPC10,1.900549254498717
ANAPC10P1,0.0
ANAPC11,2.079144757918472
ANAPC13,1.8352314375814356
ANAPC15,0.0
ANAPC16,1.7701774257562413
ANAPC1P1,0.0
ANAPC2,0.253644744093139
ANAPC4,0.0
ANAPC5,0.0
ANAPC7,1.9972334333569983
ANG,0.0
ANGEL1,0.0
ANGEL2,2.150474298334609
ANGPT1,0.0
ANGPT2,0.5288907918624668
ANGPT4,0.0
ANGPTL1,0.253644744093139
ANGPTL2,0.0
ANGPTL3,0.0
ANGPTL4,1.686600231622561
ANGPTL5,0.0
ANGPTL6,0.0
ANGPTL7,0.0
ANHX,0.0
ANK1,0.0
ANK2,3.004677166296761
ANK3,1.9338893813999691
ANKAR,1.89179836789066
ANKDD1A,1.7140700431083098
ANKDD1B,0.0
ANKEF1,0.0
ANKFN1,0.0
ANKFY1,0.0
ANKH,1.2843206418841475
ANKHD1,0.0
ANKHD1-EIF4EBP3,0.0
ANKIB1,1.8146108385283355
ANKK1,0.0
ANKLE1,0.0
ANKLE2,0.0
ANKMY1,0.0
ANKMY2,0.0
ANKRA2,0.0
ANKRD1,1.1105557679530071
ANKRD10,2.670462710619998
ANKRD10-IT1,0.0
ANKRD11,1.0535570409588524
ANKRD12,2.715169682462412
ANKRD13A,0.0
ANKRD13B,1.1364750726028654
ANKRD13C,2.645477254360429
ANKRD13D,0.0
ANKRD16,0.0
ANKRD17,2.860488917076255
ANKRD18A,0.0
ANKRD18A,0.0
ANKRD18B,0.0
ANKRD18CP,0.6204550963106681
ANKRD18DP,0.0
ANKRD18EP,0.0
ANKRD19P,0.0
ANKRD2,0.0
ANKRD20A1,0.0
ANKRD20A10P,0.0
ANKRD20A11P,0.0
ANKRD20A12P,0.0
ANKRD20A14P,0.253644744093139
ANKRD20A17P,0.0
ANKRD20A18P,0.0
ANKRD20A19P,0.0
ANKRD20A2,0.0
ANKRD20A3,0.0
ANKRD20A4,0.6204550963106681
ANKRD20A5P,0.0
ANKRD20A7P,0.0
ANKRD20A8P,0.0
ANKRD20A9P,0.0
ANKRD22,0.0
ANKRD23,0.0
ANKRD24,1.3349544931480026
ANKRD26,0.9509808635159877
ANKRD26P1,0.0
ANKRD26P2,0.0
ANKRD26P3,0.0
ANKRD26P4,0.0
ANKRD27,1.686600231622561
ANKRD28,2.852337510572033
ANKRD29,1.1609342125054871
ANKRD30A,0.0
ANKRD30B,0.0
ANKRD30BL,0.0
ANKRD30BP1,0.0
ANKRD30BP2,0.0
ANKRD30BP3,0.0
ANKRD31,0.0
ANKRD32,0.0
ANKRD33,0.0
ANKRD33B,0.0
ANKRD33B-AS1,0.0
ANKRD34A,0.0
ANKRD34A,0.0
ANKRD34B,0.0
ANKRD34C,0.0
ANKRD35,0.0
ANKRD35,0.0
ANKRD36,2.007512212023229
ANKRD36B,2.447514123328141
ANKRD36BP1,0.0
ANKRD36BP2,0.253644744093139
ANKRD36C,2.201014444446189
ANKRD36P1,0.0
ANKRD37,0.0
ANKRD39,1.3187237340792874
ANKRD40,2.082006475794047
ANKRD42,1.4933759616707991
ANKRD44,1.2060714458283772
ANKRD44-IT1,0.0
ANKRD45,0.253644744093139
ANKRD46,0.0
ANKRD49,0.0
ANKRD50,0.0
ANKRD52,0.0
ANKRD53,0.0
ANKRD53,0.0
ANKRD54,0.0
ANKRD54P1,0.0
ANKRD55,0.0
ANKRD6,0.6960356275201428
ANKRD60,0.0
ANKRD61,1.5454363124656982
ANKRD62,0.0
ANKRD62P1,0.0
ANKRD62P1-PARP4P3,0.0
ANKRD63,0.0
ANKRD65,0.0
ANKRD66,0.0
ANKRD7,0.0
ANKRD9,0.0
ANKS1A,1.686600231622561
ANKS1B,1.60064667142076
ANKS3,0.9509808635159877
ANKS4B,0.0
ANKS6,0.0
ANKUB1,0.0
ANKZF1,0.0
ANLN,0.0
ANO1,0.0
ANO1-AS1,0.0
ANO1-AS2,0.0
ANO1-AS2,0.0
ANO10,0.4127178969233909
ANO2,0.0
ANO3,0.0
ANO4,0.0
ANO4,0.0
ANO5,0.253644744093139
ANO6,0.7603920768618123
ANO7,0.0
ANO7P1,0.0
ANO8,0.0
ANO9,0.0
ANP32A,0.9509808635159877
ANP32AP1,0.0
ANP32B,0.0
ANP32BP1,0.0
ANP32BP2,0.0
ANP32BP3,0.0
ANP32C,0.0
ANP32D,0.0
ANP32E,0.0
ANP32E,0.0
ANPEP,0.0
ANTXR1,0.0
ANTXR2,0.0
ANTXRL,0.0
ANTXRLP1,0.0
ANTXRLP1,0.0
ANXA1,0.0
ANXA10,0.0
ANXA11,0.0
ANXA13,0.0
ANXA2,0.0
ANXA2P1,0.0
ANXA2P2,0.0
ANXA2P3,0.0
ANXA2R,0.0
ANXA3,0.0
ANXA4,1.9048594511354124
ANXA5,2.020849432240322
ANXA6,0.0
ANXA7,1.9759159375793864
ANXA8,0.0
ANXA8,0.0
ANXA8L1,0.0
ANXA8L2,0.0
ANXA9,0.0
AOAH,0.0
AOAH-IT1,0.0
AOC1,0.0
AOC2,0.0
AOC3,0.0
AOC4P,0.0
AOX1,0.0
AOX2P,0.0
AOX3P,0.0
AP000146.2,0.0
AP000221.1,0.0
AP000226.9,0.0
AP000230.1,0.0
AP000233.3,0.0
AP000233.4,0.0
AP000235.2,0.0
AP000235.3,0.0
AP000240.9,0.0
AP000244.1,0.0
AP000244.11,0.0
AP000251.3,0.0
AP000253.1,1.3944163697813394
AP000254.8,1.365702298095103
AP000255.6,0.0
AP000261.1,0.0
AP000265.1,0.0
AP000266.7,0.0
AP000275.64,0.0
AP000275.65,0.0
AP000281.1,0.0
AP000281.2,0.0
AP000282.2,0.0
AP000282.3,0.0
AP000289.6,0.0
AP000290.7,0.0
AP000295.10,0.0
AP000295.9,0.0
AP000301.1,0.0
AP000302.58,0.0
AP000302.58,0.0
AP000304.1,0.0
AP000304.12,0.0
AP000318.1,0.0
AP000318.2,0.0
AP000320.6,0.0
AP000320.7,0.0
AP000322.53,0.0
AP000322.54,0.0
AP000330.8,0.0
AP000343.1,0.0
AP000343.2,0.0
AP000344.3,0.0
AP000344.4,0.0
AP000345.1,0.0
AP000345.2,0.0
AP000345.4,0.0
AP000347.2,0.0
AP000347.4,0.0
AP000349.1,0.0
AP000350.10,0.0
AP000350.4,0.0
AP000350.5,0.0
AP000350.6,0.0
AP000350.7,0.0
AP000350.8,0.0
AP000351.10,0.0
AP000351.13,0.0
AP000351.3,0.0
AP000351.4,0.0
AP000351.8,0.0
AP000351.9,0.0
AP000354.2,0.0
AP000354.4,0.0
AP000355.2,0.0
AP000356.1,0.0
AP000356.2,0.0
AP000357.4,0.0
AP000358.5,0.0
AP000361.2,0.0
AP000362.1,0.0
AP000402.3,0.0
AP000403.3,0.0
AP000428.1,0.0
AP000431.1,0.0
AP000431.2,0.0
AP000432.2,0.0
AP000435.3,0.0
AP000436.4,0.0
AP000438.2,0.0
AP000438.4,0.0
AP000439.1,0.0
AP000439.2,0.0
AP000439.3,0.0
AP000439.5,0.0
AP000442.1,0.0
AP000442.4,0.0
AP000445.1,0.0
AP000445.2,0.0
AP000445.3,0.0
AP000459.4,0.0
AP000459.7,0.0
AP000462.1,2.259748353078942
AP000462.2,0.0
AP000462.3,0.253644744093139
AP000469.2,0.0
AP000470.2,0.0
AP000472.2,0.0
AP000472.3,0.0
AP000473.5,0.0
AP000473.6,0.0
AP000473.8,0.0
AP000474.1,0.0
AP000475.2,0.0
AP000476.1,0.0
AP000477.2,0.0
AP000477.3,0.0
AP000478.1,0.0
AP000479.1,0.0
AP000487.4,0.0
AP000487.5,1.6258250518828512
AP000487.6,0.0
AP000525.10,0.0
AP000525.9,0.0
AP000539.1,0.0
AP000539.2,0.0
AP000539.3,0.0
AP000547.1,0.0
AP000560.1,0.0
AP000563.2,0.0
AP000567.27,0.0
AP000568.2,0.0
AP000569.9,0.0
AP000580.1,0.0
AP000593.5,0.0
AP000593.6,0.0
AP000593.7,0.0
AP000619.5,0.0
AP000619.6,0.0
AP000620.1,0.0
AP000640.10,0.0
AP000640.2,0.0
AP000641.1,0.0
AP000647.3,0.0
AP000648.3,0.0
AP000648.6,0.0
AP000654.4,0.0
AP000654.5,0.0
AP000662.4,0.0
AP000662.9,0.0
AP000673.1,0.0
AP000679.2,0.0
AP000688.1,0.0
AP000688.11,0.0
AP000688.14,0.0
AP000688.15,0.0
AP000688.29,0.253644744093139
AP000688.8,0.0
AP000692.10,0.0
AP000692.9,1.1364750726028654
AP000695.1,0.0
AP000695.4,0.0
AP000695.6,0.0
AP000696.2,0.0
AP000697.6,0.0
AP000704.5,0.0
AP000705.6,0.0
AP000705.6,0.0
AP000705.7,0.0
AP000705.8,0.0
AP000705.8,0.0
AP000708.1,1.5454363124656982
AP000719.1,0.0
AP000721.4,0.0
AP000745.1,0.0
AP000758.1,0.0
AP000765.1,0.0
AP000769.1,0.8164310788769841
AP000769.7,0.0
AP000769.8,0.0
AP000770.1,0.0
AP000781.1,0.0
AP000783.1,0.0
AP000797.1,0.0
AP000797.2,0.0
AP000797.3,0.0
AP000797.4,0.0
AP000807.1,0.0
AP000807.2,0.0
AP000855.4,0.0
AP000857.2,0.0
AP000857.3,0.0
AP000859.4,0.0
AP000860.2,0.0
AP000866.1,0.0
AP000867.1,0.0
AP000867.14,0.0
AP000868.1,0.0
AP000889.1,0.0
AP000889.2,0.0
AP000889.3,0.0
AP000892.4,0.0
AP000892.8,0.0
AP000897.1,0.0
AP000908.1,0.0
AP000911.1,0.0
AP000925.2,0.0
AP000936.1,1.1840889676042927
AP000936.2,0.0
AP000936.4,0.0
AP000936.5,0.0
AP000946.2,0.0
AP000949.1,0.0
AP000959.2,0.0
AP000962.2,0.0
AP000974.1,0.0
AP000997.1,0.0
AP000997.2,0.0
AP000998.2,0.0
AP001007.1,0.0
AP001010.1,0.0
AP001024.1,0.0
AP001024.2,0.0
AP001029.1,0.0
AP001032.1,0.0
AP001042.1,0.0
AP001043.1,0.0
AP001044.2,0.0
AP001046.5,0.0
AP001046.6,0.0
AP001048.4,0.0
AP001053.11,0.0
AP001055.1,0.0
AP001055.6,0.0
AP001056.1,0.0
AP001057.1,0.0
AP001058.3,0.0
AP001059.5,0.0
AP001062.1,0.0
AP001062.7,0.0
AP001062.8,0.0
AP001062.9,0.0
AP001063.1,0.0
AP001065.15,0.0
AP001065.2,0.0
AP001065.7,0.0
AP001067.1,0.0
AP001069.1,0.0
AP001092.4,0.0
AP001094.1,0.0
AP001136.2,0.0
AP001137.1,0.0
AP001171.1,0.0
AP001172.2,0.253644744093139
AP001172.3,0.253644744093139
AP001178.1,0.0
AP001187.1,0.0
AP001187.11,0.0
AP001189.4,0.0
AP001205.1,0.0
AP001255.2,0.0
AP001257.1,0.0
AP001258.4,1.85007876288628
AP001258.5,0.0
AP001266.1,0.0
AP001271.3,0.0
AP001271.3,0.0
AP001282.1,0.0
AP001324.1,0.0
AP001331.1,0.0
AP001340.1,0.0
AP001342.1,0.0
AP001347.6,0.0
AP001350.1,0.0
AP001362.1,0.0
AP001372.2,0.0
AP001412.1,0.0
AP001421.1,0.0
AP001422.3,0.0
AP001425.14,0.0
AP001427.1,0.0
AP001429.1,0.0
AP001432.14,0.0
AP001434.2,0.0
AP001437.1,0.253644744093139
AP001439.2,0.0
AP001442.2,0.0
AP001462.6,0.0
AP001464.4,0.0
AP001465.5,0.0
AP001468.1,0.0
AP001468.58,0.0
AP001469.5,0.0
AP001469.7,0.0
AP001469.9,0.4127178969233909
AP001471.1,0.0
AP001476.2,0.0
AP001476.3,0.0
AP001476.4,0.0
AP001482.1,0.0
AP001505.9,0.0
AP001525.1,0.0
AP001537.1,0.0
AP001572.1,0.0
AP001579.1,0.0
AP001595.1,0.0
AP001596.6,0.0
AP001597.1,0.0
AP001601.2,0.0
AP001604.3,0.0
AP001605.4,0.0
AP001607.1,0.0
AP001610.5,0.0
AP001610.9,0.0
AP001615.9,0.0
AP001619.2,0.0
AP001619.3,0.0
AP001623.1,0.0
AP001625.4,0.0
AP001625.5,0.0
AP001625.6,0.0
AP001626.1,0.0
AP001626.2,0.0
AP001627.1,0.0
AP001628.6,0.0
AP001628.7,0.0
AP001630.5,0.0
AP001631.1,0.0
AP001631.10,0.0
AP001631.9,0.0
AP001634.1,0.0
AP001652.1,0.0
AP001781.1,0.0
AP001816.1,0.0
AP001877.1,0.8164310788769841
AP001885.1,0.0
AP001888.1,0.0
AP001891.1,0.0
AP001925.1,0.0
AP001992.1,0.0
AP002348.1,0.0
AP002353.1,0.0
AP002364.1,0.0
AP002381.2,0.0
AP002387.1,0.253644744093139
AP002414.1,0.0
AP002490.1,0.0
AP002495.1,0.0
AP002498.1,0.0
AP002517.1,0.0
AP002530.2,0.0
AP002761.1,0.0
AP002789.1,0.0
AP002806.1,0.0
AP002833.1,0.0
AP002856.4,0.0
AP002856.5,0.0
AP002856.6,0.0
AP002856.7,0.0
AP002884.1,0.0
AP002884.2,0.0
AP002884.3,0.0
AP002954.3,0.0
AP002954.3,0.0
AP002954.4,0.0
AP002954.4,0.0
AP002954.6,0.0
AP002954.6,0.0
AP002956.1,0.0
AP002958.1,0.0
AP003025.2,1.0219824427879696
AP003026.1,0.0
AP003027.1,0.0
AP003039.3,0.0
AP003041.1,0.0
AP003041.2,0.0
AP003062.1,0.0
AP003064.1,0.0
AP003064.2,0.0
AP003068.12,0.0
AP003068.17,0.0
AP003068.18,1.591918701844707
AP003068.23,0.0
AP003068.6,0.0
AP003068.9,0.4127178969233909
AP003096.1,0.0
AP003305.1,0.0
AP003354.1,0.0
AP003356.1,0.0
AP003385.1,0.0
AP003385.2,0.0
AP003419.11,0.0
AP003419.16,0.0
AP003471.1,0.0
AP003471.2,0.0
AP003471.3,0.0
AP003498.1,0.0
AP003498.2,0.0
AP003550.1,0.0
AP003558.1,0.0
AP003730.1,0.0
AP003733.1,1.3506004547184218
AP003774.1,0.0
AP003774.4,0.0
AP003774.5,0.0
AP003774.6,0.0
AP003900.6,0.0
AP004242.1,0.0
AP004289.1,0.0
AP004289.2,0.0
AP004290.1,0.0
AP004372.1,0.0
AP004550.1,0.0
AP005019.3,0.0
AP005019.4,0.0
AP005118.1,0.0
AP005135.2,0.0
AP005138.1,0.0
AP005227.1,0.0
AP005271.1,0.0
AP005273.1,0.0
AP005482.1,0.0
AP005530.1,0.0
AP005530.2,0.0
AP005638.1,0.0
AP005718.1,0.0
AP005901.1,0.0
AP006216.10,0.0
AP006216.11,0.0
AP006216.12,0.0
AP006216.5,0.0
AP006222.1,0.0
AP006222.2,0.0
AP006285.1,0.0
AP006285.6,0.0
AP006285.7,0.0
AP006288.1,0.0
AP006294.2,0.0
AP006477.1,0.0
AP006547.3,0.0
AP006564.1,0.0
AP006621.1,0.0
AP006621.5,0.0
AP006621.6,0.0
AP006621.8,0.0
AP006621.9,0.0
AP006748.1,0.0
AP1AR,0.0
AP1B1,0.0
AP1B1P1,0.0
AP1B1P2,0.0
AP1G1,1.6175933905056985
AP1G2,0.253644744093139
AP1M1,0.0
AP1M2,0.0
AP1S1,0.0
AP1S2,1.7073637581471683
AP1S3,0.0
AP2A1,0.0
AP2A2,1.470668879757139
AP2B1,1.0219824427879696
AP2M1,2.2363999041364866
AP2S1,0.0
AP3B1,0.6960356275201428
AP3B2,0.0
AP3D1,2.014232018514904
AP3M1,0.0
AP3M2,0.253644744093139
AP3S1,0.6204550963106681
AP3S2,0.4127178969233909
AP4B1,2.226288317599943
AP4B1-AS1,1.0219824427879696
AP4E1,0.8164310788769841
AP4M1,0.0
AP4S1,0.253644744093139
AP5B1,0.0
AP5M1,0.0
AP5S1,0.0
AP5Z1,0.0
APAF1,0.0
APBA1,2.010885112023206
APBA2,1.591918701844707
APBA3,0.0
APBB1,0.6204550963106681
APBB1IP,0.0
APBB2,1.7522684493138374
APBB3,0.0
APC,3.3664733397555904
APC2,1.3187237340792874
APCDD1,0.6204550963106681
APCDD1L,0.0
APCDD1L-AS1,0.0
APCS,0.0
APEH,2.0041129115992096
APEX1,2.448741774902652
APEX2,0.0
APH1A,0.0
APH1A,0.0
APH1B,0.0
API5,1.2843206418841475
API5P1,0.0
API5P1,0.0
API5P2,0.0
APIP,0.0
APITD1,0.0
APITD1-CORT,0.0
APLF,0.0
APLN,0.4127178969233909
APLNR,1.2060714458283772
APLP1,0.0
APLP2,0.5288907918624668
APMAP,2.4089716970348407
APOA1,0.0
APOA1BP,0.0
APOA2,0.0
APOA4,0.0
APOA5,0.0
APOB,0.0
APOBEC1,0.0
APOBEC2,0.0
APOBEC3A,0.0
APOBEC3A,0.0
APOBEC3AP1,0.0
APOBEC3B,0.0
APOBEC3B-AS1,0.0
APOBEC3B-AS1,0.0
APOBEC3C,0.0
APOBEC3D,0.0
APOBEC3F,0.0
APOBEC3G,0.0
APOBEC3H,0.0
APOBEC4,0.0
APOBR,0.0
APOC1,1.664793942489872
APOC1P1,0.0
APOC2,0.253644744093139
APOC3,0.0
APOC4,0.0
APOC4-APOC2,0.0
APOD,0.0
APOE,2.178767794671365
APOF,0.0
APOH,0.0
APOL1,0.0
APOL2,1.2269946489498065
APOL3,0.0
APOL4,0.0
APOL5,0.0
APOL6,0.0
APOLD1,0.0
APOM,0.0
APOM,0.0
APOM,0.0
APOM,0.0
APOM,0.0
APOM,0.0
APOM,0.0
APOO,0.9509808635159877
APOOL,0.0
APOOP1,0.0
APOOP2,0.0
APOOP3,0.0
APOOP4,0.0
APOOP5,0.0
APOPT1,0.4127178969233909
APP,1.0219824427879696
APPBP2,0.0
APPL1,0.0
APPL2,2.6622929055910403
APRT,0.866058549240148
APTX,0.0
AQP1,0.0
AQP1,0.0
AQP10,0.0
AQP11,0.0
AQP12A,0.0
AQP12B,0.0
AQP2,0.0
AQP3,0.0
AQP4,3.577961013829385
AQP4-AS1,2.117588261664702
AQP5,2.010885112023206
AQP6,1.85007876288628
AQP7,0.0
AQP7P1,1.2469559880685197
AQP7P2,0.0
AQP7P3,0.253644744093139
AQP7P4,0.0
AQP8,0.0
AQP9,0.0
AQPEP,0.0
AQR,2.010885112023206
AR,0.0
ARAF,1.3349544931480026
ARAP1,0.0
ARAP1-AS1,0.0
ARAP1-AS2,0.0
ARAP2,2.730815504347759
ARAP3,0.0
ARC,1.2269946489498065
ARCN1,0.0
ARCN1,0.0
AREG,0.0
AREGB,0.0
AREL1,1.664793942489872
ARF1,1.8402371571691645
ARF1P1,0.0
ARF1P2,0.0
ARF1P3,0.0
ARF3,0.8164310788769841
ARF4,2.3391629771226428
ARF4P2,0.0
ARF4P3,0.0
ARF4P4,0.0
ARF5,0.0
ARF6,0.0
ARFGAP1,0.0
ARFGAP2,0.4127178969233909
ARFGAP3,2.481778457208222
ARFGEF1,1.0535570409588524
ARFGEF2,0.0
ARFIP1,1.7929621417944026
ARFIP2,0.0
ARFRP1,0.0
ARG1,0.0
ARG2,0.8164310788769841
ARGFX,0.0
ARGFXP1,0.0
ARGFXP2,0.0
ARGLU1,2.816010024662727
ARHGAP1,2.240379527567605
ARHGAP10,0.0
ARHGAP11A,0.0
ARHGAP11B,0.0
ARHGAP12,0.0
ARHGAP15,0.0
ARHGAP17,0.9509808635159877
ARHGAP18,0.0
ARHGAP19,0.0
ARHGAP19-SLIT1,0.0
ARHGAP20,0.0
ARHGAP21,1.917539173272604
ARHGAP22,0.0
ARHGAP22-IT1,0.0
ARHGAP23,0.0
ARHGAP23,0.0
ARHGAP23P1,0.0
ARHGAP24,2.5745192676552264
ARHGAP25,0.0
ARHGAP26,2.836063627889727
ARHGAP26-AS1,0.0
ARHGAP26-IT1,0.5288907918624668
ARHGAP27,0.0
ARHGAP28,0.0
ARHGAP29,0.0
ARHGAP30,0.0
ARHGAP31,1.8092989910424864
ARHGAP31-AS1,0.0
ARHGAP32,2.4363062427831657
ARHGAP33,1.1840889676042927
ARHGAP35,2.1330763966762865
ARHGAP36,0.0
ARHGAP39,0.0
ARHGAP4,0.0
ARHGAP4,0.0
ARHGAP40,0.0
ARHGAP42,0.0
ARHGAP42P1,0.0
ARHGAP42P2,0.0
ARHGAP42P3,0.0
ARHGAP42P4,0.0
ARHGAP42P5,0.0
ARHGAP44,2.1042457017450573
ARHGAP5,2.3994640132068383
ARHGAP5-AS1,1.2843206418841475
ARHGAP6,0.0
ARHGAP8,0.0
ARHGAP9,0.0
ARHGDIA,0.253644744093139
ARHGDIB,0.0
ARHGDIG,0.0
ARHGEF1,0.0
ARHGEF1,0.0
ARHGEF10,1.3944163697813394
ARHGEF10L,0.0
ARHGEF11,0.0
ARHGEF12,2.211724524908352
ARHGEF15,0.0
ARHGEF16,0.0
ARHGEF17,0.0
ARHGEF18,0.0
ARHGEF19,0.0
ARHGEF19-AS1,0.0
ARHGEF2,0.0
ARHGEF25,0.0
ARHGEF26,1.470668879757139
ARHGEF26-AS1,0.0
ARHGEF28,1.909127290849204
ARHGEF3,0.866058549240148
ARHGEF3-AS1,0.0
ARHGEF33,0.0
ARHGEF34P,0.0
ARHGEF35,0.0
ARHGEF37,0.253644744093139
ARHGEF38,0.0
ARHGEF38-IT1,0.0
ARHGEF39,0.866058549240148
ARHGEF4,0.0
ARHGEF40,2.5799906446622645
ARHGEF5,0.0
ARHGEF6,2.8698869466838444
ARHGEF7,0.0
ARHGEF7-AS1,0.0
ARHGEF7-AS2,0.0
ARHGEF7-IT1,0.0
ARHGEF9,0.0
ARHGEF9,0.0
ARHGEF9-IT1,0.0
ARHGEF9-IT1,0.0
ARID1A,1.6258250518828512
ARID1B,1.4933759616707991
ARID2,2.473751888923041
ARID3A,0.4127178969233909
ARID3B,0.0
ARID3C,0.0
ARID4A,1.0219824427879696
ARID4B,2.343870641983304
ARID4B-IT1,0.0
ARID5A,0.0
ARID5B,0.0
ARIH1,0.253644744093139
ARIH2,0.8164310788769841
ARIH2OS,0.0
ARIH2P1,0.0
ARL1,1.5739182395996751
ARL10,0.0
ARL11,0.0
ARL13A,0.0
ARL13B,1.76428944396994
ARL14,0.0
ARL14EP,0.253644744093139
ARL14EPL,0.0
ARL15,1.4213491305518202
ARL16,0.0
ARL17,0.0
ARL17A,0.0
ARL17A,0.6204550963106681
ARL17B,0.0
ARL2,0.0
ARL2BP,0.9509808635159877
ARL2BPP1,0.0
ARL2BPP10,0.0
ARL2BPP2,0.0
ARL2BPP3,0.0
ARL2BPP4,0.0
ARL2BPP5,0.0
ARL2BPP6,0.0
ARL2BPP7,0.0
ARL2BPP8,0.0
ARL3,0.0
ARL4A,0.0
ARL4C,1.6258250518828512
ARL4D,0.0
ARL4P,0.0
ARL5A,0.253644744093139
ARL5AP1,0.0
ARL5AP2,0.0
ARL5AP3,0.0
ARL5AP4,0.0
ARL5B,0.0
ARL5B-AS1,0.0
ARL5C,0.0
ARL6,0.0
ARL6IP1,2.447514123328141
ARL6IP1P1,0.0
ARL6IP1P2,0.0
ARL6IP1P3,0.0
ARL6IP4,0.0
ARL6IP5,2.0463546340021432
ARL6IP6,0.4127178969233909
ARL8A,0.0
ARL8B,0.0
ARL9,0.0
ARMC1,2.164851414502081
ARMC10,0.0
ARMC10P1,0.0
ARMC12,0.0
ARMC2,1.0829908296976
ARMC2-AS1,0.0
ARMC3,0.0
ARMC4,0.0
ARMC4P1,0.0
ARMC5,0.0
ARMC6,0.0
ARMC7,1.664793942489872
ARMC8,2.0675055056503746
ARMC9,2.1833092257283497
ARMCX1,0.0
ARMCX1,0.0
ARMCX2,0.0
ARMCX2,0.0
ARMCX3,0.0
ARMCX3,0.0
ARMCX3-AS1,0.0
ARMCX3-AS1,0.0
ARMCX4,0.0
ARMCX4,0.0
ARMCX5,0.0
ARMCX6,0.0
ARMCX6,0.0
ARMS2,0.0
ARNT,1.1609342125054871
ARNT2,1.8451858371752416
ARNTL,0.0
ARNTL2,0.0
ARPC1A,0.0
ARPC1B,0.0
ARPC2,0.0
ARPC3,1.7271797157291466
ARPC3P1,0.0
ARPC3P2,0.0
ARPC3P5,0.0
ARPC4,1.9610998250314529
ARPC4-TTLL3,0.0
ARPC5,0.0
ARPC5L,1.8198585011625843
ARPP19,1.990243223759475
ARPP21,0.4127178969233909
ARPP21-AS1,0.0
ARR3,0.0
ARRB1,0.0
ARRB2,0.0
ARRDC1,0.0
ARRDC2,0.0
ARRDC3,3.2442551944234097
ARRDC4,0.0
ARRDC5,0.0
ARSA,0.0
ARSB,0.253644744093139
ARSD,0.0
ARSD-AS1,0.0
ARSDP1,0.0
ARSE,0.0
ARSEP1,0.0
ARSF,0.0
ARSFP1,0.0
ARSG,0.0
ARSH,0.0
ARSI,0.0
ARSJ,0.0
ARSK,0.0
ART1,0.0
ART3,0.0
ART4,0.0
ART5,0.0
ARTN,0.0
ARV1,1.5830117235334478
ARVCF,0.4127178969233909
ARX,1.2269946489498065
AS3MT,0.0
ASAH1,1.7929621417944026
ASAH2,0.0
ASAH2B,0.0
ASAH2C,0.0
ASAP1,1.9048594511354124
ASAP2,0.0
ASAP3,2.174178371429241
ASB1,0.0
ASB10,0.0
ASB11,0.0
ASB12,0.0
ASB13,0.0
ASB14,1.73358907889706
ASB15,0.0
ASB16,0.0
ASB16-AS1,0.0
ASB17,0.0
ASB18,0.0
ASB2,0.0
ASB3,0.0
ASB4,0.0
ASB5,0.0
ASB6,0.0
ASB7,0.0
ASB8,0.0
ASB9,0.0
ASB9P1,0.0
ASCC1,2.246281411471585
ASCC2,1.1105557679530071
ASCC3,1.1105557679530071
ASCL1,0.0
ASCL2,0.0
ASCL3,0.0
ASCL4,0.0
ASCL5,0.0
ASF1A,1.73358907889706
ASF1B,0.0
ASGR1,0.0
ASGR2,0.253644744093139
ASH1L,2.876346618712448
ASH1L-AS1,1.1840889676042927
ASH1L-IT1,0.0
ASH2L,0.0
ASH2LP1,0.0
ASIC1,1.5454363124656982
ASIC2,0.0
ASIC3,0.9509808635159877
ASIC4,1.1364750726028654
ASIC5,0.0
ASIP,0.0
ASL,0.0
ASLP1,0.0
ASMT,0.0
ASMT,0.0
ASMTL,0.0
ASMTL,0.0
ASMTL-AS1,0.0
ASMTL-AS1,0.0
ASNA1,1.5454363124656982
ASNS,0.0
ASNSD1,0.0
ASNSP1,0.0
ASNSP3,0.0
ASNSP4,0.0
ASNSP5,0.0
ASPA,1.514954562424701
ASPDH,0.0
ASPG,0.0
ASPH,2.5726800495588136
ASPHD1,0.0
ASPHD2,2.292573845656421
ASPM,0.0
ASPN,0.0
ASPRV1,0.0
ASPSCR1,0.0
ASRGL1,0.0
ASS1,0.0
ASS1P1,0.0
ASS1P10,0.0
ASS1P11,0.0
ASS1P12,0.0
ASS1P2,0.0
ASS1P4,0.0
ASS1P5,0.0
ASS1P5,0.0
ASS1P6,0.0
ASS1P7,0.0
ASS1P9,0.0
ASTE1,2.3391629771226428
ASTL,0.0
ASTN1,1.6175933905056985
ASTN2,1.878332270313977
ASUN,0.0
ASXL1,2.462021748829196
ASXL2,1.5042992690810633
ASXL3,0.0
ASZ1,0.0
ATAD1,1.1609342125054871
ATAD2,0.0
ATAD2B,0.0
ATAD3A,0.0
ATAD3B,0.0
ATAD3C,1.564630272110482
ATAD5,2.4337758288841904
ATAT1,0.0
ATAT1,0.0
ATAT1,0.0
ATAT1,0.0
ATAT1,0.0
ATAT1,0.0
ATAT1,0.0
ATCAY,0.866058549240148
ATE1,1.664793942489872
ATF1,0.0
ATF1P1,0.0
ATF2,1.0829908296976
ATF3,0.0
ATF4,2.385510052189798
ATF4P1,0.0
ATF4P1,0.0
ATF4P2,0.0
ATF4P2,0.0
ATF4P3,0.6204550963106681
ATF4P4,0.0
ATF5,0.0
ATF6,1.882867521541892
ATF6B,0.0
ATF6B,0.0
ATF6B,0.0
ATF6B,0.0
ATF7,0.0
ATF7IP,2.5509494863284794
ATF7IP2,1.1105557679530071
ATG10,0.0
ATG10-AS1,0.0
ATG10-IT1,0.0
ATG12,0.7603920768618123
ATG12P2,0.0
ATG13,2.4103131042734462
ATG14,0.0
ATG16L1,0.0
ATG16L2,0.0
ATG2A,0.0
ATG2B,0.9509808635159877
ATG3,0.0
ATG3P1,0.0
ATG4A,0.0
ATG4AP1,0.0
ATG4B,0.253644744093139
ATG4C,0.0
ATG4D,0.0
ATG5,0.4127178969233909
ATG7,1.2269946489498065
ATG9A,1.535511556564225
ATG9B,0.0
ATHL1,0.0
ATIC,1.3018627585701523
ATL1,1.380296600302216
ATL2,0.9105921305334987
ATL3,0.0
ATM,1.0219824427879696
ATMIN,1.9831386597707368
ATN1,0.0
ATN1,0.0
ATOH1,0.0
ATOH7,0.0
ATOH8,0.0
ATOX1,0.0
ATP10A,0.0
ATP10B,0.0
ATP10D,0.866058549240148
ATP11A,0.9879310210915638
ATP11A-AS1,0.0
ATP11B,0.0
ATP11C,0.0
ATP12A,0.0
ATP13A1,0.0
ATP13A2,2.0876739547681398
ATP13A3,1.76428944396994
ATP13A4,1.9216847941836637
ATP13A4-AS1,0.0
ATP13A5,2.491885036365916
ATP13A5-AS1,0.0
ATP1A1,0.0
ATP1A1OS,0.0
ATP1A2,3.60195805670476
ATP1A3,0.0
ATP1A3,0.0
ATP1A4,0.0
ATP1B1,2.5781745004730325
ATP1B1P1,0.0
ATP1B2,3.508293585741033
ATP1B3,0.0
ATP1B3-AS1,0.0
ATP1B3P1,0.0
ATP1B4,0.0
ATP2A1,0.0
ATP2A2,2.0463546340021432
ATP2A3,0.0
ATP2B1,2.428670336570826
ATP2B2,1.8301673481627088
ATP2B2-IT1,0.0
ATP2B2-IT2,0.0
ATP2B3,0.0
ATP2B3,0.0
ATP2B4,0.4127178969233909
ATP2C1,2.407626133745789
ATP2C2,0.0
ATP4A,0.0
ATP4B,0.0
ATP5A1,2.246281411471585
ATP5A1P1,0.0
ATP5A1P10,0.0
ATP5A1P2,0.0
ATP5A1P3,0.0
ATP5A1P5,0.0
ATP5A1P6,0.0
ATP5A1P7,0.0
ATP5A1P8,0.0
ATP5A1P9,0.0
ATP5B,2.334403722386896
ATP5BP1,0.0
ATP5C1,2.0555457066445686
ATP5C1P1,0.0
ATP5D,0.0
ATP5E,1.882867521541892
ATP5EP1,0.0
ATP5EP2,0.0
ATP5F1,2.491885036365916
ATP5F1P1,0.0
ATP5F1P2,0.0
ATP5F1P3,0.0
ATP5F1P4,0.0
ATP5F1P5,0.0
ATP5F1P6,0.0
ATP5F1P7,0.0
ATP5G1,1.60064667142076
ATP5G1P1,0.0
ATP5G1P1,0.0
ATP5G1P3,0.0
ATP5G1P4,0.0
ATP5G1P5,0.0
ATP5G1P6,0.0
ATP5G1P7,0.0
ATP5G1P8,0.0
ATP5G2,2.1305330951471686
ATP5G2P1,0.0
ATP5G2P3,0.0
ATP5G2P4,0.0
ATP5G3,0.0
ATP5H,1.4213491305518202
ATP5HP1,0.0
ATP5I,1.2843206418841475
ATP5J,1.9534978077301333
ATP5J2,1.365702298095103
ATP5J2-PTCD1,0.0
ATP5J2LP,0.0
ATP5J2P3,0.0
ATP5J2P6,0.0
ATP5JP1,0.0
ATP5L,0.0
ATP5L,0.0
ATP5L2,0.0
ATP5LP2,0.0
ATP5LP3,0.0
ATP5LP4,0.0
ATP5LP5,0.0
ATP5LP6,0.0
ATP5LP7,0.0
ATP5O,1.2269946489498065
ATP5S,0.0
ATP5SL,0.0
ATP5SL,0.0
ATP6AP1,0.0
ATP6AP1,0.4127178969233909
ATP6AP1L,1.7701774257562413
ATP6AP2,2.454828511742524
ATP6C,0.0
ATP6V0A1,2.226288317599943
ATP6V0A2,0.0
ATP6V0A4,0.0
ATP6V0B,1.9496463091932343
ATP6V0C,0.0
ATP6V0CP1,0.0
ATP6V0CP2,0.0
ATP6V0CP3,0.0
ATP6V0D1,1.8402371571691645
ATP6V0D2,0.0
ATP6V0E1,0.0
ATP6V0E1P1,0.0
ATP6V0E1P2,0.0
ATP6V0E1P3,0.0
ATP6V0E1P4,0.0
ATP6V0E2,1.693632285926403
ATP6V0E2-AS1,0.0
ATP6V1A,2.211724524908352
ATP6V1B1,0.0
ATP6V1B1,0.0
ATP6V1B2,0.0
ATP6V1C1,2.5844980532215875
ATP6V1C2,0.253644744093139
ATP6V1D,1.591918701844707
ATP6V1E1,1.3944163697813394
ATP6V1E1P1,0.0
ATP6V1E2,0.0
ATP6V1F,1.6092026860167012
ATP6V1G1,0.6960356275201428
ATP6V1G1P2,0.0
ATP6V1G1P3,0.0
ATP6V1G1P4,0.0
ATP6V1G1P6,0.0
ATP6V1G1P7,0.0
ATP6V1G2,0.0
ATP6V1G2,0.0
ATP6V1G2,0.0
ATP6V1G2,0.0
ATP6V1G2,0.0
ATP6V1G2,0.0
ATP6V1G2,0.0
ATP6V1G2-DDX39B,0.0
ATP6V1G3,0.0
ATP6V1G3,0.0
ATP6V1H,0.0
ATP7A,0.0
ATP7A,0.0
ATP7B,0.0
ATP8A1,2.327975816989281
ATP8A2,0.4127178969233909
ATP8A2P1,0.0
ATP8A2P2,0.0
ATP8A2P3,0.0
ATP8B1,0.0
ATP8B2,0.6204550963106681
ATP8B3,0.0
ATP8B4,0.0
ATP8B5P,0.0
ATP9A,1.9759159375793864
ATP9B,2.076264058037105
ATPAF1,2.3651891954641298
ATPAF2,0.253644744093139
ATPIF1,1.2469559880685197
ATR,1.917539173272604
ATRAID,0.0
ATRIP,0.0
ATRN,0.9105921305334987
ATRNL1,0.6204550963106681
ATRNL1,0.0
ATRX,0.0
ATRX,0.6960356275201428
ATXN1,2.250171908628923
ATXN10,1.4467087411059607
ATXN1L,0.0
ATXN2,1.5739182395996751
ATXN2L,0.0
ATXN3,1.9867054694268544
ATXN3L,0.0
ATXN7,1.7583205369987196
ATXN7L1,0.0
ATXN7L2,0.0
ATXN7L3,0.0
ATXN7L3B,1.8352314375814356
ATXN8OS,0.0
AUH,1.7817191880906658
AUNIP,0.0
AUP1,1.9257912163520183
AURKA,0.0
AURKAIP1,1.6175933905056985
AURKAPS1,0.0
AURKB,0.0
AURKC,0.0
AUTS2,2.391145550989741
AVEN,0.0
AVIL,1.1840889676042927
AVL9,0.866058549240148
AVP,0.0
AVPI1,0.253644744093139
AVPR1A,0.0
AVPR1B,0.0
AVPR1B,0.0
AVPR2,0.0
AVPR2,0.0
AWAT1,0.0
AWAT2,0.0
AXDND1,0.0
AXIN1,0.0
AXIN2,0.0
AXL,2.9329474484898843
AY269186.1,0.0
AY269186.2,0.0
AZGP1,1.564630272110482
AZGP1P1,0.0
AZGP1P2,0.0
AZI1,0.0
AZI2,1.1364750726028654
AZIN1,0.6204550963106681
AZU1,0.0
AZU1P1,0.0
B2M,2.805894350896862
B3GALNT1,2.203177694386906
B3GALNT2,0.253644744093139
B3GALT1,2.8880940521095337
B3GALT2,0.9509808635159877
B3GALT4,0.0
B3GALT4,0.0
B3GALT4,0.0
B3GALT4,0.0
B3GALT4,0.0
B3GALT5,0.0
B3GALT6,0.0
B3GALTL,0.9105921305334987
B3GAT1,2.240379527567605
B3GAT2,0.9879310210915638
B3GAT3,1.3506004547184218
B3GNT1,2.285490700800916
B3GNT2,0.0
B3GNT3,0.0
B3GNT4,0.0
B3GNT5,1.8549171766299344
B3GNT6,0.0
B3GNT6,0.0
B3GNT7,0.0
B3GNT8,0.0
B3GNT9,0.0
B3GNTL1,0.0
B4GALNT1,0.0
B4GALNT2,0.0
B4GALNT3,0.0
B4GALNT4,0.5288907918624668
B4GALT1,0.9879310210915638
B4GALT2,0.0
B4GALT3,0.253644744093139
B4GALT4,1.0219824427879696
B4GALT4-AS1,0.0
B4GALT5,0.7603920768618123
B4GALT6,2.040117379352544
B4GALT7,0.0
B9D1,0.0
B9D2,0.0
BAALC,2.6470331404030776
BAAT,0.0
BAATP1,0.8164310788769841
BABAM1,0.0
BACE1,0.866058549240148
BACE2,0.0
BACE2-IT1,0.0
BACH1,0.0
BACH1-AS1,0.0
BACH1-IT1,0.0
BACH1-IT2,0.0
BACH1-IT3,0.0
BACH2,0.0
BAD,0.0
BAG1,0.0
BAG2,0.0
BAG3,0.5288907918624668
BAG4,2.588070597828998
BAG5,0.0
BAG6,0.0
BAG6,0.0
BAG6,0.0
BAG6,0.0
BAG6,0.0
BAG6,0.0
BAG6,0.0
BAGE2,0.0
BAGE5,0.0
BAHCC1,0.0
BAHD1,0.0
BAI1,0.0
BAI2,0.0
BAI3,2.6156398542194985
BAIAP2,0.0
BAIAP2-AS1,0.0
BAIAP2L1,0.0
BAIAP2L2,0.0
BAIAP3,0.0
BAK1,0.0
BAK1P1,0.0
BAK1P2,0.0
BAMBI,0.0
BANF1,1.2843206418841475
BANF1P1,0.0
BANF1P2,0.0
BANF1P3,0.0
BANF1P4,0.0
BANF1P5,0.0
BANF2,0.0
BANK1,0.0
BANP,0.0
BAP1,1.1609342125054871
BARD1,0.0
BARHL1,0.0
BARHL2,0.0
BARX1,0.0
BARX2,0.0
BASP1,0.0
BASP1P1,0.0
BATF,0.0
BATF2,0.0
BATF3,0.0
BAX,0.0
BAZ1A,2.143103228985031
BAZ1B,0.0
BAZ1B,0.0
BAZ2A,1.3506004547184218
BAZ2B,3.151120530629349
BBC3,0.0
BBIP1,0.253644744093139
BBOX1,1.535511556564225
BBS1,0.0
BBS10,1.7583205369987196
BBS12,0.253644744093139
BBS2,3.1879499553817774
BBS4,1.9496463091932343
BBS5,0.4127178969233909
BBS7,2.2746445520460137
BBS9,1.5830117235334478
BBX,2.6037930465114423
BCAM,0.0
BCAN,2.64625589413827
BCAP29,0.253644744093139
BCAP31,0.0
BCAP31,0.0
BCAR1,0.0
BCAR3,0.6204550963106681
BCAR4,0.0
BCAS1,0.0
BCAS2,2.794432721177956
BCAS2P1,0.0
BCAS2P2,0.0
BCAS2P3,0.0
BCAS3,2.049439987961752
BCAS4,0.0
BCAT1,0.0
BCAT2,0.0
BCCIP,0.0
BCDIN3D,0.0
BCDIN3D-AS1,0.0
BCHE,0.0
BCKDHA,0.0
BCKDHB,0.0
BCKDK,0.0
BCL10,0.0
BCL11A,0.0
BCL11B,0.0
BCL2,0.0
BCL2A1,0.0
BCL2L1,0.0
BCL2L10,0.0
BCL2L11,0.0
BCL2L12,0.0
BCL2L13,0.9105921305334987
BCL2L14,0.253644744093139
BCL2L15,0.0
BCL2L2,0.0
BCL2L2-PABPN1,0.0
BCL3,0.0
BCL6,1.535511556564225
BCL6B,0.0
BCL7A,0.0
BCL7B,0.0
BCL7B,0.0
BCL7C,1.470668879757139
BCL9,1.0829908296976
BCL9,0.0
BCL9L,0.0
BCLAF1,2.8880940521095337
BCMO1,2.2443230149111075
BCO2,0.0
BCOR,0.0
BCORL1,0.0
BCORP1,0.0
BCR,0.0
BCRP1,0.0
BCRP2,0.0
BCRP3,0.0
BCRP4,0.0
BCRP5,0.0
BCRP6,0.0
BCRP7,0.0
BCRP8,0.0
BCRP9,0.0
BCS1L,0.0
BCYRN1,0.253644744093139
BDH1,0.0
BDH2,2.5421411689015114
BDH2P1,0.4127178969233909
BDKRB1,0.0
BDKRB2,0.0
BDNF,0.0
BDNF-AS,0.0
BDP1,0.0
BDP1,0.0
BDP1P,0.0
BEAN1,0.0
BECN1,0.0
BECN1P1,0.0
BEGAIN,1.514954562424701
BEND2,0.0
BEND3,0.0
BEND3,0.0
BEND3P2,0.0
BEND3P3,0.0
BEND4,0.0
BEND5,0.0
BEND6,0.0
BEND7,1.0535570409588524
BEST1,0.0
BEST2,0.0
BEST3,0.0
BEST4,0.0
BET1,1.4213491305518202
BET1L,1.7005522897870602
BEX1,1.9418393023284208
BEX2,1.3187237340792874
BEX4,1.7583205369987196
BEX5,0.0
BEX5,0.0
BFAR,1.365702298095103
BFSP1,0.0
BFSP2,0.0
BFSP2-AS1,0.0
BGLAP,0.0
BGN,0.0
BGN,0.0
BHLHA15,0.0
BHLHA9,0.0
BHLHB9,1.6092026860167012
BHLHE22,0.0
BHLHE23,0.0
BHLHE40,2.0675055056503746
BHLHE40-AS1,0.9105921305334987
BHLHE41,0.253644744093139
BHMT,0.0
BHMT2,0.0
BICC1,0.0
BICD1,1.1364750726028654
BICD2,0.4127178969233909
BID,0.0
BIK,0.0
BIN1,0.0
BIN2,0.0
BIN2P1,0.0
BIN2P2,0.0
BIN3,0.0
BIRC2,0.0
BIRC3,0.0
BIRC5,0.0
BIRC6,3.062061148879679
BIRC6-AS1,0.0
BIRC7,0.0
BIRC8,0.0
BIVM,0.0
BIVM-ERCC5,0.0
BLACE,0.0
BLCAP,1.664793942489872
BLID,0.0
BLK,0.0
BLM,0.0
BLMH,0.4127178969233909
BLNK,0.0
BLNK,0.0
BLOC1S1,1.3506004547184218
BLOC1S2,0.0
BLOC1S3,0.4127178969233909
BLOC1S4,0.0
BLOC1S5,0.0
BLOC1S5-TXNDC5,0.0
BLOC1S6,0.0
BLVRA,0.0
BLVRB,0.0
BLZF1,0.0
BLZF2P,0.0
BMF,0.0
BMI1,0.0
BMP1,0.0
BMP10,0.0
BMP15,0.0
BMP15,0.0
BMP2,0.0
BMP2K,1.1840889676042927
BMP2KL,0.0
BMP3,0.0
BMP4,0.0
BMP5,0.0
BMP6,0.0
BMP6P1,0.0
BMP7,1.803921369136032
BMP8A,0.0
BMP8B,0.0
BMPER,0.0
BMPR1A,0.0
BMPR1APS1,0.0
BMPR1APS2,0.0
BMPR1B,3.352471177735809
BMPR2,2.185562255814066
BMS1,0.0
BMS1P1,0.0
BMS1P10,0.0
BMS1P11,0.253644744093139
BMS1P12,0.0
BMS1P13,0.0
BMS1P14,0.0
BMS1P15,0.0
BMS1P16,0.0
BMS1P17,0.0
BMS1P18,0.0
BMS1P19,0.0
BMS1P2,0.0
BMS1P20,0.0
BMS1P3,0.0
BMS1P4,0.0
BMS1P5,0.0
BMS1P5,0.4127178969233909
BMS1P6,0.253644744093139
BMS1P6,0.0
BMS1P7,0.0
BMS1P7,0.0
BMS1P8,0.0
BMS1P9,0.253644744093139
BMX,0.0
BNC1,0.0
BNC2,0.0
BNIP1,0.0
BNIP2,0.6960356275201428
BNIP3,2.4089716970348407
BNIP3L,0.9509808635159877
BNIP3P1,0.6204550963106681
BNIP3P2,0.0
BNIP3P3,0.0
BNIP3P7,0.0
BNIPL,0.0
BOC,1.514954562424701
BOD1,0.0
BOD1L1,2.122812586493364
BOD1L2,0.0
BOK,0.0
BOK-AS1,0.0
BOLA1,0.0
BOLA1,0.0
BOLA2,0.0
BOLA2B,0.0
BOLA3,0.0
BOLA3-AS1,0.0
BOLL,0.0
BOP1,0.0
BOP1,0.0
BORA,0.0
BPESC1,0.0
BPGM,1.5830117235334478
BPHL,2.638405953309665
BPI,0.0
BPIFA1,0.0
BPIFA2,0.0
BPIFA3,0.0
BPIFA4P,0.0
BPIFB1,0.0
BPIFB2,0.0
BPIFB3,0.0
BPIFB4,0.0
BPIFB5P,0.0
BPIFB6,0.0
BPIFB9P,0.0
BPIFC,0.0
BPNT1,0.0
BPTF,2.670462710619998
BPY2,0.0
BPY2B,0.0
BPY2C,0.0
BPY2DP,0.0
BRAF,2.1096320145730845
BRAFP1,0.0
BRAP,0.0
BRAT1,0.0
BRCA1,0.0
BRCA2,0.0
BRCC3,0.0
BRCC3,0.0
BRD1,0.0
BRD2,0.0
BRD2,0.0
BRD2,1.7583205369987196
BRD2,0.8164310788769841
BRD2,0.0
BRD2,0.0
BRD2,0.253644744093139
BRD2-IT1,0.0
BRD2-IT1,0.0
BRD2-IT1,0.0
BRD2-IT1,0.0
BRD2-IT1,0.0
BRD2-IT1,0.0
BRD3,0.0
BRD4,1.0829908296976
BRD7,0.0
BRD7P1,0.0
BRD7P2,0.0
BRD7P3,0.0
BRD7P4,0.0
BRD7P5,0.0
BRD7P6,0.0
BRD8,2.052503577203945
BRD9,0.253644744093139
BRDT,0.0
BRE,0.0
BRF1,0.253644744093139
BRF2,0.0
BRI3,0.0
BRI3BP,0.4127178969233909
BRI3P1,0.0
BRICD5,0.0
BRINP1,0.0
BRINP2,1.6339035873850103
BRINP3,0.0
BRIP1,0.0
BRIX1,2.014232018514904
BRK1,2.084849460186147
BRK1P2,0.0
BRMS1,1.9496463091932343
BRMS1L,0.0
BROX,0.253644744093139
BRPF1,0.0
BRPF3,0.0
BRS3,0.0
BRSK1,0.0
BRSK2,0.0
BRWD1,1.2469559880685197
BRWD1-AS1,0.0
BRWD1-IT1,0.0
BRWD1-IT2,0.0
BRWD3,2.1577223471671347
BSCL2,0.0
BSDC1,0.253644744093139
BSG,2.443810208500159
BSN,0.0
BSN-AS1,0.0
BSN-AS2,0.0
BSND,0.0
BSPH1,0.0
BSPRY,1.3506004547184218
BST1,0.0
BST2,0.0
BSX,0.0
BTAF1,1.686600231622561
BTBD1,1.5454363124656982
BTBD10,0.0
BTBD11,0.0
BTBD16,0.0
BTBD17,0.0
BTBD18,0.0
BTBD19,2.220106396611784
BTBD2,0.0
BTBD3,0.253644744093139
BTBD6,0.0
BTBD7,0.0
BTBD7P1,0.0
BTBD7P2,0.0
BTBD8,0.0
BTBD9,0.9879310210915638
BTBD9-AS1,0.0
BTC,0.0
BTD,2.4749076639710603
BTF3,2.114952341510742
BTF3L4,1.7461308297538636
BTF3L4P1,0.253644744093139
BTF3L4P2,0.253644744093139
BTF3L4P3,0.0
BTF3L4P4,0.0
BTF3P10,0.0
BTF3P11,0.0
BTF3P12,0.0
BTF3P13,0.0
BTF3P14,0.0
BTF3P15,0.0
BTF3P2,0.0
BTF3P4,0.0
BTF3P5,0.0
BTF3P6,0.0
BTF3P7,0.0
BTF3P8,0.0
BTF3P8,0.0
BTF3P9,0.0
BTG1,0.0
BTG2,1.3187237340792874
BTG3,0.7603920768618123
BTG4,0.0
BTK,0.0
BTK,0.0
BTLA,0.0
BTN1A1,0.0
BTN2A1,0.0
BTN2A2,0.0
BTN2A3P,0.0
BTN3A1,0.0
BTN3A2,1.60064667142076
BTN3A3,0.0
BTNL10,0.0
BTNL2,0.0
BTNL2,0.0
BTNL2,0.0
BTNL2,0.0
BTNL2,0.0
BTNL2,0.0
BTNL2,0.0
BTNL2,0.0
BTNL3,0.0
BTNL8,0.0
BTNL9,0.0
BTRC,1.5454363124656982
BUB1,0.0
BUB1B,0.0
BUB3,0.0
BUD13,0.0
BUD31,1.8352314375814356
BVES,0.0
BVES-AS1,0.0
BX000357.1,0.0
BX000357.2,0.0
BX001040.1,0.0
BX004987.1,0.0
BX005214.1,0.0
BX005432.1,0.0
BX005439.1,0.0
BX005439.2,0.0
BX072566.1,0.0
BX072566.2,0.0
BX088523.1,0.0
BX088523.2,0.0
BX088556.1,0.0
BX088645.2,0.0
BX088645.3,0.0
BX088647.1,0.0
BX088651.1,0.0
BX088651.2,0.0
BX088702.1,0.0
BX088702.2,0.0
BX119917.1,0.0
BX119957.1,0.0
BX119957.2,0.0
BX247900.1,0.0
BX247900.2,0.0
BX247900.3,0.0
BX247900.4,0.0
BX248096.1,0.0
BX248096.2,0.0
BX248096.3,0.0
BX248133.1,0.0
BX248321.1,0.0
BX248406.1,0.0
BX248408.1,0.0
BX248408.2,0.0
BX248419.1,0.0
BX248507.1,0.0
BX248518.1,0.0
BX248519.1,0.0
BX255923.1,0.0
BX255923.3,0.0
BX255972.1,0.0
BX276092.1,0.0
BX276092.2,0.0
BX276092.3,0.0
BX284613.1,0.0
BX284927.1,0.0
BX284927.2,0.0
BX294158.1,0.0
BX294158.2,0.0
BX294158.3,0.0
BX294158.4,0.0
BX294158.5,0.0
BX294158.6,0.0
BX294158.7,0.0
BX296568.1,0.0
BX322539.1,0.0
BX322557.10,0.0
BX322557.13,0.0
BX322559.3,0.0
BX323860.1,0.0
BX470102.3,0.0
BX470187.1,0.0
BX470194.1,0.0
BX511262.1,0.0
BX511262.2,0.0
BX511262.3,0.0
BX571801.1,0.0
BX649553.1,0.0
BX649553.1,0.0
BX649553.2,0.0
BX649553.2,0.0
BX649553.3,0.0
BX649553.3,0.0
BX649553.4,0.0
BX649553.4,0.0
BX649563.4,0.0
BX649567.1,0.0
BX649597.1,0.0
BX649597.3,0.0
BX649597.4,0.0
BX664608.1,0.0
BX664724.1,0.0
BX664724.4,0.0
BX664726.3,0.0
BX664739.1,0.0
BX682235.1,0.0
BX682235.1,0.0
BX842568.1,0.0
BX842568.1,0.0
BX842568.2,0.0
BX842568.2,0.0
BX842568.4,0.0
BX842568.4,0.0
BX842679.1,0.0
BX908728.1,0.0
BX908738.1,0.0
BX927138.1,0.0
BX927139.1,0.0
BX927139.2,0.0
BX927143.1,0.0
BX927160.1,0.0
BX927168.1,0.0
BX927168.2,0.0
BX927168.3,0.0
BX927168.4,0.0
BX927178.1,0.0
BX927178.2,0.0
BX927180.1,0.0
BX927180.2,0.0
BX927214.1,0.0
BX927214.2,0.0
BX927214.3,0.0
BX927214.4,0.0
BX927214.5,0.0
BX927214.6,0.0
BX927220.1,0.0
BX927220.2,0.0
BX927220.3,0.0
BX927220.4,0.0
BX927220.5,0.0
BX927220.6,0.0
BX927320.1,0.0
BX936347.1,0.0
BX936369.1,0.0
BX936369.2,0.0
BX936369.3,0.0
BX936369.4,0.0
BX936369.5,0.0
BX936369.6,0.0
BX936375.1,0.0
BYSL,0.0
BZRAP1,2.6577710097981675
BZRAP1-AS1,0.0
BZW1,2.010885112023206
BZW1P1,0.0
BZW1P2,0.5288907918624668
BZW2,0.0
C10orf10,0.0
C10orf105,0.0
C10orf107,0.0
C10orf11,0.0
C10orf111,0.0
C10orf112,0.0
C10orf113,2.528074066402539
C10orf115,0.0
C10orf118,0.0
C10orf12,0.0
C10orf120,0.0
C10orf126,0.0
C10orf128,0.0
C10orf129,0.0
C10orf131,0.0
C10orf137,1.525354679322857
C10orf2,0.0
C10orf25,0.0
C10orf32,1.0829908296976
C10orf32-ASMT,0.0
C10orf35,0.0
C10orf40,0.0
C10orf53,0.0
C10orf54,0.0
C10orf55,0.0
C10orf62,0.0
C10orf67,0.0
C10orf68,0.0
C10orf71,0.0
C10orf71-AS1,0.0
C10orf76,1.5830117235334478
C10orf82,0.0
C10orf82,0.0
C10orf85,0.0
C10orf88,0.0
C10orf90,0.4127178969233909
C10orf91,0.0
C10orf95,0.0
C10orf99,0.0
C11orf1,0.0
C11orf1,0.0
C11orf16,0.0
C11orf21,0.0
C11orf24,0.0
C11orf30,0.0
C11orf31,1.5042992690810633
C11orf34,0.0
C11orf35,0.0
C11orf40,0.0
C11orf42,0.0
C11orf44,0.0
C11orf45,0.0
C11orf48,1.1840889676042927
C11orf49,0.9509808635159877
C11orf52,0.0
C11orf52,0.0
C11orf53,0.0
C11orf54,0.0
C11orf57,1.1840889676042927
C11orf58,2.7243647710155527
C11orf63,0.0
C11orf65,0.0
C11orf68,1.1609342125054871
C11orf70,0.0
C11orf71,0.0
C11orf72,0.0
C11orf73,1.3944163697813394
C11orf74,0.0
C11orf80,1.803921369136032
C11orf82,0.0
C11orf83,0.0
C11orf84,1.514954562424701
C11orf85,0.0
C11orf86,0.0
C11orf87,1.2269946489498065
C11orf88,0.0
C11orf89,0.0
C11orf91,0.0
C11orf94,0.0
C11orf95,0.0
C11orf96,0.0
C12orf10,0.0
C12orf23,0.0
C12orf29,0.253644744093139
C12orf36,0.0
C12orf39,2.5371693466481826
C12orf4,1.434214011430753
C12orf40,0.0
C12orf42,0.0
C12orf43,0.0
C12orf44,0.0
C12orf45,0.0
C12orf49,0.0
C12orf5,0.0
C12orf50,0.0
C12orf52,0.0
C12orf54,0.0
C12orf55,0.0
C12orf56,0.0
C12orf57,0.0
C12orf57,0.0
C12orf60,0.0
C12orf61,0.0
C12orf65,0.9509808635159877
C12orf66,0.0
C12orf68,0.0
C12orf71,0.0
C12orf73,0.866058549240148
C12orf74,0.0
C12orf75,0.0
C12orf76,0.0
C12orf77,0.0
C12orf79,0.6960356275201428
C12orf80,0.0
C13orf35,0.0
C13orf45,0.0
C14orf1,0.253644744093139
C14orf105,0.0
C14orf119,0.0
C14orf132,0.0
C14orf142,0.0
C14orf144,0.0
C14orf159,1.9534978077301333
C14orf164,0.0
C14orf166,0.0
C14orf166B,0.0
C14orf169,0.0
C14orf177,0.0
C14orf178,0.0
C14orf180,0.0
C14orf182,0.0
C14orf183,0.0
C14orf2,2.1672019996173213
C14orf23,1.686600231622561
C14orf28,0.0
C14orf37,1.2843206418841475
C14orf39,0.253644744093139
C14orf64,0.4127178969233909
C14orf79,0.0
C14orf80,0.0
C14orf80,0.0
C14orf93,0.0
C15ORF31,0.0
C15ORF37,0.0
C15orf26,0.0
C15orf27,0.0
C15orf32,0.0
C15orf37,0.0
C15orf38,0.0
C15orf38-AP3S2,0.0
C15orf39,0.0
C15orf40,0.0
C15orf41,0.0
C15orf43,0.0
C15orf48,0.0
C15orf52,1.6496233519400156
C15orf53,0.0
C15orf54,0.0
C15orf56,0.0
C15orf57,0.0
C15orf59,0.0
C15orf60,0.0
C15orf61,0.0
C15orf62,0.0
C15orf65,0.0
C16orf11,0.0
C16orf13,0.0
C16orf3,0.0
C16orf45,0.866058549240148
C16orf46,0.0
C16orf47,0.0
C16orf52,1.0219824427879696
C16orf54,0.0
C16orf58,0.0
C16orf59,0.0
C16orf62,1.60064667142076
C16orf70,0.9509808635159877
C16orf71,0.0
C16orf72,0.0
C16orf74,0.0
C16orf78,0.0
C16orf80,0.4127178969233909
C16orf82,0.0
C16orf86,0.0
C16orf87,0.0
C16orf89,1.7073637581471683
C16orf90,0.0
C16orf91,0.253644744093139
C16orf92,0.0
C16orf93,0.0
C16orf95,0.0
C16orf96,0.0
C16orf97,0.0
C16orf98,0.0
C17orf100,0.0
C17orf102,0.0
C17orf103,0.0
C17orf104,0.0
C17orf105,0.0
C17orf107,0.0
C17orf112,0.0
C17orf47,0.0
C17orf49,0.253644744093139
C17orf50,0.0
C17orf50,0.0
C17orf51,0.0
C17orf51,0.0
C17orf53,0.0
C17orf58,0.0
C17orf58,0.0
C17orf59,0.0
C17orf61-PLSCR3,0.0
C17orf62,1.900549254498717
C17orf64,0.0
C17orf66,0.0
C17orf66,0.0
C17orf67,0.0
C17orf70,0.0
C17orf72,0.0
C17orf74,0.0
C17orf75,2.552882863920527
C17orf76-AS1,0.0
C17orf77,0.0
C17orf78,0.0
C17orf80,1.408091496025075
C17orf82,0.0
C17orf85,0.0
C17orf89,0.0
C17orf96,0.0
C17orf97,0.0
C17orf97,0.0
C17orf98,0.0
C17orf99,0.0
C18orf21,0.0
C18orf25,1.60064667142076
C18orf32,1.1840889676042927
C18orf42,0.0
C18orf54,0.0
C18orf56,0.0
C18orf63,0.0
C18orf8,0.0
C19orf10,0.0
C19orf12,0.253644744093139
C19orf18,1.564630272110482
C19orf24,0.0
C19orf25,0.0
C19orf26,0.0
C19orf33,0.0
C19orf35,0.0
C19orf38,0.0
C19orf40,0.0
C19orf43,0.0
C19orf44,0.4127178969233909
C19orf45,0.0
C19orf47,0.0
C19orf48,0.0
C19orf52,0.0
C19orf53,1.6496233519400156
C19orf54,0.0
C19orf55,0.0
C19orf57,0.0
C19orf59,0.0
C19orf60,0.0
C19orf66,0.0
C19orf67,0.0
C19orf68,0.0
C19orf69,0.0
C19orf69,0.0
C19orf70,0.0
C19orf71,0.0
C19orf73,0.0
C19orf77,0.0
C19orf80,0.0
C19orf81,0.0
C19orf82,0.0
C1D,1.8737491581138752
C1DP1,0.0
C1DP2,0.0
C1DP3,0.0
C1DP4,0.253644744093139
C1GALT1,1.2060714458283772
C1GALT1C1,1.5739182395996751
C1ORF220,0.0
C1QA,0.0
C1QB,0.0
C1QBP,0.0
C1QBPP,0.0
C1QC,0.0
C1QL1,0.0
C1QL2,0.0
C1QL3,0.0
C1QL4,0.0
C1QTNF1,0.0
C1QTNF1-AS1,0.0
C1QTNF2,0.0
C1QTNF3,0.0
C1QTNF4,0.0
C1QTNF5,0.0
C1QTNF6,1.1609342125054871
C1QTNF7,0.0
C1QTNF8,0.0
C1QTNF9,0.0
C1QTNF9-AS1,0.0
C1QTNF9B,0.0
C1QTNF9B-AS1,0.0
C1R,1.365702298095103
C1RL,1.5454363124656982
C1RL-AS1,1.365702298095103
C1S,0.0
C1S,0.0
C1orf100,0.0
C1orf101,1.5454363124656982
C1orf105,0.0
C1orf106,0.0
C1orf109,2.263520576304028
C1orf110,1.6496233519400156
C1orf111,0.0
C1orf112,0.0
C1orf115,0.0
C1orf116,0.0
C1orf122,0.0
C1orf123,0.0
C1orf127,0.0
C1orf131,2.215935681683258
C1orf132,0.253644744093139
C1orf134,0.0
C1orf137,0.0
C1orf141,0.0
C1orf143,0.0
C1orf145,1.365702298095103
C1orf146,0.253644744093139
C1orf147,0.0
C1orf147,0.0
C1orf158,0.0
C1orf159,0.0
C1orf162,0.0
C1orf167,0.0
C1orf168,0.866058549240148
C1orf170,0.0
C1orf172,0.0
C1orf173,0.0
C1orf174,0.0
C1orf177,0.0
C1orf180,0.0
C1orf185,0.0
C1orf186,0.0
C1orf186,0.0
C1orf189,0.0
C1orf192,0.0
C1orf194,0.0
C1orf195,0.4127178969233909
C1orf198,0.253644744093139
C1orf200,0.0
C1orf204,0.0
C1orf21,1.266040025979822
C1orf210,0.0
C1orf213,0.0
C1orf216,0.0
C1orf220,0.0
C1orf222,0.0
C1orf226,0.0
C1orf227,0.0
C1orf228,0.0
C1orf229,0.0
C1orf233,0.0
C1orf234,0.0
C1orf27,0.6204550963106681
C1orf35,1.266040025979822
C1orf43,1.3018627585701523
C1orf50,0.0
C1orf51,0.0
C1orf51,0.0
C1orf52,0.866058549240148
C1orf53,0.0
C1orf54,0.0
C1orf54,0.0
C1orf56,1.693632285926403
C1orf61,2.553846334661813
C1orf63,2.560531437388012
C1orf64,0.0
C1orf65,0.0
C1orf68,0.0
C1orf74,0.0
C1orf85,0.0
C1orf86,0.0
C1orf87,0.0
C1orf94,0.0
C1orf95,0.0
C2,0.0
C2,0.0
C2,0.0
C2,0.0
C2,0.0
C2,0.0
C2,0.0
C20ORF135,0.0
C20orf112,0.0
C20orf141,0.0
C20orf144,0.0
C20orf166,0.0
C20orf166,0.0
C20orf166-AS1,0.0
C20orf166-AS1,0.0
C20orf173,0.0
C20orf187,0.0
C20orf194,2.6898874719661645
C20orf195,0.0
C20orf196,0.0
C20orf197,0.0
C20orf201,0.0
C20orf202,0.0
C20orf203,0.0
C20orf24,1.1840889676042927
C20orf26,0.0
C20orf27,0.0
C20orf62,0.0
C20orf78,0.0
C20orf85,0.0
C20orf96,1.5739182395996751
C21orf119,0.0
C21orf128,0.0
C21orf2,0.0
C21orf33,2.024120707748976
C21orf37,0.0
C21orf49,0.7603920768618123
C21orf54,0.0
C21orf58,0.0
C21orf59,0.7603920768618123
C21orf62,0.0
C21orf62,0.0
C21orf67,0.0
C21orf88,0.0
C21orf90,0.0
C21orf90,0.0
C21orf91,0.0
C21orf91-OT1,0.0
C22orf15,0.0
C22orf23,0.0
C22orf24,0.0
C22orf26,0.0
C22orf29,0.0
C22orf31,0.0
C22orf34,0.0
C22orf39,0.0
C22orf42,0.0
C22orf43,0.0
C22orf46,0.0
C2CD2,0.0
C2CD2L,0.0
C2CD3,0.0
C2CD4A,0.0
C2CD4B,0.0
C2CD4C,0.0
C2CD4D,0.0
C2CD5,2.3826646406312797
C2ORF15,0.0
C2orf15,0.0
C2orf16,0.0
C2orf27A,0.0
C2orf27B,0.0
C2orf40,0.253644744093139
C2orf42,0.0
C2orf43,0.0
C2orf44,0.0
C2orf47,1.864435233988068
C2orf48,0.0
C2orf49,2.079144757918472
C2orf50,0.0
C2orf53,0.0
C2orf54,0.0
C2orf57,0.0
C2orf61,0.0
C2orf62,0.0
C2orf66,0.0
C2orf68,0.4127178969233909
C2orf69,0.0
C2orf70,0.0
C2orf71,0.0
C2orf72,0.0
C2orf73,0.0
C2orf74,0.0
C2orf76,0.0
C2orf78,0.0
C2orf80,1.77598664737081
C2orf81,0.0
C2orf82,0.0
C2orf83,0.0
C2orf88,2.0585666748363742
C2orf91,0.0
C3,0.0
C3AR1,0.0
C3P1,0.0
C3orf14,1.0829908296976
C3orf17,2.568047636026716
C3orf18,0.0
C3orf20,0.0
C3orf22,0.0
C3orf27,0.0
C3orf30,0.0
C3orf33,0.0
C3orf35,0.0
C3orf36,0.0
C3orf38,1.4821708087520635
C3orf49,1.3944163697813394
C3orf52,0.0
C3orf55,0.0
C3orf56,0.0
C3orf58,2.5060803356264465
C3orf62,0.0
C3orf65,0.0
C3orf67,1.3944163697813394
C3orf70,3.1823265167831343
C3orf72,0.0
C3orf79,0.0
C3orf80,0.0
C3orf83,0.0
C3orf84,0.0
C4A,0.0
C4A,0.0
C4A,0.0
C4A,0.0
C4A-AS1,0.0
C4A-AS1,0.0
C4A-AS1,0.0
C4A-AS1,0.0
C4A-AS1,0.0
C4B,0.0
C4B,0.0
C4B,0.0
C4B,0.0
C4B,0.0
C4B-AS1,0.0
C4B-AS1,0.0
C4B-AS1,0.0
C4B-AS1,0.0
C4B-AS1,0.0
C4B-AS1,0.0
C4B-AS1,0.0
C4BPA,0.0
C4BPAP1,0.0
C4BPAP2,0.0
C4BPB,0.0
C4B_2,0.0
C4orf17,0.0
C4orf19,0.253644744093139
C4orf21,1.4821708087520635
C4orf22,0.0
C4orf26,0.253644744093139
C4orf27,1.9610998250314529
C4orf29,1.0219824427879696
C4orf3,1.1105557679530071
C4orf32,0.0
C4orf33,0.0
C4orf36,0.0
C4orf40,0.0
C4orf45,0.0
C4orf46,0.0
C4orf47,0.0
C4orf48,0.0
C4orf50,0.0
C4orf51,0.0
C4orf6,0.0
C5,2.744057972910344
C5AR1,0.0
C5AR2,0.0
C5orf15,0.0
C5orf17,0.0
C5orf20,0.0
C5orf22,0.9105921305334987
C5orf24,2.0305902524630275
C5orf27,0.0
C5orf28,0.0
C5orf30,0.0
C5orf30,0.0
C5orf34,1.4821708087520635
C5orf38,0.0
C5orf42,2.4235041102690027
C5orf45,0.253644744093139
C5orf46,0.0
C5orf47,0.0
C5orf48,0.0
C5orf49,0.0
C5orf50,0.0
C5orf51,1.887355901089917
C5orf52,0.0
C5orf54,0.0
C5orf55,0.0
C5orf56,0.0
C5orf58,0.0
C5orf60,0.0
C5orf63,0.253644744093139
C5orf64,0.0
C6,0.0
C6ORF165,0.0
C6ORF50,0.0
C6orf1,1.9937523923170493
C6orf10,0.0
C6orf10,0.0
C6orf10,0.0
C6orf10,0.0
C6orf10,0.0
C6orf10,0.0
C6orf10,0.0
C6orf10,0.0
C6orf100,0.0
C6orf100,0.0
C6orf100,0.0
C6orf100,0.0
C6orf100,0.0
C6orf100,0.0
C6orf106,0.0
C6orf118,0.0
C6orf120,0.9509808635159877
C6orf123,0.0
C6orf132,0.0
C6orf136,0.0
C6orf136,0.0
C6orf136,0.0
C6orf136,0.0
C6orf136,0.0
C6orf136,0.0
C6orf136,0.253644744093139
C6orf141,0.0
C6orf15,0.0
C6orf15,0.0
C6orf15,0.0
C6orf15,0.0
C6orf15,0.0
C6orf15,0.0
C6orf163,0.0
C6orf164,0.0
C6orf165,0.0
C6orf183,0.0
C6orf195,0.0
C6orf201,0.253644744093139
C6orf203,0.0
C6orf203,0.0
C6orf205,0.0
C6orf205,0.0
C6orf205,0.0
C6orf205,0.0
C6orf205,0.0
C6orf205,0.0
C6orf211,0.0
C6orf222,0.0
C6orf223,0.0
C6orf226,0.0
C6orf25,0.0
C6orf25,0.0
C6orf25,0.0
C6orf25,0.0
C6orf25,0.0
C6orf25,0.0
C6orf25,0.0
C6orf3,0.0
C6orf47,0.0
C6orf47,0.0
C6orf47,0.0
C6orf47,0.0
C6orf47,0.0
C6orf47,0.0
C6orf47,0.0
C6orf47-AS1,0.0
C6orf47-AS1,0.0
C6orf47-AS1,0.0
C6orf47-AS1,0.0
C6orf47-AS1,0.0
C6orf47-AS1,0.0
C6orf47-AS1,0.0
C6orf48,0.0
C6orf48,0.0
C6orf48,0.0
C6orf48,0.0
C6orf48,0.0
C6orf52,0.0
C6orf57,0.0
C6orf58,0.0
C6orf62,2.323091673214238
C6orf89,0.4127178969233909
C6orf99,0.0
C7,0.0
C7orf10,0.0
C7orf13,0.0
C7orf25,0.253644744093139
C7orf26,1.266040025979822
C7orf31,0.0
C7orf33,0.0
C7orf34,0.0
C7orf34,0.0
C7orf41,2.017553329078163
C7orf43,0.5288907918624668
C7orf49,1.380296600302216
C7orf50,0.0
C7orf55,1.434214011430753
C7orf55-LUC7L2,2.1672019996173213
C7orf57,0.0
C7orf60,0.0
C7orf61,0.0
C7orf62,0.0
C7orf63,0.0
C7orf65,0.0
C7orf66,0.0
C7orf69,0.0
C7orf71,0.0
C7orf72,0.0
C7orf73,0.4127178969233909
C7orf76,0.0
C8A,0.0
C8B,0.0
C8G,0.0
C8orf12,0.0
C8orf17,0.0
C8orf22,0.0
C8orf31,0.0
C8orf33,0.0
C8orf34,0.0
C8orf37,0.0
C8orf4,0.0
C8orf44,1.514954562424701
C8orf44-SGK3,0.5288907918624668
C8orf46,2.1577223471671347
C8orf47,0.0
C8orf48,0.0
C8orf49,0.0
C8orf56,0.0
C8orf58,0.0
C8orf59,0.866058549240148
C8orf74,0.0
C8orf76,0.0
C8orf82,0.0
C8orf86,0.0
C8orf87,0.0
C9,0.0
C9orf106,0.0
C9orf114,0.0
C9orf116,0.0
C9orf117,0.0
C9orf129,0.0
C9orf131,0.0
C9orf135,0.0
C9orf135-AS1,0.0
C9orf139,0.0
C9orf141,0.0
C9orf142,0.0
C9orf147,1.4821708087520635
C9orf152,0.0
C9orf153,0.0
C9orf156,0.8164310788769841
C9orf16,0.0
C9orf163,0.0
C9orf169,0.0
C9orf170,0.0
C9orf171,0.0
C9orf172,0.0
C9orf173,0.0
C9orf24,0.866058549240148
C9orf3,1.6339035873850103
C9orf37,0.0
C9orf38,0.253644744093139
C9orf40,0.0
C9orf41,0.0
C9orf43,0.0
C9orf47,0.0
C9orf50,0.0
C9orf53,0.0
C9orf57,0.0
C9orf62,0.0
C9orf64,0.0
C9orf66,0.0
C9orf69,0.0
C9orf72,0.0
C9orf78,0.0
C9orf84,0.0
C9orf85,0.0
C9orf89,0.0
C9orf9,0.0
C9orf91,0.0
C9orf92,0.0
C9orf96,0.0
C9orf96,0.0
CA1,0.0
CA10,0.0
CA11,0.0
CA12,1.8691171639943336
CA13,0.0
CA14,0.0
CA14,0.0
CA15P1,0.0
CA15P2,0.0
CA2,2.2746445520460137
CA3,0.0
CA4,0.0
CA5A,0.0
CA5AP1,0.0
CA5B,0.0
CA5BP1,0.0
CA6,0.0
CA7,0.0
CA8,0.0
CA9,0.0
CAAP1,0.0
CAB39,0.6960356275201428
CAB39L,0.0
CABIN1,1.6496233519400156
CABLES1,0.9105921305334987
CABLES2,0.0
CABP1,0.0
CABP2,0.0
CABP4,0.0
CABP5,0.0
CABP7,0.0
CABS1,0.0
CABYR,0.0
CABYRP1,0.0
CACFD1,0.0
CACFD1,0.0
CACHD1,2.152903779930327
CACNA1A,0.0
CACNA1B,2.564305796566545
CACNA1C,0.0
CACNA1C-AS1,0.0
CACNA1C-AS2,0.0
CACNA1C-AS3,0.0
CACNA1C-AS4,0.253644744093139
CACNA1C-IT1,0.0
CACNA1C-IT2,0.0
CACNA1C-IT3,0.0
CACNA1D,0.0
CACNA1E,0.0
CACNA1F,0.0
CACNA1F,0.0
CACNA1G,0.0
CACNA1G-AS1,0.0
CACNA1H,0.0
CACNA1I,0.0
CACNA1S,0.0
CACNA2D1,0.0
CACNA2D2,0.0
CACNA2D3,0.0
CACNA2D3-AS1,0.253644744093139
CACNA2D4,0.0
CACNB1,0.0
CACNB2,2.9460157508556404
CACNB3,0.0
CACNB4,0.0
CACNG1,0.0
CACNG2,0.0
CACNG3,0.0
CACNG4,0.0
CACNG5,0.0
CACNG6,0.0
CACNG7,0.866058549240148
CACNG8,0.0
CACTIN,0.0
CACTIN-AS1,0.0
CACUL1,2.6905904863199512
CACYBP,0.0
CACYBPP1,0.0
CACYBPP2,0.0
CACYBPP3,0.0
CAD,0.0
CADM1,2.823832913116323
CADM2,2.588959160907995
CADM2-AS1,0.0
CADM2-AS2,0.0
CADM3,1.2060714458283772
CADM4,0.0
CADPS,2.8951684122952206
CADPS2,2.4749076639710603
CAGE1,0.0
CAHM,0.0
CALB1,0.0
CALB2,2.21383520748566
CALCA,0.0
CALCA,0.0
CALCB,0.0
CALCOCO1,2.2960725628229035
CALCOCO2,0.0
CALCP,0.0
CALCP,0.0
CALCR,0.0
CALCRL,0.0
CALD1,1.408091496025075
CALHM1,0.0
CALHM2,0.253644744093139
CALHM3,0.0
CALM1,3.0333601856658428
CALM1P1,0.0
CALM1P2,0.0
CALM2,3.3090579986884223
CALM2P1,0.0
CALM2P2,0.4127178969233909
CALM2P3,0.5288907918624668
CALM2P4,0.0
CALM3,1.1105557679530071
CALML3,0.0
CALML3-AS1,0.0
CALML4,0.0
CALML5,0.0
CALML6,0.0
CALN1,1.0219824427879696
CALR,1.4467087411059607
CALR3,0.0
CALR4P,0.0
CALU,1.693632285926403
CALY,0.0
CAMK1,0.0
CAMK1D,1.4467087411059607
CAMK1G,0.0
CAMK2A,0.253644744093139
CAMK2B,0.0
CAMK2D,0.0
CAMK2G,1.9257912163520183
CAMK2N1,1.9795423135776309
CAMK2N2,0.0
CAMK4,0.0
CAMKK1,1.3506004547184218
CAMKK2,0.0
CAMKMT,0.0
CAMKV,0.0
CAMLG,0.0
CAMP,0.0
CAMSAP1,0.0
CAMSAP2,1.0829908296976
CAMSAP3,0.0
CAMTA1,2.7118379636953547
CAMTA1-IT1,0.0
CAMTA2,1.470668879757139
CAND1,2.645477254360429
CAND2,0.0
CANT1,0.0
CANX,2.017553329078163
CAP1,1.4933759616707991
CAP1P2,0.0
CAP2,0.0
CAP2P1,0.0
CAPG,0.0
CAPN1,0.0
CAPN10,0.0
CAPN10-AS1,0.0
CAPN11,0.0
CAPN12,0.0
CAPN13,0.0
CAPN14,0.0
CAPN15,0.0
CAPN2,2.348527823444325
CAPN3,0.0
CAPN5,0.0
CAPN5,0.0
CAPN6,0.0
CAPN7,2.209603534240357
CAPN8,0.0
CAPN9,0.0
CAPNS1,0.866058549240148
CAPNS1P1,0.0
CAPNS2,0.0
CAPRIN1,0.0
CAPRIN2,2.4760603713512475
CAPS,0.0
CAPS2,0.0
CAPSL,0.0
CAPZA1,3.373381605342235
CAPZA2,2.5781745004730325
CAPZA3,0.0
CAPZB,0.0
CARD10,0.0
CARD11,0.0
CARD14,0.0
CARD16,0.0
CARD17,0.0
CARD18,0.0
CARD6,0.0
CARD8,0.0
CARD9,0.0
CARF,1.2060714458283772
CARHSP1,1.7271797157291466
CARKD,0.0
CARM1,0.5288907918624668
CARM1P1,0.0
CARNS1,0.0
CARS,2.357694987451276
CARS-AS1,0.0
CARS2,0.0
CARTPT,0.0
CASC1,0.0
CASC10,0.0
CASC11,0.5288907918624668
CASC14,0.0
CASC15,0.0
CASC16,0.0
CASC17,0.9879310210915638
CASC2,0.4127178969233909
CASC3,1.2060714458283772
CASC4,2.2343963332378305
CASC4P1,0.0
CASC5,0.0
CASC6,0.0
CASC7,1.60064667142076
CASC8,0.0
CASC9,0.0
CASD1,1.7522684493138374
CASK,0.0
CASK-AS1,0.0
CASKIN1,0.0
CASKIN2,1.3187237340792874
CASKP1,0.0
CASP1,0.0
CASP10,0.0
CASP12,0.0
CASP14,0.0
CASP16,0.0
CASP1P1,0.0
CASP1P2,0.0
CASP2,2.2616385603063045
CASP3,1.1840889676042927
CASP3P1,0.0
CASP4,0.0
CASP5,0.0
CASP6,0.0
CASP7,0.0
CASP8,0.0
CASP8AP2,1.5739182395996751
CASP9,0.0
CASQ1,0.0
CASQ2,0.0
CASR,0.0
CASS4,0.0
CAST,2.5781745004730325
CASZ1,0.0
CAT,2.297811408112942
CATSPER1,0.0
CATSPER2,0.9509808635159877
CATSPER2P1,0.0
CATSPER3,0.0
CATSPER4,0.0
CATSPERB,0.0
CATSPERD,0.0
CATSPERG,0.0
CATX-2,0.0
CAV1,0.0
CAV2,0.0
CAV3,0.0
CBFA2T2,0.253644744093139
CBFA2T3,0.0
CBFB,1.0535570409588524
CBL,1.3506004547184218
CBLB,0.0
CBLC,0.0
CBLL1,0.7603920768618123
CBLN1,0.0
CBLN2,0.0
CBLN3,0.0
CBLN4,0.0
CBR1,1.5739182395996751
CBR3,0.0
CBR3-AS1,0.4127178969233909
CBR4,2.851853217973117
CBS,1.7271797157291466
CBWD1,2.4952022981883983
CBWD2,1.85007876288628
CBWD3,0.0
CBWD3,0.0
CBWD5,1.5739182395996751
CBWD6,1.4933759616707991
CBWD7,0.4127178969233909
CBX1,1.266040025979822
CBX1P1,0.0
CBX1P1,0.0
CBX1P2,0.0
CBX1P3,0.0
CBX1P4,0.0
CBX1P5,0.0
CBX2,0.0
CBX2,0.0
CBX3,0.253644744093139
CBX3P1,0.0
CBX3P2,0.0
CBX3P3,2.096038866256799
CBX3P4,0.0
CBX3P5,0.0
CBX3P6,0.0
CBX3P7,0.0
CBX3P8,0.0
CBX3P9,0.0
CBX4,0.253644744093139
CBX5,2.6164738163245085
CBX5P1,0.0
CBX6,1.4821708087520635
CBX7,0.0
CBX8,0.0
CBY1,0.0
CBY3,0.0
CC2D1A,0.0
CC2D1B,1.9573154496595009
CC2D2A,1.900549254498717
CC2D2B,0.0
CCAR1,1.6572748854262789
CCAR2,0.0
CCAT1,0.0
CCBE1,0.0
CCBL1,0.0
CCBL2,0.9105921305334987
CCDC101,0.0
CCDC102A,0.0
CCDC102B,0.0
CCDC103,0.0
CCDC104,1.0219824427879696
CCDC105,0.0
CCDC106,0.0
CCDC107,0.0
CCDC108,0.0
CCDC109B,0.0
CCDC11,0.0
CCDC110,0.0
CCDC112,1.0219824427879696
CCDC113,0.0
CCDC114,0.0
CCDC115,0.0
CCDC116,0.0
CCDC117,0.0
CCDC11P1,0.0
CCDC12,1.7399052260407448
CCDC120,0.0
CCDC120,0.0
CCDC121,0.0
CCDC122,0.0
CCDC124,1.6092026860167012
CCDC125,0.0
CCDC125,0.0
CCDC126,0.0
CCDC127,0.0
CCDC129,0.0
CCDC13,0.0
CCDC13-AS1,0.0
CCDC130,0.0
CCDC132,0.9105921305334987
CCDC134,0.0
CCDC135,0.0
CCDC136,0.0
CCDC137,1.8402371571691645
CCDC138,0.0
CCDC14,0.0
CCDC140,0.0
CCDC141,0.0
CCDC142,0.0
CCDC144A,1.380296600302216
CCDC144B,1.8549171766299344
CCDC144CP,0.0
CCDC144NL,0.0
CCDC146,0.253644744093139
CCDC147,0.0
CCDC147-AS1,0.0
CCDC148,0.0
CCDC148-AS1,0.0
CCDC149,0.4127178969233909
CCDC15,0.0
CCDC150,0.0
CCDC151,0.253644744093139
CCDC152,0.0
CCDC153,0.0
CCDC154,0.0
CCDC155,0.0
CCDC157,0.0
CCDC158,0.0
CCDC159,2.332805643215876
CCDC160,0.0
CCDC162P,0.0
CCDC163P,0.5288907918624668
CCDC166,0.0
CCDC166,0.0
CCDC167,0.0
CCDC168,0.0
CCDC169,0.0
CCDC169-SOHLH2,0.0
CCDC17,0.0
CCDC170,2.617306180066977
CCDC171,0.4127178969233909
CCDC172,0.0
CCDC173,0.0
CCDC174,2.301268350872496
CCDC175,0.0
CCDC176,0.0
CCDC177,0.0
CCDC177,0.0
CCDC178,0.0
CCDC179,0.0
CCDC18,1.6572748854262789
CCDC180,0.0
CCDC181,0.0
CCDC19,0.0
CCDC22,0.0
CCDC22,0.0
CCDC23,0.0
CCDC24,0.0
CCDC25,0.0
CCDC26,0.0
CCDC27,0.0
CCDC28A,0.0
CCDC28B,1.470668879757139
CCDC3,0.0
CCDC30,0.0
CCDC33,0.0
CCDC34,0.0
CCDC34P1,0.0
CCDC36,0.0
CCDC37,0.0
CCDC38,0.0
CCDC39,0.0
CCDC39-AS1,0.0
CCDC40,0.0
CCDC41,1.380296600302216
CCDC42,0.0
CCDC42B,0.0
CCDC43,0.0
CCDC47,2.033789239579625
CCDC50,1.535511556564225
CCDC51,0.0
CCDC53,0.0
CCDC54,0.0
CCDC57,0.0
CCDC58,0.6204550963106681
CCDC58P1,0.0
CCDC58P2,0.0
CCDC58P3,0.0
CCDC58P5,0.0
CCDC59,1.408091496025075
CCDC6,0.0
CCDC60,0.0
CCDC61,1.9338893813999691
CCDC62,0.6960356275201428
CCDC63,0.0
CCDC64,0.0
CCDC64B,0.0
CCDC65,0.0
CCDC66,1.1105557679530071
CCDC67,0.0
CCDC68,0.0
CCDC69,0.0
CCDC7,1.2843206418841475
CCDC70,0.0
CCDC71,0.0
CCDC71L,0.0
CCDC73,0.0
CCDC74A,0.0
CCDC74B,0.0
CCDC75P1,0.0
CCDC77,0.0
CCDC78,0.0
CCDC79,0.0
CCDC8,0.0
CCDC80,0.0
CCDC81,0.0
CCDC82,1.4821708087520635
CCDC83,0.0
CCDC84,0.0
CCDC84,0.0
CCDC85A,0.0
CCDC85B,0.0
CCDC85C,0.0
CCDC86,1.6721850324842915
CCDC87,0.0
CCDC88A,2.802107318256077
CCDC88B,0.0
CCDC88C,0.0
CCDC89,0.0
CCDC9,0.0
CCDC90B,0.9105921305334987
CCDC91,1.3944163697813394
CCDC92,0.0
CCDC93,3.0067172915936533
CCDC94,0.0
CCDC96,0.0
CCDC97,0.0
CCER1,0.0
CCHCR1,0.0
CCHCR1,0.0
CCHCR1,0.0
CCHCR1,0.0
CCHCR1,0.0
CCHCR1,0.0
CCIN,0.0
CCK,1.864435233988068
CCKAR,0.0
CCKBR,0.0
CCL1,0.0
CCL11,0.0
CCL13,0.0
CCL14,0.0
CCL15,0.0
CCL15-CCL14,0.0
CCL16,0.0
CCL17,0.0
CCL18,0.0
CCL19,0.0
CCL2,0.0
CCL20,0.0
CCL21,0.0
CCL22,0.0
CCL23,0.0
CCL24,0.0
CCL24,0.0
CCL25,0.0
CCL26,0.0
CCL26,0.0
CCL27,0.0
CCL28,0.0
CCL3,0.0
CCL3L1,0.0
CCL3L3,0.0
CCL3L3,0.0
CCL4,0.0
CCL4L1,0.0
CCL4L1,0.0
CCL4L2,0.0
CCL5,0.0
CCL5,0.0
CCL7,0.0
CCL8,0.0
CCM2,0.0
CCM2L,0.0
CCNA1,0.0
CCNA2,0.0
CCNB1,0.0
CCNB1IP1,1.8451858371752416
CCNB1IP1P1,0.0
CCNB1IP1P2,0.0
CCNB1IP1P3,0.0
CCNB2,1.2269946489498065
CCNB3,0.0
CCNC,2.5898459097053266
CCND1,0.0
CCND2,2.2443230149111075
CCND3,0.0
CCNDBP1,0.0
CCNE1,0.0
CCNE2,1.8549171766299344
CCNF,0.0
CCNG1,1.6092026860167012
CCNG1P1,0.0
CCNG2,2.306402712015204
CCNH,0.0
CCNI,2.263520576304028
CCNI2,0.0
CCNJ,0.0
CCNJL,0.0
CCNJP1,0.0
CCNJP2,0.0
CCNK,0.866058549240148
CCNL1,2.570833009316186
CCNL2,1.7873770459247007
CCNO,0.0
CCNT1,1.7005522897870602
CCNT2,1.7399052260407448
CCNT2P1,0.0
CCNY,1.8352314375814356
CCNYL1,0.4127178969233909
CCNYL2,0.0
CCNYL3,0.0
CCP110,0.5288907918624668
CCPG1,0.0
CCR1,0.0
CCR10,0.0
CCR12P,0.0
CCR2,0.0
CCR3,0.0
CCR4,0.0
CCR5,0.0
CCR6,0.0
CCR7,0.0
CCR8,0.0
CCR9,0.0
CCRL2,0.0
CCRN4L,0.0
CCS,0.0
CCSAP,0.253644744093139
CCSER1,0.0
CCSER2,1.2843206418841475
CCT2,2.259748353078942
CCT3,2.101527285126893
CCT4,1.0219824427879696
CCT4P1,0.0
CCT4P2,0.0
CCT5,0.0
CCT5P1,0.0
CCT5P2,0.0
CCT6A,2.392543073202304
CCT6B,0.0
CCT6P1,0.0
CCT6P1,0.253644744093139
CCT6P2,0.0
CCT6P3,1.408091496025075
CCT6P4,0.0
CCT7,1.0829908296976
CCT7P1,0.0
CCT7P2,0.0
CCT8,0.0
CCT8L1P,0.0
CCT8L2,0.0
CCT8P1,0.0
CCT8P1,0.0
CCZ1,0.5288907918624668
CCZ1B,0.0
CD101,0.0
CD109,1.9573154496595009
CD14,0.0
CD151,0.0
CD160,0.0
CD160,0.0
CD163,0.0
CD163L1,0.0
CD164,0.0
CD164L2,0.0
CD177,0.0
CD177P1,0.0
CD180,0.0
CD19,0.0
CD1A,0.0
CD1B,0.0
CD1C,0.0
CD1D,0.0
CD1E,0.0
CD2,0.0
CD200,1.408091496025075
CD200R1,0.0
CD200R1L,0.0
CD207,0.0
CD207,0.0
CD209,0.0
CD22,0.0
CD226,0.0
CD24,0.0
CD244,0.0
CD247,0.0
CD248,0.0
CD24P2,0.0
CD24P4,0.0
CD27,0.0
CD27-AS1,0.0
CD274,0.253644744093139
CD276,0.0
CD28,0.0
CD2AP,0.0
CD2BP2,0.0
CD300A,0.0
CD300C,0.0
CD300E,0.0
CD300LB,0.0
CD300LD,0.0
CD300LF,0.0
CD300LG,0.0
CD302,2.020849432240322
CD320,0.0
CD33,0.0
CD34,0.0
CD36,0.0
CD37,0.0
CD38,0.9105921305334987
CD3D,0.0
CD3E,0.0
CD3EAP,0.0
CD3G,0.0
CD4,0.0
CD40,0.0
CD40LG,0.0
CD44,0.0
CD46,2.384089676728098
CD46P1,0.0
CD47,2.667509623861298
CD48,0.0
CD5,0.0
CD52,0.0
CD53,0.0
CD55,1.882867521541892
CD58,0.0
CD59,0.7603920768618123
CD5L,0.0
CD6,0.0
CD63,2.238394274207005
CD68,0.0
CD69,0.0
CD7,0.0
CD70,0.0
CD72,0.0
CD74,0.0
CD79A,0.0
CD79A,0.0
CD79B,0.0
CD80,0.0
CD81,2.340737875568996
CD82,0.4127178969233909
CD83,0.0
CD84,0.0
CD86,0.0
CD8A,0.0
CD8B,0.0
CD8BP,0.0
CD9,2.230361246613381
CD93,0.0
CD96,0.0
CD97,0.0
CD99,0.0
CD99,0.0
CD99L2,0.0
CD99L2,0.0
CD99P1,0.0
CD99P1,0.0
CDA,0.0
CDADC1,0.0
CDAN1,2.5817992256684743
CDC123,2.453617969810736
CDC14A,1.1840889676042927
CDC14B,2.096038866256799
CDC16,2.010885112023206
CDC20,0.0
CDC20B,0.0
CDC20P1,0.0
CDC23,1.0829908296976
CDC25A,0.0
CDC25B,0.0
CDC25C,0.0
CDC26,0.0
CDC27,0.0
CDC27P1,0.0
CDC27P2,0.0
CDC34,0.0
CDC37,0.9105921305334987
CDC37L1,0.0
CDC37P1,0.0
CDC40,0.4127178969233909
CDC42,1.9496463091932343
CDC42-IT1,0.0
CDC42BPA,3.285429014297231
CDC42BPB,2.482913095194609
CDC42BPG,0.0
CDC42EP1,0.0
CDC42EP2,0.0
CDC42EP3,0.5288907918624668
CDC42EP4,2.084849460186147
CDC42EP5,0.0
CDC42EP5,0.0
CDC42EP5,0.0
CDC42EP5,0.0
CDC42P1,0.0
CDC42P2,0.0
CDC42P3,0.0
CDC42P4,0.0
CDC42P5,0.0
CDC42P6,0.253644744093139
CDC42SE1,0.0
CDC42SE2,2.4896593675683527
CDC45,0.0
CDC5L,1.4933759616707991
CDC6,0.253644744093139
CDC7,0.0
CDC73,1.803921369136032
CDCA2,0.0
CDCA3,0.0
CDCA3,0.0
CDCA4,1.0219824427879696
CDCA5,0.0
CDCA7,0.0
CDCA7L,0.6204550963106681
CDCA8,0.0
CDCP1,0.0
CDCP2,0.0
CDH1,0.0
CDH10,2.6287948062436306
CDH11,0.0
CDH12,0.0
CDH12P1,0.0
CDH12P2,0.0
CDH12P3,0.0
CDH12P4,0.0
CDH12P4,0.0
CDH13,0.0
CDH15,0.0
CDH16,0.0
CDH17,0.0
CDH18,0.6204550963106681
CDH19,0.0
CDH2,2.64625589413827
CDH20,0.253644744093139
CDH22,0.0
CDH23,0.0
CDH23-AS1,0.0
CDH24,0.0
CDH26,0.0
CDH3,0.4127178969233909
CDH4,0.0
CDH5,0.0
CDH6,0.0
CDH7,0.0
CDH8,2.226288317599943
CDH9,1.535511556564225
CDHR1,0.0
CDHR2,0.0
CDHR3,0.253644744093139
CDHR4,0.0
CDHR5,0.0
CDIP1,1.9496463091932343
CDIPT,0.4127178969233909
CDIPT-AS1,0.0
CDK1,0.0
CDK10,0.0
CDK11A,2.014232018514904
CDK11B,1.470668879757139
CDK12,0.0
CDK13,2.09879174565615
CDK14,0.0
CDK15,0.0
CDK16,0.0
CDK17,0.866058549240148
CDK18,0.0
CDK19,0.0
CDK2,0.0
CDK20,0.0
CDK2AP1,1.7206743438370773
CDK2AP2,0.0
CDK2AP2P1,0.0
CDK2AP2P2,0.0
CDK2AP2P3,0.0
CDK3,0.0
CDK4,0.0
CDK5,0.0
CDK5R1,1.7461308297538636
CDK5R2,0.0
CDK5RAP1,0.0
CDK5RAP2,0.0
CDK5RAP3,1.7073637581471683
CDK6,0.0
CDK7,0.0
CDK7,0.0
CDK8,0.0
CDK9,1.3944163697813394
CDKAL1,0.0
CDKL1,0.9105921305334987
CDKL2,0.0
CDKL3,0.0
CDKL4,0.0
CDKL5,0.0
CDKN1A,0.0
CDKN1B,1.7522684493138374
CDKN1C,0.0
CDKN2A,0.0
CDKN2AIP,0.253644744093139
CDKN2AIPNL,0.0
CDKN2AIPNLP1,0.0
CDKN2AIPNLP2,0.0
CDKN2AIPNLP3,0.0
CDKN2B,1.9257912163520183
CDKN2B-AS1,0.0
CDKN2C,1.6496233519400156
CDKN2D,0.253644744093139
CDKN3,0.0
CDNF,0.0
CDO1,1.3944163697813394
CDON,0.0
CDPF1,0.0
CDR1,0.0
CDR2,1.3349544931480026
CDR2L,2.278290115030305
CDRT1,0.4127178969233909
CDRT1,0.0
CDRT15,0.0
CDRT15L2,0.0
CDRT15P1,0.0
CDRT15P2,0.0
CDRT4,1.7522684493138374
CDRT7,0.0
CDRT8,0.0
CDS1,0.6960356275201428
CDS2,2.3622070126904435
CDSN,0.0
CDSN,0.0
CDSN,0.0
CDSN,0.0
CDSN,0.0
CDSN,0.0
CDT1,0.0
CDV3,0.0
CDV3P1,0.0
CDX1,0.0
CDX2,0.0
CDX4,0.0
CDY1,0.0
CDY10P,0.0
CDY11P,0.0
CDY12P,0.0
CDY13P,0.0
CDY14P,0.0
CDY15P,0.0
CDY17P,0.0
CDY18P,0.0
CDY19P,0.0
CDY1B,0.0
CDY20P,0.0
CDY22P,0.0
CDY23P,0.0
CDY2A,0.0
CDY2B,0.0
CDY3P,0.0
CDY4P,0.0
CDY5P,0.0
CDY6P,0.0
CDY7P,0.0
CDY8P,0.0
CDY9P,0.0
CDYL,0.253644744093139
CDYL2,0.0
CEA,0.0
CEA,0.0
CEACAM1,0.0
CEACAM16,0.0
CEACAM18,0.0
CEACAM19,0.0
CEACAM20,0.0
CEACAM21,0.0
CEACAM22P,0.0
CEACAM3,0.0
CEACAM3,0.0
CEACAM4,0.0
CEACAM4,0.0
CEACAM5,0.0
CEACAM5,0.0
CEACAM6,0.0
CEACAM6,0.0
CEACAM7,0.0
CEACAM7,0.0
CEACAM8,0.0
CEACAMP1,0.0
CEACAMP10,0.0
CEACAMP11,0.0
CEACAMP2,0.0
CEACAMP3,0.0
CEACAMP3,0.0
CEACAMP4,0.0
CEACAMP5,0.0
CEACAMP6,0.0
CEACAMP7,0.0
CEACAMP8,0.0
CEACAMP9,0.0
CEBPA,0.0
CEBPA-AS1,0.0
CEBPA-AS1,0.0
CEBPB,0.0
CEBPD,0.0
CEBPE,0.0
CEBPG,0.4127178969233909
CEBPZ,1.0219824427879696
CECR1,0.0
CECR2,1.0219824427879696
CECR3,0.0
CECR5,0.0
CECR5-AS1,0.0
CECR6,0.0
CECR7,0.253644744093139
CECR9,0.0
CEL,0.0
CELA1,0.0
CELA2A,0.0
CELA2B,0.0
CELA3A,0.0
CELA3B,0.0
CELF1,1.535511556564225
CELF2,2.6585279362645604
CELF2-AS1,0.0
CELF2-AS2,0.0
CELF3,0.0
CELF4,0.253644744093139
CELF5,0.0
CELF6,0.0
CELF6,0.0
CELP,0.0
CELSR1,0.253644744093139
CELSR2,0.6960356275201428
CELSR3,0.0
CEMP1,0.0
CEND1,0.0
CEND1P1,0.0
CENPA,0.0
CENPB,0.0
CENPBD1,0.0
CENPC,1.0535570409588524
CENPCP1,0.0
CENPE,0.0
CENPF,0.0
CENPH,0.0
CENPI,0.0
CENPIP1,0.0
CENPJ,0.0
CENPK,0.0
CENPL,0.253644744093139
CENPM,0.0
CENPN,0.0
CENPO,1.470668879757139
CENPP,0.0
CENPQ,0.0
CENPT,0.0
CENPV,0.0
CENPVP1,0.0
CENPVP1,0.0
CENPVP2,0.0
CENPVP3,0.0
CENPVP3,0.0
CENPW,0.0
CEP104,0.866058549240148
CEP112,0.0
CEP120,0.253644744093139
CEP128,0.0
CEP135,0.0
CEP152,0.0
CEP164,1.7073637581471683
CEP164P1,0.0
CEP170,1.7929621417944026
CEP170B,0.7603920768618123
CEP170P1,0.0
CEP19,0.0
CEP192,0.0
CEP250,1.470668879757139
CEP290,1.825043511578913
CEP350,2.319804792484853
CEP41,0.0
CEP41,0.253644744093139
CEP44,0.0
CEP55,0.0
CEP57,1.591918701844707
CEP57L1,2.0305902524630275
CEP57L1P1,0.253644744093139
CEP63,0.0
CEP68,0.7603920768618123
CEP70,0.4127178969233909
CEP72,0.0
CEP76,0.6960356275201428
CEP78,0.0
CEP85,0.6960356275201428
CEP85L,1.6572748854262789
CEP89,0.0
CEP95,0.0
CEP95,0.0
CEP97,0.0
CEPT1,0.0
CER1,0.0
CERCAM,0.0
CERK,0.0
CERKL,0.0
CERS1,0.0
CERS2,1.9795423135776309
CERS3,0.0
CERS4,0.0
CERS5,1.1105557679530071
CERS6,1.7206743438370773
CERS6-AS1,0.0
CES1,0.0
CES1,0.0
CES1P1,0.0
CES1P2,0.0
CES2,1.2469559880685197
CES3,0.0
CES4A,0.0
CES5A,0.0
CES5A,0.0
CES5AP1,0.9509808635159877
CETN1,0.0
CETN2,0.0
CETN2,0.0
CETN3,1.514954562424701
CETN4P,0.0
CETP,0.0
CFB,0.0
CFB,0.0
CFB,0.0
CFB,0.0
CFB,0.0
CFB,0.0
CFB,0.0
CFB,0.0
CFC1,0.0
CFC1B,0.0
CFD,0.0
CFDP1,0.0
CFH,0.0
CFHR1,0.0
CFHR2,0.0
CFHR3,0.0
CFHR4,0.0
CFHR5,0.0
CFI,0.0
CFL1,1.1105557679530071
CFL1P1,0.0
CFL1P2,0.0
CFL1P3,0.0
CFL1P4,0.0
CFL1P5,0.0
CFL1P5,0.0
CFL1P6,0.0
CFL1P7,0.0
CFL1P8,0.0
CFL2,0.0
CFLAR,1.1364750726028654
CFLAR-AS1,0.0
CFP,0.0
CFTR,0.7603920768618123
CFTRP1,0.0
CGA,0.0
CGB,0.0
CGB1,0.0
CGB2,0.0
CGB5,0.0
CGB7,0.0
CGB8,0.0
CGGBP1,2.7037359831926877
CGN,0.0
CGNL1,0.0
CGREF1,0.0
CGRRF1,1.6496233519400156
CH17-12M21.1,0.0
CH17-132F21.1,0.0
CH17-235K9.4,0.0
CH17-260O16.1,0.0
CH17-260O16.2,0.0
CH17-260O16.3,0.0
CH17-351M24.1,0.0
CH17-76K2.4,0.0
CH17-93H22.2,0.0
CH17-93H22.3,0.0
CH25H,0.0
CHAC1,0.0
CHAC2,0.0
CHAD,0.0
CHADL,0.0
CHAF1A,0.0
CHAF1B,0.0
CHAMP1,0.0
CHAT,0.0
CHCHD1,0.0
CHCHD10,0.4127178969233909
CHCHD2,2.4995862632624104
CHCHD2P1,0.0
CHCHD2P11,0.0
CHCHD2P2,0.0
CHCHD2P2,0.0
CHCHD2P3,0.0
CHCHD2P4,0.0
CHCHD2P5,0.0
CHCHD2P6,0.253644744093139
CHCHD2P7,0.0
CHCHD2P8,0.0
CHCHD2P9,0.253644744093139
CHCHD3,0.5288907918624668
CHCHD3P1,0.0
CHCHD3P2,0.0
CHCHD3P3,0.0
CHCHD4,0.0
CHCHD4P2,0.0
CHCHD4P3,0.0
CHCHD4P4,0.0
CHCHD4P5,0.0
CHCHD5,1.73358907889706
CHCHD6,0.0
CHCHD7,1.3018627585701523
CHD1,1.9722590260471629
CHD1L,0.0
CHD1L,0.0
CHD2,2.263520576304028
CHD3,1.2060714458283772
CHD4,2.579083521916952
CHD5,1.408091496025075
CHD6,2.726310071474654
CHD7,2.079144757918472
CHD8,0.0
CHD9,1.964851508604246
CHDC2,0.0
CHDH,1.3018627585701523
CHEK1,0.0
CHEK2,0.0
CHEK2P2,0.0
CHEK2P3,0.0
CHEK2P4,0.0
CHEK2P5,0.0
CHERP,0.6960356275201428
CHFR,1.4467087411059607
CHGA,0.0
CHGB,1.6258250518828512
CHI3L1,0.0
CHI3L2,0.0
CHIA,0.0
CHIAP1,0.0
CHIAP2,0.0
CHIAP3,0.0
CHIC1,0.0
CHIC2,0.0
CHID1,0.0
CHIT1,0.0
CHKA,1.7461308297538636
CHKB,0.9879310210915638
CHKB-AS1,0.0
CHKB-CPT1B,0.0
CHL1,0.5288907918624668
CHL1-AS1,0.0
CHL1-AS2,0.0
CHM,1.3506004547184218
CHML,0.0
CHMP1A,0.0
CHMP1AP1,0.0
CHMP1B,2.2672603164487475
CHMP2A,2.1455741788240514
CHMP2B,1.0219824427879696
CHMP3,0.0
CHMP4A,0.0
CHMP4B,0.0
CHMP4BP1,0.0
CHMP4C,0.0
CHMP5,1.4821708087520635
CHMP6,0.0
CHMP7,0.0
CHN1,2.560531437388012
CHN2,0.0
CHODL,0.0
CHODL-AS1,0.0
CHORDC1,1.896195851746716
CHORDC2P,0.0
CHP1,1.3018627585701523
CHP2,0.0
CHPF,0.253644744093139
CHPF2,0.0
CHPT1,2.4089716970348407
CHRAC1,0.0
CHRD,1.2469559880685197
CHRDL1,2.3148273525931726
CHRDL2,0.0
CHRFAM7A,0.9509808635159877
CHRM1,1.0829908296976
CHRM2,0.0
CHRM3,0.253644744093139
CHRM3-AS1,0.0
CHRM3-AS2,1.9418393023284208
CHRM4,0.0
CHRM5,0.0
CHRNA1,0.0
CHRNA10,0.0
CHRNA2,0.0
CHRNA3,0.0
CHRNA4,0.0
CHRNA5,0.0
CHRNA6,1.4588540253591942
CHRNA7,0.7603920768618123
CHRNA9,1.825043511578913
CHRNB1,1.1609342125054871
CHRNB2,0.0
CHRNB3,0.0
CHRNB4,0.0
CHRND,0.0
CHRNE,0.0
CHRNG,0.0
CHST1,1.1840889676042927
CHST10,0.0
CHST11,0.0
CHST12,0.0
CHST13,0.0
CHST14,0.0
CHST15,1.1364750726028654
CHST2,0.253644744093139
CHST3,2.09879174565615
CHST4,0.0
CHST5,0.0
CHST6,0.0
CHST7,0.0
CHST8,0.0
CHST9,0.253644744093139
CHSY1,0.0
CHSY3,0.0
CHTF18,0.0
CHTF8,0.0
CHTF8,0.0
CHTF8P1,0.0
CHTOP,2.757511123010915
CHUK,0.0
CHURC1,2.0645462909179955
CHURC1-FNTB,0.0
CIAO1,2.1577223471671347
CIAPIN1,0.0
CIAPIN1P,0.0
CIB1,0.0
CIB2,0.0
CIB3,0.0
CIB4,0.0
CIC,0.253644744093139
CICP1,0.0
CICP10,0.0
CICP10,0.0
CICP11,0.0
CICP12,0.0
CICP13,0.0
CICP14,0.0
CICP16,0.0
CICP17,0.0
CICP18,0.0
CICP19,0.0
CICP2,0.0
CICP20,0.0
CICP22,0.0
CICP23,0.0
CICP24,0.0
CICP26,0.0
CICP27,0.0
CICP3,0.0
CICP4,0.0
CICP5,0.0
CICP6,0.0
CICP7,0.0
CICP8,0.0
CICP9,0.0
CIDEA,0.0
CIDEB,0.0
CIDEC,0.0
CIDECP,2.5239697608949863
CIITA,0.0
CILP,0.0
CILP2,0.0
CINP,0.0
CIR1,2.297811408112942
CIR1P1,0.0
CIR1P2,0.0
CIR1P3,0.0
CIRBP,2.171865343653194
CIRBP-AS1,0.0
CIRH1A,0.0
CISD1,1.0535570409588524
CISD1P1,0.0
CISD2,0.0
CISD3,0.0
CISH,0.0
CIT,2.0006867942048503
CITED1,0.0
CITED2,0.0
CITED4,0.0
CITF22-1A6.3,0.0
CITF22-24E5.1,0.0
CITF22-49D8.1,0.0
CITF22-92A6.1,0.0
CIZ1,0.0
CKAP2,0.6204550963106681
CKAP2L,0.0
CKAP4,0.0
CKAP5,2.289046713426242
CKB,3.574946184806786
CKBP1,0.0
CKLF,0.0
CKLF-CMTM1,0.0
CKM,0.0
CKMT1A,1.0535570409588524
CKMT1B,0.0
CKMT2,0.0
CKMT2-AS1,0.8164310788769841
CKS1B,0.0
CKS1B,0.4127178969233909
CKS1BP5,0.0
CKS1BP6,0.0
CKS1BP7,0.0
CKS2,0.0
CLASP1,2.359204210403834
CLASP2,1.990243223759475
CLASRP,0.0
CLC,0.0
CLCA1,0.0
CLCA2,0.0
CLCA3P,0.0
CLCA4,0.0
CLCC1,0.0
CLCF1,0.0
CLCN1,0.0
CLCN2,0.0
CLCN3,1.85007876288628
CLCN4,0.0
CLCN5,0.0
CLCN5,0.0
CLCN6,2.1833092257283497
CLCN7,1.3944163697813394
CLCNKA,0.0
CLCNKB,0.4127178969233909
CLCP1,0.0
CLCP2,0.0
CLDN1,0.0
CLDN10,2.8455077710815053
CLDN10-AS1,0.0
CLDN11,0.0
CLDN12,2.1305330951471686
CLDN14,0.0
CLDN15,0.0
CLDN16,0.0
CLDN17,0.0
CLDN18,0.0
CLDN19,0.0
CLDN2,0.0
CLDN20,0.0
CLDN22,0.0
CLDN23,0.0
CLDN24,0.0
CLDN25,0.0
CLDN3,0.0
CLDN3,0.0
CLDN4,0.0
CLDN4,0.0
CLDN5,0.0
CLDN6,0.0
CLDN7,0.0
CLDN8,0.0
CLDN9,0.0
CLDND1,0.0
CLDND2,0.6960356275201428
CLEC10A,0.0
CLEC11A,0.0
CLEC12A,0.0
CLEC12B,0.0
CLEC14A,0.0
CLEC16A,1.917539173272604
CLEC17A,0.0
CLEC18A,0.0
CLEC18B,0.0
CLEC18C,0.0
CLEC19A,0.0
CLEC1A,0.0
CLEC1B,0.0
CLEC2A,0.0
CLEC2B,0.0
CLEC2D,0.0
CLEC2L,0.0
CLEC3A,0.0
CLEC3B,0.0
CLEC4A,0.0
CLEC4C,0.0
CLEC4D,0.0
CLEC4E,0.0
CLEC4F,0.0
CLEC4F,0.0
CLEC4G,0.0
CLEC4GP1,0.0
CLEC4M,0.0
CLEC5A,0.0
CLEC5A,0.0
CLEC6A,0.0
CLEC7A,0.0
CLEC9A,0.0
CLECL1,0.0
CLGN,0.0
CLHC1,0.0
CLIC1,0.0
CLIC1,0.0
CLIC1,0.0
CLIC1,0.0
CLIC1,0.0
CLIC1,0.0
CLIC1,0.0
CLIC1P1,0.0
CLIC2,0.0
CLIC2,1.2469559880685197
CLIC3,0.0
CLIC4,2.564305796566545
CLIC5,0.0
CLIC6,0.0
CLINT1,1.1609342125054871
CLIP1,1.8146108385283355
CLIP2,0.0
CLIP2,0.0
CLIP3,1.1105557679530071
CLIP4,1.7399052260407448
CLK1,1.6496233519400156
CLK2,0.0
CLK2,0.0
CLK3,0.0
CLK4,0.866058549240148
CLLU1,0.0
CLLU1OS,0.0
CLMN,0.0
CLMP,0.0
CLN3,1.2269946489498065
CLN3,0.0
CLN5,0.0
CLN6,0.0
CLN8,0.253644744093139
CLNK,0.0
CLNS1A,1.7817191880906658
CLNS1AP1,0.0
CLOCK,0.9879310210915638
CLP1,0.0
CLPB,0.0
CLPP,0.9879310210915638
CLPS,0.0
CLPSL1,0.0
CLPSL2,0.0
CLPTM1,0.0
CLPTM1L,0.0
CLPTM1LP1,0.0
CLPX,0.0
CLRN1,0.0
CLRN1-AS1,1.9418393023284208
CLRN2,0.0
CLRN3,0.0
CLSPN,0.0
CLSTN1,0.0
CLSTN2,0.0
CLSTN2-AS1,0.0
CLSTN3,0.4127178969233909
CLTA,0.253644744093139
CLTB,0.0
CLTC,3.002284843907894
CLTCL1,0.0
CLTCL1,0.0
CLU,3.9700204591998927
CLUAP1,0.253644744093139
CLUH,1.2060714458283772
CLUHP1,0.0
CLUHP2,0.0
CLUHP3,0.253644744093139
CLUHP4,0.0
CLUHP5,0.0
CLUL1,0.0
CLVS1,0.0
CLVS2,0.253644744093139
CLYBL,0.0
CLYBL-AS1,0.0
CLYBL-AS2,0.0
CMA1,0.0
CMAHP,0.0
CMAS,0.253644744093139
CMBL,0.8164310788769841
CMC1,0.0
CMC2,1.2269946489498065
CMC4,0.0
CMC4,0.0
CMIP,1.1609342125054871
CMKLR1,0.0
CMP21-97G8.1,0.0
CMP21-97G8.2,0.0
CMPK1,0.0
CMPK2,0.0
CMSS1,0.0
CMTM1,0.0
CMTM2,0.0
CMTM3,0.0
CMTM4,2.1096320145730845
CMTM5,0.4127178969233909
CMTM6,0.4127178969233909
CMTM7,0.0
CMTM8,0.0
CMTR1,0.0
CMTR2,1.7873770459247007
CMYA5,0.0
CNBD1,0.0
CNBD2,0.0
CNBP,2.25402786314266
CNDP1,0.253644744093139
CNDP2,0.0
CNEP1R1,0.0
CNFN,0.0
CNGA1,0.0
CNGA2,0.0
CNGA3,0.0
CNGA4,0.0
CNGB1,0.0
CNGB3,0.0
CNIH1,2.3469809720555848
CNIH2,0.0
CNIH3,0.0
CNIH4,1.6175933905056985
CNKSR1,0.0
CNKSR2,2.257849883007614
CNKSR3,0.253644744093139
CNN1,0.0
CNN2,0.0
CNN2P1,0.0
CNN2P10,0.0
CNN2P11,0.0
CNN2P11,0.0
CNN2P12,0.0
CNN2P2,0.0
CNN2P3,0.0
CNN2P4,0.0
CNN2P5,0.0
CNN2P6,0.0
CNN2P7,0.0
CNN2P8,0.0
CNN2P8,0.0
CNN2P9,0.0
CNN3,2.587180213029097
CNN3P1,0.0
CNNM1,0.0
CNNM2,0.0
CNNM3,0.0
CNNM4,0.0
CNOT1,2.776940336152087
CNOT10,0.6960356275201428
CNOT10-AS1,0.0
CNOT11,0.0
CNOT2,2.332805643215876
CNOT3,0.0
CNOT3,0.0
CNOT3,0.0
CNOT3,0.0
CNOT3,0.0
CNOT3,0.0
CNOT3,0.0
CNOT3,0.0
CNOT3,0.0
CNOT4,1.9759159375793864
CNOT4P1,0.0
CNOT6,0.0
CNOT6L,2.340737875568996
CNOT6LP1,0.0
CNOT7,1.1609342125054871
CNOT7P1,0.0
CNOT7P2,0.0
CNOT8,1.1840889676042927
CNP,0.0
CNP,0.0
CNPPD1,0.6204550963106681
CNPY1,0.0
CNPY2,1.803921369136032
CNPY3,0.0
CNPY4,0.0
CNR1,1.9338893813999691
CNR2,0.0
CNRIP1,0.0
CNST,0.0
CNTD1,0.0
CNTD2,0.0
CNTF,0.0
CNTFR,1.3018627585701523
CNTFR-AS1,0.0
CNTLN,0.5288907918624668
CNTN1,2.791658591051293
CNTN2,0.0
CNTN3,0.0
CNTN4,0.0
CNTN4-AS1,0.0
CNTN4-AS2,0.0
CNTN5,0.0
CNTN6,0.0
CNTNAP1,0.253644744093139
CNTNAP2,2.64625589413827
CNTNAP3,1.896195851746716
CNTNAP3B,0.9879310210915638
CNTNAP4,0.0
CNTNAP5,0.0
CNTRL,2.9432763569514595
CNTROB,0.0
COA1,1.4213491305518202
COA3,1.896195851746716
COA4,1.686600231622561
COA5,0.0
COA6,1.900549254498717
COASY,0.0
COBL,1.77598664737081
COBLL1,0.0
COCH,0.0
COG1,1.2843206418841475
COG2,0.0
COG3,0.0
COG4,1.1609342125054871
COG5,0.0
COG6,0.0
COG7,0.0
COG8,1.686600231622561
COIL,0.0
COL10A1,0.0
COL11A1,2.185562255814066
COL11A2,0.0
COL11A2,0.0
COL11A2,0.0
COL11A2,0.0
COL11A2,0.0
COL11A2,0.0
COL11A2,0.0
COL11A2P1,0.0
COL11A2P1,0.0
COL11A2P1,0.0
COL11A2P1,0.0
COL11A2P1,0.0
COL11A2P1,0.0
COL11A2P1,0.0
COL11A2P1,0.0
COL12A1,1.9795423135776309
COL13A1,0.0
COL14A1,0.0
COL15A1,0.0
COL16A1,2.4690977826455724
COL17A1,0.0
COL18A1,0.0
COL18A1-AS1,0.0
COL18A1-AS2,0.0
COL19A1,0.0
COL1A1,0.0
COL1A2,0.0
COL20A1,0.0
COL21A1,1.1105557679530071
COL22A1,0.0
COL23A1,0.0
COL24A1,0.8164310788769841
COL25A1,0.0
COL26A1,0.0
COL27A1,0.0
COL28A1,0.0
COL2A1,0.0
COL3A1,0.0
COL4A1,0.0
COL4A2,0.0
COL4A2-AS1,0.0
COL4A2-AS2,0.0
COL4A3,0.0
COL4A3BP,0.0
COL4A4,0.0
COL4A5,0.0
COL4A6,0.0
COL5A1,0.0
COL5A1-AS1,0.0
COL5A2,0.0
COL5A3,0.5288907918624668
COL6A1,0.0
COL6A2,0.0
COL6A3,0.0
COL6A4P1,0.0
COL6A4P2,0.0
COL6A5,0.0
COL6A6,1.9795423135776309
COL7A1,0.0
COL8A1,0.0
COL8A2,0.0
COL9A1,0.0
COL9A2,1.535511556564225
COL9A3,0.0
COLCA1,0.0
COLCA2,1.9298591741236093
COLEC10,0.0
COLEC11,0.0
COLEC12,0.0
COLGALT1,0.0
COLGALT2,0.0
COLQ,0.0
COMMD1,1.1364750726028654
COMMD10,0.0
COMMD2,0.0
COMMD3,0.0
COMMD3-BMI1,0.0
COMMD4,0.0
COMMD5,1.664793942489872
COMMD6,0.0
COMMD7,0.0
COMMD8,0.6960356275201428
COMMD9,0.0
COMP,0.0
COMT,0.0
COMTD1,0.0
COPA,2.5450971691500617
COPB1,1.6092026860167012
COPB2,2.7010013831920983
COPE,1.2469559880685197
COPG1,0.253644744093139
COPG2,0.0
COPG2,0.0
COPG2IT1,0.7603920768618123
COPRS,0.0
COPS2,1.380296600302216
COPS3,0.0
COPS4,0.8164310788769841
COPS5,1.380296600302216
COPS5P1,0.0
COPS6,0.7603920768618123
COPS7A,0.0
COPS7B,2.2443230149111075
COPS8,2.164851414502081
COPS8P2,0.0
COPS8P3,0.0
COPZ1,0.0
COPZ2,0.0
COQ10A,0.0
COQ10B,1.0829908296976
COQ10BP2,0.0
COQ2,0.0
COQ3,2.4749076639710603
COQ4,2.209603534240357
COQ5,1.3018627585701523
COQ6,0.7603920768618123
COQ7,1.5830117235334478
COQ9,0.9879310210915638
CORIN,0.0
CORO1A,0.0
CORO1B,0.0
CORO1C,0.0
CORO2A,0.0
CORO2B,0.253644744093139
CORO6,0.0
CORO7,0.0
CORO7-PAM16,0.0
CORT,0.0
COTL1,1.3187237340792874
COTL1P1,0.0
COTL1P2,0.0
COX10,2.343870641983304
COX10-AS1,0.0
COX11,1.3187237340792874
COX11P1,0.0
COX14,0.0
COX15,0.6204550963106681
COX16,1.0829908296976
COX17,0.0
COX17P1,0.0
COX18,0.0
COX19,0.0
COX20,0.0
COX20P1,0.0
COX20P2,0.0
COX4I1,2.8355608328735142
COX4I1P1,0.0
COX4I1P2,0.0
COX4I2,0.0
COX5A,1.3349544931480026
COX5AP2,0.0
COX5B,2.150474298334609
COX5BP1,0.0
COX5BP2,0.0
COX5BP3,0.0
COX5BP6,0.9105921305334987
COX5BP7,0.0
COX5BP8,0.0
COX6A1,2.007512212023229
COX6A1P2,0.7603920768618123
COX6A1P3,0.0
COX6A2,0.0
COX6B1,1.266040025979822
COX6B1P1,0.0
COX6B1P2,0.0
COX6B1P3,0.0
COX6B1P4,0.0
COX6B1P5,0.0
COX6B1P6,0.0
COX6B1P7,0.0
COX6B2,0.0
COX6C,1.76428944396994
COX6CP1,0.0
COX6CP2,0.0
COX6CP3,0.0
COX6CP5,0.0
COX6CP6,0.0
COX7A1,1.365702298095103
COX7A2,1.5830117235334478
COX7A2L,0.253644744093139
COX7A2P1,0.0
COX7A2P2,0.0
COX7B,0.0
COX7B,0.0
COX7B2,0.0
COX7BP1,0.0
COX7BP2,0.0
COX7C,1.900549254498717
COX7CP1,0.0
COX8A,1.7399052260407448
COX8C,0.0
CP,1.887355901089917
CPA1,0.0
CPA1,0.0
CPA2,0.0
CPA3,0.0
CPA4,1.896195851746716
CPA5,0.0
CPA5,0.0
CPA6,0.253644744093139
CPAMD8,0.0
CPB1,0.0
CPB2,0.0
CPB2-AS1,0.0
CPD,1.7005522897870602
CPE,3.5207261448165026
CPEB1,1.470668879757139
CPEB2,2.3607082067918363
CPEB2-AS1,0.0
CPEB3,0.4127178969233909
CPEB3_ribozyme,0.0
CPEB4,2.6968669243256898
CPED1,0.0
CPHL1P,0.0
CPLX1,0.0
CPLX2,0.0
CPLX3,0.0
CPLX4,0.0
CPM,0.0
CPN1,0.0
CPN2,0.0
CPNE1,2.7037359831926877
CPNE2,0.0
CPNE3,3.0117760663613677
CPNE4,0.0
CPNE5,0.0
CPNE6,1.2269946489498065
CPNE7,0.0
CPNE8,2.6968669243256898
CPNE9,0.0
CPO,0.0
CPOX,0.0
CPPED1,0.0
CPQ,0.4127178969233909
CPS1,0.0
CPSF1,0.0
CPSF1,0.0
CPSF1P1,1.434214011430753
CPSF2,2.2801014847530814
CPSF3,0.0
CPSF3L,0.0
CPSF4,0.5288907918624668
CPSF4L,0.0
CPSF6,1.8198585011625843
CPSF7,0.0
CPT1A,1.85007876288628
CPT1B,0.0
CPT1C,0.0
CPT2,0.253644744093139
CPVL,0.253644744093139
CPXCR1,0.0
CPXM1,0.0
CPXM2,0.0
CPZ,0.0
CR1,0.0
CR1L,0.0
CR2,0.0
CR354443.1,0.0
CR354443.2,0.0
CR354443.3,0.0
CR381653.1,0.0
CR381670.1,0.0
CR382280.1,0.0
CR382280.2,0.0
CR382280.3,0.0
CR382280.4,0.0
CR382280.5,0.0
CR382280.6,0.0
CR382280.7,0.0
CR383657.1,0.0
CR388219.1,0.0
CR388229.1,0.0
CR388372.1,0.0
CR388372.2,0.0
CR388372.3,0.0
CR388372.4,0.0
CR388372.5,0.0
CR388372.6,0.0
CR392000.1,0.0
CR392039.1,0.0
CR392039.2,0.0
CR536603.1,0.0
CR547129.1,0.0
CR547132.1,0.0
CR751550.1,0.0
CR751550.2,0.0
CR752645.1,0.0
CR753309.1,0.0
CR753309.2,0.0
CR753328.1,0.0
CR753328.2,0.0
CR753509.1,0.0
CR753651.1,0.0
CR753651.2,0.0
CR753651.3,0.0
CR753803.1,0.0
CR753815.1,0.0
CR753815.2,0.0
CR753819.1,0.0
CR753819.2,0.0
CR753819.3,0.0
CR753819.4,0.0
CR753820.1,0.0
CR753835.1,0.0
CR753835.2,0.0
CR753842.1,0.0
CR753842.2,0.0
CR753845.1,0.0
CR753846.1,0.0
CR753846.2,0.0
CR753846.3,0.0
CR753846.4,0.0
CR753864.1,0.0
CR759281.1,0.0
CR759281.2,0.0
CR759281.3,0.0
CR759737.1,0.0
CR759747.1,0.0
CR759761.1,0.0
CR759761.2,0.0
CR759763.1,0.0
CR759772.1,0.0
CR759772.2,0.0
CR759778.1,0.0
CR759778.2,0.0
CR759782.1,0.0
CR759784.1,0.0
CR759784.2,0.0
CR759787.1,0.0
CR759792.1,0.0
CR759793.1,0.0
CR759795.1,0.0
CR759798.1,0.0
CR759814.1,0.0
CR759815.1,0.0
CR759815.2,0.0
CR759828.1,0.0
CR759828.2,0.0
CR759834.1,0.0
CR759848.1,0.0
CR759848.2,0.0
CR759890.1,0.0
CR759890.2,0.0
CR759890.3,0.0
CR759890.4,0.0
CR759890.5,0.0
CR759890.6,0.0
CR759904.1,0.0
CR759912.1,0.0
CR759912.2,0.0
CR759912.3,0.0
CR759912.4,0.0
CR759912.5,0.0
CR759912.6,0.0
CR759912.7,0.0
CR759912.8,0.0
CR759928.1,0.0
CR759960.1,0.0
CR762481.1,0.0
CR762481.2,0.0
CR762481.3,0.0
CR762481.4,0.0
CR762481.5,0.0
CR762481.6,0.0
CR762481.7,0.0
CR769776.1,0.0
CR769776.3,0.0
CR774188.1,0.0
CR786580.1,0.0
CR786580.2,0.0
CR812479.1,0.0
CR812479.2,0.0
CR812479.3,0.0
CR812485.1,0.0
CR847794.1,0.0
CR847794.2,0.0
CR847849.1,0.0
CR847852.1,0.0
CR848007.2,0.0
CR848007.5,0.0
CR925767.1,0.0
CR933842.1,0.0
CR933877.1,0.0
CR933877.2,0.0
CR936880.1,0.0
CR936913.1,0.0
CR936918.1,0.0
CR936921.1,0.0
CR938714.1,0.0
CRABP1,0.9509808635159877
CRABP2,0.0
CRADD,0.0
CRAMP1L,0.0
CRAT,1.266040025979822
CRB1,2.742814039708401
CRB2,0.4127178969233909
CRB3,0.0
CRBN,2.440074432617396
CRCP,0.0
CRCT1,0.0
CREB1,0.0
CREB3,2.4851735166372078
CREB3L1,0.0
CREB3L2,0.253644744093139
CREB3L3,0.0
CREB3L4,0.0
CREB5,1.9937523923170493
CREBBP,2.775787229960955
CREBL2,1.896195851746716
CREBRF,1.434214011430753
CREBZF,0.7603920768618123
CREG1,0.9509808635159877
CREG2,0.253644744093139
CRELD1,0.0
CRELD2,0.0
CREM,0.5288907918624668
CRH,0.0
CRHBP,0.0
CRHR1,0.0
CRHR1,0.0
CRHR1-IT1,0.0
CRHR2,0.0
CRIM1,2.024120707748976
CRIP1,0.0
CRIP1,0.0
CRIP1,0.0
CRIP1,0.0
CRIP1P1,0.0
CRIP1P2,0.0
CRIP1P3,0.0
CRIP1P4,0.0
CRIP2,0.0
CRIP2,0.0
CRIP3,0.0
CRIPAK,0.0
CRIPT,0.253644744093139
CRISP1,1.0535570409588524
CRISP2,0.0
CRISP3,0.0
CRISPLD1,0.0
CRISPLD2,0.0
CRK,0.0
CRKL,0.0
CRLF1,0.0
CRLF2,0.0
CRLF2,0.0
CRLF3,2.562422717231533
CRLS1,0.0
CRMP1,1.0219824427879696
CRNDE,0.0
CRNKL1,0.0
CRNN,0.0
CROCC,1.0829908296976
CROCCP1,0.0
CROCCP1,0.0
CROCCP2,0.0
CROCCP3,0.253644744093139
CROCCP4,0.0
CROCCP5,0.0
CROT,1.4933759616707991
CRP,0.0
CRPP1,0.0
CRTAC1,0.0
CRTAM,0.0
CRTAP,1.6721850324842915
CRTC1,0.0
CRTC2,0.0
CRTC3,0.0
CRX,0.0
CRY1,0.253644744093139
CRY2,0.0
CRYAA,0.0
CRYAB,0.0
CRYAB,0.0
CRYBA1,0.0
CRYBA2,0.0
CRYBA4,0.0
CRYBB1,0.0
CRYBB2,0.0
CRYBB2P1,0.0
CRYBB3,0.0
CRYBG3,0.0
CRYBG3,0.0
CRYGA,0.0
CRYGB,0.0
CRYGC,0.0
CRYGD,0.0
CRYGEP,0.0
CRYGFP,0.0
CRYGGP,0.0
CRYGN,0.0
CRYGS,0.0
CRYL1,2.6926927270345185
CRYM,0.0
CRYM-AS1,0.0
CRYZ,2.194459281556151
CRYZL1,0.0
CRYZP1,0.0
CS,1.7701774257562413
CSAD,0.0
CSAG1,0.0
CSAG1,0.0
CSAG2,0.0
CSAG2,0.0
CSAG3,0.0
CSAG3,0.0
CSAG4,0.0
CSAG4,0.0
CSDC2,0.0
CSDE1,1.1840889676042927
CSE1L,0.0
CSF1,0.0
CSF1R,0.0
CSF2,0.0
CSF2RA,0.0
CSF2RA,0.0
CSF2RB,0.0
CSF2RBP1,0.0
CSF3,0.0
CSF3R,0.253644744093139
CSGALNACT1,2.64625589413827
CSGALNACT2,0.6960356275201428
CSH1,0.0
CSH2,0.0
CSHL1,0.0
CSK,0.0
CSMD1,2.073364122649164
CSMD2,0.0
CSMD3,0.0
CSN1S1,0.0
CSN1S2AP,0.0
CSN2,0.0
CSN3,0.0
CSNK1A1,2.669726319315026
CSNK1A1L,0.0
CSNK1A1P1,0.0
CSNK1A1P3,0.0
CSNK1D,0.253644744093139
CSNK1E,1.4467087411059607
CSNK1G1,0.0
CSNK1G2,0.0
CSNK1G2-AS1,0.0
CSNK1G3,0.0
CSNK2A1,0.253644744093139
CSNK2A2,2.431230585097085
CSNK2A3,0.0
CSNK2B,0.0
CSNK2B,0.0
CSNK2B,0.0
CSNK2B,0.0
CSNK2B,0.0
CSNK2B,0.0
CSNK2B,0.0
CSNK2B-LY6G5B-1181,0.0
CSNK2B-LY6G5B-1181,0.0
CSNK2B-LY6G5B-1181,0.0
CSPG4,0.0
CSPG4P10,0.0
CSPG4P11,0.0
CSPG4P12,0.0
CSPG4P13,0.0
CSPG4P1Y,0.0
CSPG4P2Y,0.0
CSPG4P3Y,0.0
CSPG4P4Y,0.0
CSPG4P5,0.0
CSPG4P8,0.0
CSPG4P9,0.0
CSPG5,1.7140700431083098
CSPP1,0.5288907918624668
CSRNP1,0.6960356275201428
CSRNP2,1.365702298095103
CSRNP3,1.8198585011625843
CSRP1,2.786056597380622
CSRP2,0.0
CSRP2BP,0.0
CSRP3,0.0
CST1,0.0
CST11,0.0
CST12P,0.0
CST13P,0.0
CST2,0.0
CST2P1,0.0
CST3,2.252104165337004
CST4,0.0
CST5,0.0
CST6,0.0
CST7,0.0
CST8,0.0
CST9,0.0
CST9L,0.0
CST9LP1,0.0
CSTA,0.0
CSTB,2.122812586493364
CSTF1,1.9573154496595009
CSTF2,0.0
CSTF2T,0.0
CSTF3,0.0
CSTF3-AS1,1.408091496025075
CSTL1,0.0
CSTP1,0.0
CT009481.1,0.0
CT009496.1,0.0
CT009552.1,0.0
CT45A1,0.0
CT45A1,0.0
CT45A2,0.0
CT45A3,0.0
CT45A3,0.0
CT45A4,0.0
CT45A5,0.0
CT45A5,0.0
CT45A6,0.0
CT476828.1,0.0
CT476828.10,0.0
CT476828.11,0.0
CT476828.12,0.0
CT476828.13,0.0
CT476828.14,0.0
CT476828.15,0.0
CT476828.2,0.0
CT476828.3,0.0
CT476828.4,0.0
CT476828.5,0.0
CT476828.6,0.0
CT476828.7,0.0
CT476828.8,0.0
CT476828.9,0.0
CT47A1,0.0
CT47A10,0.0
CT47A11,0.0
CT47A12,0.0
CT47A2,0.0
CT47A3,0.0
CT47A4,0.0
CT47A5,0.0
CT47A6,0.0
CT47A7,0.0
CT47A8,0.0
CT47A9,0.0
CT47B1,0.0
CT49,0.0
CT60,0.0
CT62,0.0
CT64,0.0
CT867976.1,0.0
CT867976.2,0.0
CT867976.3,0.0
CT867976.4,0.0
CT867976.5,0.0
CT867977.1,0.0
CT978678.1,0.0
CTA-109P11.1,0.0
CTA-109P11.4,0.0
CTA-125H2.1,0.0
CTA-125H2.2,0.0
CTA-125H2.3,0.0
CTA-126B4.7,0.0
CTA-134P22.2,0.0
CTA-14H9.5,1.2469559880685197
CTA-150C2.13,0.0
CTA-150C2.13,0.0
CTA-150C2.20,0.0
CTA-204B4.2,0.0
CTA-211A9.5,0.0
CTA-212D2.2,0.0
CTA-215D11.4,0.0
CTA-217C2.1,1.1105557679530071
CTA-217C2.2,0.0
CTA-21C21.1,0.0
CTA-221G9.10,0.0
CTA-221G9.11,0.0
CTA-221G9.7,0.0
CTA-223H9.9,0.0
CTA-228A9.3,0.0
CTA-242H14.1,0.0
CTA-246H3.11,0.0
CTA-246H3.12,0.0
CTA-246H3.8,0.0
CTA-249B10.1,0.0
CTA-250D10.19,0.0
CTA-250D10.23,0.0
CTA-253N17.1,0.0
CTA-254O6.1,0.0
CTA-256D12.11,0.0
CTA-268H5.12,0.0
CTA-268H5.14,0.0
CTA-268H5.9,0.0
CTA-276F8.2,0.0
CTA-276O3.4,0.0
CTA-277P6.1,0.0
CTA-280A3__B.2,0.0
CTA-292E10.6,0.0
CTA-292E10.7,0.0
CTA-292E10.8,0.0
CTA-293F17.1,0.0
CTA-298G8.1,0.0
CTA-298G8.2,0.0
CTA-299D3.8,0.0
CTA-29F11.1,0.0
CTA-305I2.1,0.0
CTA-305I2.2,0.0
CTA-313A17.2,0.0
CTA-313A17.2,0.0
CTA-313A17.3,0.0
CTA-313A17.3,0.0
CTA-313A17.5,0.0
CTA-31J9.2,0.0
CTA-326K9.1,0.0
CTA-331F8.1,0.0
CTA-331P3.1,0.0
CTA-339C12.1,0.0
CTA-342B11.1,0.0
CTA-342B11.2,0.0
CTA-351J1.1,0.0
CTA-357J21.1,0.0
CTA-360L10.1,0.0
CTA-363E19.2,0.0
CTA-363E6.1,0.0
CTA-363E6.2,0.0
CTA-363E6.5,0.0
CTA-363E6.6,0.0
CTA-363E6.7,0.0
CTA-369K23.1,0.0
CTA-373H7.7,0.0
CTA-384D8.31,0.0
CTA-384D8.33,0.0
CTA-384D8.34,0.0
CTA-384D8.35,0.0
CTA-384D8.36,0.0
CTA-390C10.10,0.0
CTA-390C10.9,0.0
CTA-392C11.1,0.0
CTA-392C11.2,0.0
CTA-392E5.1,0.0
CTA-397C4.2,0.0
CTA-397H3.3,0.0
CTA-398F10.1,0.0
CTA-398F10.2,0.0
CTA-407F11.6,0.9509808635159877
CTA-407F11.7,0.0
CTA-407F11.8,0.0
CTA-415G2.2,0.0
CTA-440B3.1,0.0
CTA-445C9.14,0.0
CTA-445C9.15,0.0
CTA-481E9.3,0.0
CTA-481E9.4,0.0
CTA-503F6.2,0.0
CTA-520D8.2,0.0
CTA-714B7.4,0.0
CTA-714B7.5,0.0
CTA-714B7.7,0.0
CTA-747E2.10,0.0
CTA-796E4.3,0.0
CTA-796E4.4,0.0
CTA-797E19.1,0.0
CTA-797E19.2,0.0
CTA-833B7.2,0.0
CTA-85E5.10,0.0
CTA-85E5.6,0.0
CTA-85E5.7,0.0
CTA-929C8.5,0.0
CTA-929C8.6,0.0
CTA-929C8.7,0.0
CTA-929C8.8,0.0
CTA-941F9.9,0.0
CTA-963H5.5,0.0
CTA-972D3.2,0.0
CTA-984G1.5,0.0
CTA-989H11.1,0.0
CTA-992D9.6,0.0
CTA-992D9.7,0.0
CTAG1A,0.0
CTAG1A,0.0
CTAG1A,0.0
CTAG1B,0.0
CTAG2,0.0
CTAG2,0.0
CTAGE1,0.253644744093139
CTAGE10P,0.0
CTAGE11P,0.0
CTAGE12P,0.0
CTAGE13P,0.0
CTAGE14P,0.0
CTAGE15,0.0
CTAGE15,0.0
CTAGE16P,0.0
CTAGE3P,0.0
CTAGE4,0.0
CTAGE5,1.6258250518828512
CTAGE6,0.0
CTAGE7P,0.0
CTAGE8,0.0
CTAGE9,0.0
CTB-102L5.4,0.0
CTB-102L5.7,0.0
CTB-102L5.8,0.0
CTB-1048E9.7,0.0
CTB-105L4.2,0.0
CTB-107G13.1,0.0
CTB-107P3.1,0.0
CTB-108O6.2,0.0
CTB-109A12.1,0.0
CTB-10G5.1,0.0
CTB-111F10.1,0.0
CTB-111H14.1,0.0
CTB-113D17.1,0.0
CTB-113I20.1,0.0
CTB-113I20.2,0.0
CTB-113P19.1,0.0
CTB-113P19.3,0.0
CTB-113P19.4,0.0
CTB-113P19.5,0.0
CTB-1144G6.5,0.0
CTB-114C7.3,0.0
CTB-114C7.4,0.0
CTB-118N6.1,0.0
CTB-118N6.2,0.0
CTB-118N6.3,2.1330763966762865
CTB-118P15.2,0.0
CTB-119C2.1,0.0
CTB-11I22.1,0.0
CTB-11I22.2,0.0
CTB-120L21.1,0.0
CTB-127C13.1,0.0
CTB-129O4.1,0.0
CTB-129P6.11,0.0
CTB-129P6.4,0.0
CTB-12A17.3,0.0
CTB-12O2.1,0.0
CTB-131B5.2,0.0
CTB-131B5.5,0.0
CTB-131K11.1,0.0
CTB-133G6.1,0.0
CTB-133G6.2,0.0
CTB-134F13.1,0.0
CTB-134H23.2,0.0
CTB-134H23.3,0.0
CTB-135N1.2,0.0
CTB-138E5.1,0.0
CTB-13F3.1,0.0
CTB-13H5.1,0.253644744093139
CTB-13L3.1,0.0
CTB-140J7.2,0.0
CTB-147C13.1,0.0
CTB-147C22.3,0.0
CTB-147C22.8,0.0
CTB-147C22.9,0.0
CTB-147N14.4,0.0
CTB-14A14.1,0.0
CTB-14A14.2,0.0
CTB-151G24.1,0.0
CTB-152G17.4,0.0
CTB-152G17.5,0.0
CTB-152G17.6,0.0
CTB-158E9.1,0.0
CTB-158E9.2,0.0
CTB-159G17.2,0.0
CTB-161C1.1,0.0
CTB-161J7.1,0.0
CTB-161J7.2,0.0
CTB-161K23.1,0.0
CTB-161M19.1,0.0
CTB-161M19.2,0.0
CTB-161M19.4,0.0
CTB-162E12.1,0.0
CTB-164L20.1,0.0
CTB-164N12.1,0.0
CTB-167B5.1,0.0
CTB-167B5.2,0.0
CTB-167G5.3,0.0
CTB-167G5.5,0.0
CTB-167G5.6,0.0
CTB-171A8.1,0.0
CTB-174D11.1,0.0
CTB-174D11.2,0.0
CTB-174O21.2,0.0
CTB-175E5.7,0.0
CTB-175P5.1,0.0
CTB-175P5.2,0.0
CTB-175P5.4,0.0
CTB-176F20.3,0.0
CTB-178M22.1,0.0
CTB-178M22.2,0.0
CTB-179I1.1,0.0
CTB-179I1.2,0.0
CTB-179I1.3,0.0
CTB-179K24.3,0.0
CTB-17P3.4,0.0
CTB-180A7.3,0.0
CTB-180A7.6,0.0
CTB-180A7.8,0.0
CTB-180C19.1,0.0
CTB-181F24.1,0.0
CTB-181H17.1,0.0
CTB-184G21.3,0.0
CTB-186G2.1,0.0
CTB-186G2.4,0.0
CTB-186H2.1,0.0
CTB-186H2.2,0.0
CTB-186H2.3,0.0
CTB-187L3.1,0.0
CTB-187M2.1,0.0
CTB-187M2.2,0.0
CTB-187M2.3,0.0
CTB-189B5.3,0.0
CTB-191D16.1,0.0
CTB-191K22.5,0.0
CTB-191K22.6,0.0
CTB-193M12.1,0.0
CTB-193M12.3,0.0
CTB-1H10.1,0.0
CTB-1I21.1,0.9509808635159877
CTB-1I21.2,0.0
CTB-20D2.1,0.0
CTB-22K21.2,0.0
CTB-23I7.1,0.0
CTB-23I7.2,0.0
CTB-23I7.3,0.0
CTB-25B13.12,0.0
CTB-25B13.13,0.0
CTB-25B13.6,0.0
CTB-25B13.9,0.0
CTB-25J19.1,0.0
CTB-25J19.9,0.0
CTB-26E19.1,0.0
CTB-27N1.1,0.0
CTB-2L9.1,0.0
CTB-30L5.1,0.0
CTB-31C7.3,0.0
CTB-31N19.2,0.0
CTB-31N19.3,0.0
CTB-31N19.4,0.0
CTB-31O20.2,0.0
CTB-31O20.3,0.0
CTB-31O20.4,0.0
CTB-31O20.6,0.0
CTB-31O20.8,0.0
CTB-31O20.9,0.0
CTB-32H22.1,0.0
CTB-32O4.2,1.7817191880906658
CTB-32P11.1,0.0
CTB-33G10.1,0.0
CTB-33G10.11,0.0
CTB-33G10.6,0.0
CTB-33O18.1,0.0
CTB-33O18.2,0.0
CTB-33O18.3,0.0
CTB-35F21.1,0.0
CTB-35F21.2,0.0
CTB-35F21.3,0.0
CTB-35F21.4,0.0
CTB-35F21.5,0.0
CTB-36H16.2,0.0
CTB-36O1.3,0.0
CTB-36O1.7,0.4127178969233909
CTB-37A13.1,0.0
CTB-39G8.2,0.0
CTB-39G8.3,0.0
CTB-3M24.3,0.0
CTB-40H15.4,0.0
CTB-41I6.1,0.0
CTB-41I6.2,0.0
CTB-43E15.1,0.0
CTB-43E15.2,0.0
CTB-43E15.3,0.0
CTB-43E15.4,0.0
CTB-43P18.1,0.0
CTB-46B19.1,0.0
CTB-46B19.2,0.0
CTB-47B11.1,0.0
CTB-47B11.3,0.0
CTB-47B8.1,0.0
CTB-47B8.4,0.0
CTB-47B8.5,0.0
CTB-49A3.1,0.0
CTB-49A3.2,0.0
CTB-49A3.4,0.0
CTB-49A3.5,0.0
CTB-4E7.1,0.0
CTB-50E14.4,0.0
CTB-50E14.5,0.0
CTB-50L17.14,1.2269946489498065
CTB-50L17.16,1.0219824427879696
CTB-50L17.2,0.0
CTB-50L17.5,0.0
CTB-50L17.7,0.0
CTB-50L17.9,0.0
CTB-51A17.1,0.0
CTB-51E13.1,0.0
CTB-51J22.1,0.0
CTB-51J22.1,0.0
CTB-52I2.3,0.0
CTB-52I2.4,0.0
CTB-54D4.1,0.0
CTB-54I1.1,0.0
CTB-54O9.9,0.0
CTB-55B8.1,0.0
CTB-55O6.10,0.0
CTB-55O6.12,0.0
CTB-55O6.4,0.0
CTB-55P19.1,0.0
CTB-56J15.1,0.0
CTB-57H20.1,0.0
CTB-58E17.1,0.0
CTB-58E17.2,0.0
CTB-58E17.3,0.0
CTB-58E17.5,0.0
CTB-58E17.9,0.0
CTB-59C6.3,0.0
CTB-5E10.3,0.0
CTB-60B18.10,0.0
CTB-60B18.12,0.0
CTB-60B18.15,0.0
CTB-60B18.17,0.0
CTB-60B18.18,0.0
CTB-60B18.6,0.0
CTB-60E11.11,0.0
CTB-60E11.12,0.0
CTB-60E11.4,0.0
CTB-60E11.9,0.0
CTB-61M7.1,0.0
CTB-61M7.1,0.0
CTB-61M7.1,0.0
CTB-61M7.2,0.0
CTB-61M7.2,0.0
CTB-61M7.2,0.0
CTB-61M7.2,0.0
CTB-63M22.1,0.0
CTB-66B24.1,0.0
CTB-70D19.1,0.0
CTB-70G10.1,0.0
CTB-73N10.1,0.0
CTB-75G16.1,0.0
CTB-75G16.1,0.0
CTB-75G16.3,0.0
CTB-75G16.3,0.0
CTB-77H17.1,0.0
CTB-78F1.1,0.0
CTB-78F1.2,0.0
CTB-78H18.1,0.0
CTB-78O21.1,0.0
CTB-79E8.2,0.0
CTB-79E8.3,0.253644744093139
CTB-7E3.1,0.0
CTB-83J4.1,0.0
CTB-83J4.1,0.0
CTB-83J4.1,0.0
CTB-83J4.1,0.0
CTB-83J4.2,0.0
CTB-83J4.2,0.0
CTB-83J4.2,0.0
CTB-83J4.2,0.0
CTB-85P21.1,0.0
CTB-87J17.2,0.0
CTB-88F18.2,0.0
CTB-88F18.3,0.0
CTB-88F18.4,0.0
CTB-89H12.4,0.0
CTB-91J4.1,0.0
CTB-91J4.1,0.0
CTB-91J4.1,0.0
CTB-91J4.3,0.0
CTB-92J24.2,0.0
CTB-92J24.3,0.0
CTB-95B16.1,0.0
CTB-95D12.1,0.4127178969233909
CTB-96E2.2,0.0
CTB-96E2.2,0.0
CTB-96E2.3,0.0
CTB-96E2.3,0.0
CTB-96E2.7,0.0
CTB-96E2.7,0.0
CTB-99A3.1,0.0
CTBP1,0.866058549240148
CTBP1-AS2,0.0
CTBP2,1.864435233988068
CTBP2P1,0.0
CTBP2P2,0.0
CTBP2P3,0.0
CTBP2P4,0.0
CTBP2P5,0.0
CTBP2P6,0.0
CTBP2P7,0.0
CTBP2P8,0.0
CTBS,1.7271797157291466
CTC-1337H24.1,0.0
CTC-1337H24.2,0.0
CTC-137K3.1,0.0
CTC-203F4.2,0.0
CTC-205M6.5,0.0
CTC-207P7.1,0.0
CTC-209H22.3,0.0
CTC-209L16.1,0.0
CTC-210G5.1,0.0
CTC-215O4.4,0.0
CTC-218B8.3,0.0
CTC-218H9.1,0.0
CTC-224D3.1,0.0
CTC-228N24.1,0.0
CTC-228N24.2,0.0
CTC-228N24.3,0.0
CTC-229L21.1,0.0
CTC-232H10.1,0.0
CTC-232P5.1,1.0535570409588524
CTC-232P5.3,1.73358907889706
CTC-232P5.4,0.0
CTC-233O10.1,0.0
CTC-235G5.1,0.0
CTC-235G5.2,0.0
CTC-235G5.3,0.0
CTC-236F12.4,0.0
CTC-239J10.1,0.0
CTC-241F20.3,0.0
CTC-241F20.4,0.0
CTC-241N9.1,0.0
CTC-244M17.1,1.365702298095103
CTC-246B18.10,1.0535570409588524
CTC-246B18.12,0.0
CTC-246B18.8,0.0
CTC-248O19.1,0.0
CTC-250I14.1,0.0
CTC-250I14.3,0.0
CTC-250I14.6,0.0
CTC-250P20.1,0.0
CTC-250P20.2,0.0
CTC-251D13.1,0.0
CTC-254B4.1,0.0
CTC-255N20.1,0.0
CTC-258N23.3,0.0
CTC-260E6.10,0.0
CTC-260E6.10,0.0
CTC-260E6.11,0.0
CTC-260E6.11,0.0
CTC-260E6.2,0.0
CTC-260E6.2,0.0
CTC-260E6.6,0.0
CTC-260E6.6,0.0
CTC-260E6.7,0.0
CTC-260E6.7,0.0
CTC-260E6.8,0.0
CTC-260E6.8,0.0
CTC-260E6.9,0.0
CTC-260E6.9,0.0
CTC-260F20.3,0.0
CTC-261N6.1,0.0
CTC-261N6.2,0.0
CTC-261N6.3,0.0
CTC-264K15.6,0.0
CTC-264O10.1,0.0
CTC-264O10.2,1.7873770459247007
CTC-265F19.1,0.0
CTC-265F19.2,0.0
CTC-265F19.3,1.5830117235334478
CTC-265N9.1,0.0
CTC-268N12.2,0.0
CTC-268N12.3,0.0
CTC-273B12.10,0.0
CTC-273B12.5,0.0
CTC-273B12.6,0.0
CTC-273B12.7,0.0
CTC-273B12.8,0.0
CTC-276P9.1,0.0
CTC-276P9.2,0.0
CTC-276P9.3,0.0
CTC-277H1.7,0.0
CTC-278L1.1,0.0
CTC-280C13.1,0.0
CTC-281F24.1,0.0
CTC-281F24.2,0.0
CTC-281M20.1,0.0
CTC-281M20.3,0.0
CTC-281M20.4,0.0
CTC-286N12.1,0.0
CTC-287O8.1,0.0
CTC-293G12.1,0.0
CTC-295J13.3,0.0
CTC-296K1.3,0.0
CTC-296K1.4,0.0
CTC-297N7.1,0.0
CTC-297N7.10,0.0
CTC-297N7.11,0.0
CTC-297N7.5,0.0
CTC-297N7.7,0.0
CTC-297N7.8,0.0
CTC-297N7.9,0.0
CTC-301O7.4,0.0
CTC-303L1.1,0.0
CTC-303L1.2,0.0
CTC-304I17.2,0.0
CTC-304I17.3,0.0
CTC-304I17.4,0.0
CTC-304I17.5,0.0
CTC-305H11.1,0.0
CTC-308K20.1,0.0
CTC-308K20.2,0.0
CTC-308K20.3,0.0
CTC-308K20.4,0.0
CTC-312O10.2,0.0
CTC-313D10.1,0.0
CTC-321K16.1,1.564630272110482
CTC-321K16.4,0.0
CTC-325H20.2,0.0
CTC-325H20.4,0.253644744093139
CTC-325H20.7,0.0
CTC-325J23.2,0.0
CTC-325J23.3,0.0
CTC-326K19.6,0.0
CTC-327F10.1,0.0
CTC-327F10.4,0.0
CTC-327F10.5,0.0
CTC-329D1.2,0.0
CTC-329D1.3,0.0
CTC-329H14.1,0.0
CTC-332L22.1,0.0
CTC-336P14.1,0.0
CTC-338M12.1,0.0
CTC-338M12.2,0.0
CTC-338M12.4,0.0
CTC-338M12.5,0.0
CTC-338M12.6,0.0
CTC-338M12.7,0.0
CTC-338M12.9,0.0
CTC-339D2.1,0.0
CTC-339F2.2,0.0
CTC-339O9.2,0.0
CTC-340A15.1,0.0
CTC-340A15.2,0.0
CTC-340D7.1,0.0
CTC-340I23.2,0.0
CTC-342P15.1,0.0
CTC-344H19.4,0.0
CTC-344H19.6,0.0
CTC-345K18.2,0.0
CTC-347C20.1,0.0
CTC-347C20.2,0.0
CTC-348L5.1,0.0
CTC-349C3.1,0.0
CTC-349C3.2,0.0
CTC-350I8.1,0.0
CTC-352P4.1,0.0
CTC-353G13.1,0.0
CTC-359D24.3,0.0
CTC-359M8.1,0.0
CTC-359M8.3,0.0
CTC-360G5.1,0.0
CTC-360G5.6,0.0
CTC-360G5.8,0.0
CTC-360G5.9,0.0
CTC-360J11.4,0.0
CTC-360J11.5,0.0
CTC-360J11.6,0.0
CTC-360P9.1,0.0
CTC-360P9.2,0.0
CTC-360P9.3,0.0
CTC-360P9.4,0.0
CTC-360P9.5,0.0
CTC-365E16.1,0.0
CTC-366B18.2,0.0
CTC-366B18.4,0.0
CTC-367F4.1,0.0
CTC-367J11.1,0.0
CTC-369A16.2,0.0
CTC-369A16.3,0.0
CTC-369M3.1,0.0
CTC-370J7.1,0.0
CTC-378H22.1,0.0
CTC-378H22.2,0.0
CTC-379B2.4,0.0
CTC-384G19.1,0.0
CTC-391G2.1,0.0
CTC-394G3.1,0.0
CTC-394G3.2,0.0
CTC-398G3.1,0.0
CTC-398G3.2,0.0
CTC-398G3.6,0.0
CTC-400I9.1,0.0
CTC-400I9.2,0.0
CTC-400I9.3,0.0
CTC-412M14.5,1.2469559880685197
CTC-412M14.6,0.0
CTC-419K13.1,0.0
CTC-420A11.2,0.0
CTC-421K24.1,0.0
CTC-422A18.1,0.0
CTC-422A18.2,0.0
CTC-425F1.2,0.0
CTC-425F1.4,0.0
CTC-425K20.1,0.0
CTC-425O23.2,0.0
CTC-428G20.1,0.0
CTC-428G20.2,0.0
CTC-428G20.3,0.0
CTC-428G20.6,0.0
CTC-428H11.2,0.0
CTC-429C10.2,0.0
CTC-429L19.3,0.0
CTC-429P9.1,0.0
CTC-429P9.2,0.0
CTC-429P9.3,0.0
CTC-429P9.4,0.0
CTC-429P9.5,0.0
CTC-430J12.2,0.0
CTC-431G16.2,0.0
CTC-431G16.3,0.0
CTC-432M15.3,0.0
CTC-435M10.10,0.0
CTC-435M10.3,0.0
CTC-435M10.6,0.0
CTC-436K13.1,0.0
CTC-436K13.2,0.0
CTC-436K13.3,0.0
CTC-436K13.4,0.0
CTC-436K13.5,0.0
CTC-436K13.6,0.0
CTC-436P18.1,0.0
CTC-436P18.3,0.0
CTC-438O3.1,0.0
CTC-439O9.3,0.0
CTC-441N14.1,0.0
CTC-441N14.2,0.0
CTC-441N14.4,0.0
CTC-444N24.11,1.514954562424701
CTC-444N24.13,0.0
CTC-444N24.6,0.0
CTC-444N24.8,0.0
CTC-444N24.9,0.0
CTC-447K7.1,0.0
CTC-448D22.1,0.0
CTC-448F2.3,0.0
CTC-448F2.4,0.0
CTC-448F2.6,0.0
CTC-450M9.1,0.0
CTC-451A6.4,0.0
CTC-451A6.5,0.0
CTC-451P13.1,0.0
CTC-453G23.4,0.0
CTC-453G23.5,0.0
CTC-453G23.8,0.0
CTC-454I21.3,0.0
CTC-454I21.4,0.0
CTC-455F18.3,0.0
CTC-457E21.1,0.0
CTC-457E21.10,0.0
CTC-457E21.2,0.0
CTC-457E21.3,0.4127178969233909
CTC-457E21.4,0.0
CTC-457E21.5,0.0
CTC-457E21.6,0.0
CTC-457E21.7,0.0
CTC-457E21.9,0.0
CTC-457L16.2,0.0
CTC-458A3.1,0.0
CTC-458G6.2,0.0
CTC-458G6.4,0.0
CTC-458I2.2,0.0
CTC-459F4.1,0.0
CTC-459F4.3,0.0
CTC-459F4.5,0.0
CTC-459F4.6,0.0
CTC-459F4.7,0.0
CTC-459F4.8,0.0
CTC-459I6.1,0.0
CTC-459M5.1,0.0
CTC-459M5.2,0.0
CTC-461F20.1,0.0
CTC-461H2.2,0.0
CTC-461H2.3,0.0
CTC-462L7.1,0.0
CTC-463N11.1,0.0
CTC-465D4.1,0.0
CTC-467M3.1,0.0
CTC-467M3.2,0.0
CTC-467M3.3,0.0
CTC-470C15.1,0.0
CTC-470E21.1,0.0
CTC-471C19.1,0.0
CTC-471C19.2,0.0
CTC-471F3.4,0.5288907918624668
CTC-471F3.5,0.0
CTC-471F3.6,0.8164310788769841
CTC-471J1.10,0.0
CTC-471J1.2,0.0
CTC-471J1.8,0.0
CTC-471J1.9,0.0
CTC-472C24.1,0.0
CTC-478M6.1,0.0
CTC-479C5.10,0.0
CTC-479C5.11,0.0
CTC-479C5.12,0.0
CTC-479C5.17,0.0
CTC-479C5.6,0.0
CTC-480C2.1,0.0
CTC-482H14.5,0.0
CTC-484M2.1,0.0
CTC-484P3.1,0.0
CTC-484P3.3,0.0
CTC-487M23.5,0.0
CTC-487M23.7,0.0
CTC-487M23.8,0.0
CTC-490E21.10,0.0
CTC-490E21.12,0.0
CTC-490E21.13,0.0
CTC-490G23.2,0.0
CTC-490G23.4,0.0
CTC-492K19.4,0.0
CTC-493L21.1,0.0
CTC-493L21.2,0.0
CTC-493P15.2,0.0
CTC-496I23.1,0.0
CTC-497E21.3,0.0
CTC-497E21.5,0.0
CTC-498J12.1,0.0
CTC-498J12.3,0.0
CTC-498M16.2,1.1609342125054871
CTC-498M16.3,0.0
CTC-498M16.4,0.7603920768618123
CTC-499B15.1,0.0
CTC-499B15.4,0.0
CTC-499B15.6,0.0
CTC-499B15.7,0.0
CTC-499B15.8,0.0
CTC-499J9.1,0.0
CTC-501O10.1,0.0
CTC-503J8.2,0.0
CTC-503J8.4,0.0
CTC-503J8.6,0.0
CTC-503K11.2,0.0
CTC-503K11.2,0.0
CTC-505O3.1,0.0
CTC-505O3.2,0.0
CTC-505O3.3,0.0
CTC-506B8.1,0.8164310788769841
CTC-507E12.1,0.0
CTC-507E2.1,0.0
CTC-507E2.2,0.0
CTC-508F8.1,0.0
CTC-510F12.2,0.0
CTC-510F12.4,0.0
CTC-510F12.6,0.0
CTC-512J12.4,0.0
CTC-512J12.6,0.0
CTC-512J12.7,0.0
CTC-512J14.1,0.0
CTC-512J14.5,0.253644744093139
CTC-512J14.7,0.0
CTC-513N18.3,0.0
CTC-513N18.3,0.0
CTC-513N18.4,0.0
CTC-513N18.5,0.0
CTC-513N18.5,0.0
CTC-513N18.6,0.0
CTC-513N18.6,0.0
CTC-513N18.7,0.0
CTC-513N18.7,0.0
CTC-518B2.10,0.0
CTC-518B2.12,0.0
CTC-518B2.9,0.0
CTC-518P12.6,0.0
CTC-523E23.1,0.0
CTC-523E23.10,0.0
CTC-523E23.11,0.0
CTC-523E23.14,0.0
CTC-523E23.15,0.0
CTC-523E23.4,0.0
CTC-523E23.5,0.0
CTC-523E23.6,0.0
CTC-523E23.8,0.0
CTC-523E23.9,0.0
CTC-524C5.2,0.0
CTC-524C5.5,0.0
CTC-525D6.1,0.0
CTC-525D6.2,0.0
CTC-525D6.5,0.0
CTC-527H23.1,0.0
CTC-527H23.2,0.0
CTC-527H23.3,0.0
CTC-527H23.4,0.0
CTC-529G1.1,0.0
CTC-529L17.1,0.0
CTC-529L17.2,0.0
CTC-529P8.1,0.0
CTC-534A2.2,0.0
CTC-534B23.1,0.0
CTC-535M15.1,0.0
CTC-535M15.2,0.0
CTC-537E7.1,0.0
CTC-537E7.2,0.0
CTC-537E7.3,0.0
CTC-539A10.7,0.0
CTC-542B22.1,0.0
CTC-542B22.2,0.0
CTC-543D15.1,0.0
CTC-543D15.3,0.0
CTC-546K23.1,0.0
CTC-548H10.2,0.0
CTC-548K16.1,0.0
CTC-548K16.2,0.0
CTC-548K16.5,0.0
CTC-548K16.6,0.0
CTC-550B14.1,0.0
CTC-550B14.1,0.0
CTC-550B14.1,0.0
CTC-550B14.1,0.0
CTC-550B14.1,0.0
CTC-550B14.1,0.0
CTC-550B14.1,0.0
CTC-550B14.1,0.0
CTC-550B14.1,0.0
CTC-550B14.1,0.0
CTC-550B14.6,0.0
CTC-550B14.6,0.0
CTC-550B14.6,0.0
CTC-550B14.6,0.0
CTC-550B14.6,0.0
CTC-550B14.6,0.0
CTC-550B14.6,0.0
CTC-550B14.6,0.0
CTC-550B14.6,0.0
CTC-550B14.6,0.0
CTC-550B14.7,0.0
CTC-550B14.7,0.0
CTC-550B14.7,0.0
CTC-550B14.7,0.0
CTC-550B14.7,0.0
CTC-550B14.7,0.0
CTC-550B14.7,0.0
CTC-550B14.7,0.0
CTC-550B14.7,0.0
CTC-550B14.7,0.0
CTC-550B14.8,0.0
CTC-550B14.8,0.0
CTC-550B14.8,0.0
CTC-550B14.8,0.0
CTC-550B14.8,0.0
CTC-550B14.8,0.0
CTC-550B14.8,0.0
CTC-550B14.8,0.0
CTC-550B14.8,0.0
CTC-550B14.8,0.0
CTC-550M4.1,0.0
CTC-551A13.1,0.9879310210915638
CTC-551A13.2,0.0
CTC-552D5.1,0.0
CTC-554D6.1,0.0
CTC-555I19.1,0.0
CTC-558O19.1,0.0
CTC-558O2.1,0.0
CTC-558O2.2,0.0
CTC-559E9.10,0.0
CTC-559E9.12,0.0
CTC-559E9.2,0.0
CTC-559E9.4,0.0
CTC-559E9.5,0.0
CTC-559E9.6,0.6204550963106681
CTC-559E9.8,0.0
CTC-559E9.9,1.4467087411059607
CTC-563A5.2,0.0
CTC-563A5.4,0.0
CTC-564N23.2,0.0
CTC-565M22.1,0.0
CTC-571O20.1,0.0
CTC-573M9.1,0.0
CTC-573N18.1,0.0
CTC-575C13.1,0.0
CTC-575C13.1,0.0
CTC-575C13.2,0.0
CTC-575C13.2,0.0
CTC-575D19.1,0.0
CTC-575I10.1,0.0
CTC-575N7.1,0.0
CTC-661I16.1,0.0
CTC-661I16.2,0.0
CTC-756D1.1,0.0
CTC-756D1.2,0.0
CTC-756D1.3,0.0
CTC-782O7.1,0.0
CTC-786C10.1,0.0
CTC-786C10.2,0.0
CTC-806A22.1,0.0
CTC-820M8.1,0.0
CTC-830E23.1,0.0
CTC1,1.434214011430753
CTCF,2.1577223471671347
CTCFL,0.253644744093139
CTD-2001C12.1,0.0
CTD-2001E22.1,0.0
CTD-2002H8.2,1.3187237340792874
CTD-2002J20.1,0.0
CTD-2003C8.2,0.0
CTD-2003D5.1,0.0
CTD-2004A9.1,0.0
CTD-2005D20.1,0.0
CTD-2005H7.1,0.0
CTD-2005H7.2,0.0
CTD-2006C1.10,0.0
CTD-2006C1.12,0.0
CTD-2006C1.2,2.1123003250777685
CTD-2006C1.6,0.253644744093139
CTD-2006H14.2,0.0
CTD-2006K23.1,0.0
CTD-2006K23.2,0.0
CTD-2006O16.2,0.0
CTD-2007A10.1,0.0
CTD-2007H13.1,0.0
CTD-2007H13.3,0.0
CTD-2007H18.1,0.0
CTD-2007L18.5,0.0
CTD-2008A1.1,0.0
CTD-2008A1.2,0.0
CTD-2008L17.1,0.0
CTD-2008L17.2,0.0
CTD-2008N3.1,0.0
CTD-2008O4.1,0.0
CTD-2008P7.1,0.0
CTD-2008P7.10,0.0
CTD-2008P7.3,0.0
CTD-2008P7.5,0.0
CTD-2008P7.6,0.0
CTD-2008P7.7,0.0
CTD-2008P7.8,0.0
CTD-2008P7.9,0.0
CTD-2009A10.1,0.0
CTD-2010I16.1,0.0
CTD-2010I22.2,0.0
CTD-2011F17.2,0.0
CTD-2011G17.1,0.0
CTD-2012I17.1,0.0
CTD-2012J19.1,0.0
CTD-2012J19.2,0.0
CTD-2012J19.3,0.0
CTD-2012K14.2,0.0
CTD-2012K14.3,0.0
CTD-2012K14.4,0.0
CTD-2012K14.6,0.0
CTD-2012K14.7,0.0
CTD-2012M11.3,0.0
CTD-2013M15.1,0.0
CTD-2013N17.1,0.0
CTD-2013N17.4,0.0
CTD-2013N24.2,0.0
CTD-2014B16.1,0.0
CTD-2014B16.2,0.0
CTD-2014B16.3,0.0
CTD-2014E2.2,0.0
CTD-2014E2.5,0.0
CTD-2014E2.6,0.0
CTD-2014N11.1,0.0
CTD-2014N11.2,0.0
CTD-2014N11.3,0.0
CTD-2015A6.1,0.0
CTD-2015A6.2,0.0
CTD-2015B23.2,0.0
CTD-2015G9.1,0.0
CTD-2015G9.2,0.0
CTD-2015H3.1,0.0
CTD-2015H3.2,0.0
CTD-2015H6.1,0.0
CTD-2015H6.2,0.0
CTD-2015H6.3,0.0
CTD-2016O11.1,0.0
CTD-2017C7.1,0.0
CTD-2017C7.2,0.5288907918624668
CTD-2017C7.3,0.0
CTD-2017D11.1,0.0
CTD-2017D11.3,0.0
CTD-2017D15.1,0.0
CTD-2019O4.1,0.0
CTD-2020K17.1,0.0
CTD-2020K17.3,0.0
CTD-2020K17.4,0.0
CTD-2020P22.1,0.0
CTD-2021A8.2,0.0
CTD-2021A8.3,0.0
CTD-2021H9.1,0.0
CTD-2021H9.2,0.0
CTD-2021H9.3,0.0
CTD-2021J15.1,0.0
CTD-2022H16.1,0.253644744093139
CTD-2022H16.2,0.0
CTD-2022H16.3,0.0
CTD-2023J5.1,0.0
CTD-2023M8.1,0.0
CTD-2023N9.1,0.0
CTD-2023N9.2,0.0
CTD-2023N9.3,0.0
CTD-2024D23.1,0.0
CTD-2024I7.1,0.0
CTD-2024I7.13,0.0
CTD-2024P10.1,0.0
CTD-2024P10.2,0.0
CTD-2026C7.1,0.0
CTD-2026D20.2,0.0
CTD-2026D23.1,0.0
CTD-2026G22.1,0.0
CTD-2026G6.2,0.0
CTD-2026G6.3,0.0
CTD-2026K11.1,0.0
CTD-2026K11.2,0.0
CTD-2026K11.3,0.0
CTD-2027G2.1,0.0
CTD-2028E8.1,0.0
CTD-2029E14.1,0.0
CTD-2031P19.3,0.0
CTD-2031P19.4,0.0
CTD-2031P19.5,0.0
CTD-2033A16.1,0.0
CTD-2033A16.2,0.0
CTD-2033A16.3,0.0
CTD-2033C11.1,0.0
CTD-2033D15.1,0.0
CTD-2033D24.1,0.0
CTD-2033D24.2,0.0
CTD-2034I21.1,0.0
CTD-2034I21.2,0.0
CTD-2034I4.1,0.0
CTD-2034I4.2,0.0
CTD-2035E11.3,0.0
CTD-2035E11.4,0.0
CTD-2035E11.5,1.2469559880685197
CTD-2036A18.2,0.0
CTD-2036J7.1,0.0
CTD-2036P10.3,0.0
CTD-2037K23.1,0.0
CTD-2037K23.2,0.0
CTD-2037L6.2,0.0
CTD-2042D5.1,0.0
CTD-2043I16.1,0.0
CTD-2044J15.1,0.0
CTD-2044J15.2,0.0
CTD-2045M21.1,0.0
CTD-2046I8.1,0.0
CTD-2046J7.1,0.0
CTD-2047H16.2,0.0
CTD-2047H16.4,0.0
CTD-2049J23.3,0.0
CTD-2049O17.1,0.0
CTD-2049O4.1,0.0
CTD-2050B12.1,0.0
CTD-2050B12.2,0.0
CTD-2050E21.1,0.0
CTD-2050E21.2,0.0
CTD-2050I18.1,0.0
CTD-2050I18.2,0.0
CTD-2050N2.1,0.0
CTD-2054N24.1,0.0
CTD-2054N24.2,0.0
CTD-2055G21.1,0.0
CTD-2057D4.2,0.0
CTD-2057J6.1,0.0
CTD-2057J6.2,0.0
CTD-2058B24.2,0.0
CTD-2058B24.3,0.0
CTD-2060C23.1,0.0
CTD-2060F24.1,0.0
CTD-2061E19.1,0.0
CTD-2061E19.6,0.0
CTD-2061E9.1,0.0
CTD-2062F14.2,0.0
CTD-2062F14.3,0.0
CTD-2062O1.1,0.0
CTD-2063L20.1,0.0
CTD-2066L21.1,0.0
CTD-2066L21.2,0.0
CTD-2066L21.3,0.0
CTD-2071N1.1,0.0
CTD-2072I24.1,0.0
CTD-2073O6.1,0.0
CTD-2074D8.1,0.0
CTD-2076M15.1,0.0
CTD-2078B5.2,0.0
CTD-2081C10.1,0.0
CTD-2081C10.7,0.0
CTD-2081K17.2,0.0
CTD-2083E4.4,0.0
CTD-2083E4.5,0.0
CTD-2083E4.6,0.0
CTD-2083E4.7,0.0
CTD-2085J24.3,0.0
CTD-2085J24.4,0.0
CTD-2085J24.5,0.0
CTD-2086L14.1,0.0
CTD-2086O20.3,0.0
CTD-2089N3.1,0.0
CTD-2089N3.2,0.0
CTD-2089N3.3,0.0
CTD-2089O24.1,0.4127178969233909
CTD-2089O24.2,0.0
CTD-2090I13.1,0.0
CTD-2090I13.2,0.0
CTD-2090I13.3,0.0
CTD-2091N23.1,0.0
CTD-2095E4.1,0.0
CTD-2102P23.1,0.0
CTD-2104P17.1,0.0
CTD-2105E13.13,0.0
CTD-2105E13.14,0.0
CTD-2105E13.15,0.0
CTD-2105E13.6,0.0
CTD-2108O9.4,0.0
CTD-2110K23.1,0.0
CTD-2113L7.1,0.0
CTD-2114J12.1,0.0
CTD-2116F7.1,0.0
CTD-2116F7.1,0.0
CTD-2116N17.1,0.0
CTD-2116N20.1,0.253644744093139
CTD-2116N24.1,0.0
CTD-2117L12.1,0.0
CTD-2117L12.3,0.0
CTD-2118P12.1,0.0
CTD-2118P12.1,0.0
CTD-2119L1.1,0.0
CTD-2122P11.1,0.0
CTD-2124B20.2,0.0
CTD-2124B20.3,0.0
CTD-2124B8.2,0.0
CTD-2125J1.1,1.1840889676042927
CTD-2126E3.1,0.0
CTD-2126E3.3,0.0
CTD-2126E3.4,0.0
CTD-2126E3.5,0.0
CTD-2127H9.1,0.0
CTD-2127O16.2,0.0
CTD-2128A3.2,0.0
CTD-2128A3.3,0.0
CTD-2128F4.1,0.0
CTD-2130F23.1,0.0
CTD-2130F23.2,0.0
CTD-2130O13.1,0.0
CTD-2131I18.1,0.0
CTD-2132H18.3,0.0
CTD-2132N18.2,0.0
CTD-2132N18.2,0.0
CTD-2132N18.3,0.0
CTD-2132N18.4,0.0
CTD-2132N18.4,0.0
CTD-2134A5.3,0.0
CTD-2134A5.4,0.0
CTD-2134P3.1,0.0
CTD-2134P3.2,0.0
CTD-2135D7.2,0.0
CTD-2135D7.3,0.0
CTD-2135D7.4,0.0
CTD-2135D7.5,0.0
CTD-2135J3.3,0.0
CTD-2138O14.1,0.0
CTD-2139B15.1,0.0
CTD-2139B15.2,0.0
CTD-2139B15.4,0.0
CTD-2139B15.5,0.0
CTD-2140B24.4,0.0
CTD-2140B24.6,0.0
CTD-2140G10.1,0.0
CTD-2140G10.2,0.0
CTD-2140G10.4,0.0
CTD-2141G3.1,0.0
CTD-2142D14.1,0.0
CTD-2143L24.1,1.1364750726028654
CTD-2144E22.10,0.253644744093139
CTD-2144E22.11,0.0
CTD-2144E22.2,0.0
CTD-2144E22.5,0.0
CTD-2144E22.6,0.0
CTD-2144E22.7,0.0
CTD-2144E22.8,0.0
CTD-2145A24.3,0.0
CTD-2145A24.4,0.0
CTD-2147F2.1,0.0
CTD-2147F2.2,0.0
CTD-2151A2.1,0.0
CTD-2151A2.2,0.0
CTD-2151A2.3,0.0
CTD-2151L9.2,0.0
CTD-2152M20.2,0.0
CTD-2154B17.1,0.0
CTD-2154B17.4,0.0
CTD-2154H6.1,0.0
CTD-2154I11.2,0.0
CTD-2156G10.1,0.0
CTD-2158P22.1,0.0
CTD-2158P22.4,0.0
CTD-2160D9.1,0.0
CTD-2161E19.1,0.0
CTD-2161F6.1,0.0
CTD-2161F6.2,0.0
CTD-2161F6.3,0.0
CTD-2162K18.3,0.0
CTD-2162K18.4,0.0
CTD-2162K18.5,0.0
CTD-2165H16.3,0.0
CTD-2165H16.4,0.0
CTD-2168K21.1,0.0
CTD-2168K21.2,0.0
CTD-2170G1.2,0.0
CTD-2171N6.1,0.0
CTD-2173L22.4,0.0
CTD-2175A23.1,0.0
CTD-2175M1.4,0.0
CTD-2176I21.2,0.0
CTD-2179L22.1,0.0
CTD-2182N23.1,0.0
CTD-2183H9.3,0.0
CTD-2183H9.3,0.0
CTD-2183H9.7,0.0
CTD-2183H9.7,0.0
CTD-2184C24.2,0.0
CTD-2184D3.1,0.0
CTD-2184D3.3,0.0
CTD-2184D3.5,0.0
CTD-2184D3.6,0.0
CTD-2184D3.7,0.0
CTD-2185K10.1,0.0
CTD-2186M15.1,0.0
CTD-2186M15.3,0.0
CTD-2187J20.1,0.0
CTD-2189E23.1,0.0
CTD-2189E23.2,0.0
CTD-2192J16.11,0.0
CTD-2192J16.15,0.253644744093139
CTD-2192J16.20,0.0
CTD-2192J16.21,0.0
CTD-2192J16.22,0.0
CTD-2192J16.24,0.0
CTD-2192J16.26,0.0
CTD-2193G5.1,0.0
CTD-2193P3.1,0.0
CTD-2193P3.2,0.0
CTD-2194A8.2,0.0
CTD-2194D22.1,0.0
CTD-2194D22.2,0.0
CTD-2194D22.3,0.0
CTD-2194D22.4,0.0
CTD-2194F12.1,0.0
CTD-2194F4.2,0.0
CTD-2194L12.2,0.0
CTD-2194L12.3,0.0
CTD-2194M22.1,0.0
CTD-2195B23.3,0.0
CTD-2195M15.1,0.0
CTD-2195M15.3,0.0
CTD-2195M18.2,0.0
CTD-2196E14.3,0.0
CTD-2196E14.4,0.0
CTD-2196E14.5,1.2469559880685197
CTD-2196E14.6,0.0
CTD-2196E14.9,0.0
CTD-2196P11.2,0.0
CTD-2197I11.1,0.0
CTD-2197M16.1,0.0
CTD-2199O4.1,0.0
CTD-2199O4.3,0.0
CTD-2199O4.6,0.0
CTD-2199O4.7,0.0
CTD-2200A16.1,0.0
CTD-2200P10.1,0.0
CTD-2200P10.3,0.0
CTD-2201E18.1,0.0
CTD-2201E18.2,0.0
CTD-2201E18.3,0.0
CTD-2201E18.4,0.0
CTD-2201E18.5,0.0
CTD-2201E9.1,0.0
CTD-2201E9.2,0.0
CTD-2201E9.4,0.0
CTD-2201G16.1,0.0
CTD-2201G3.1,0.0
CTD-2201I18.1,0.0
CTD-2203A3.1,0.0
CTD-2203K17.1,0.0
CTD-2206G10.1,0.0
CTD-2206G10.2,0.0
CTD-2206N4.1,0.0
CTD-2206N4.2,0.0
CTD-2206N4.4,0.0
CTD-2207A17.1,0.0
CTD-2207L17.1,0.0
CTD-2207L17.2,0.0
CTD-2207O23.10,0.0
CTD-2207O23.11,0.0
CTD-2207O23.12,0.0
CTD-2207O23.3,0.0
CTD-2207P18.1,0.0
CTD-2207P18.2,0.0
CTD-2210A23.1,0.0
CTD-2210P15.2,0.0
CTD-2210P24.1,0.0
CTD-2210P24.2,0.0
CTD-2210P24.3,0.9105921305334987
CTD-2210P24.4,0.0
CTD-2210P24.6,0.0
CTD-2213F21.1,0.0
CTD-2213F21.2,0.0
CTD-2213F21.3,0.0
CTD-2213F21.4,0.0
CTD-2215E18.1,0.0
CTD-2215E18.2,0.0
CTD-2215E18.3,0.0
CTD-2215L10.1,0.0
CTD-2216M2.1,0.0
CTD-2218G20.1,0.0
CTD-2218G20.2,0.0
CTD-2218K11.2,0.0
CTD-2218K11.3,0.0
CTD-2223O18.1,0.0
CTD-2224J9.4,0.0
CTD-2224J9.7,0.0
CTD-2224J9.8,0.0
CTD-2227C6.2,0.0
CTD-2227C6.3,0.0
CTD-2227E11.1,0.0
CTD-2227I18.1,0.0
CTD-2228A4.1,0.0
CTD-2228K2.1,0.0
CTD-2228K2.2,0.0
CTD-2228K2.5,0.0
CTD-2228K2.7,0.0
CTD-2230M5.1,0.0
CTD-2230M5.1,0.0
CTD-2230M5.3,0.0
CTD-2230M5.3,0.0
CTD-2231E14.4,0.0
CTD-2231E14.5,0.0
CTD-2231E14.8,0.0
CTD-2231H16.1,0.0
CTD-2232E5.2,0.0
CTD-2233C11.2,0.0
CTD-2233C11.3,0.0
CTD-2234B20.1,0.0
CTD-2234N14.1,0.0
CTD-2234N14.2,0.0
CTD-2235C13.1,0.0
CTD-2235C13.2,0.253644744093139
CTD-2235C13.3,0.0
CTD-2235H24.2,0.0
CTD-2236F14.1,0.0
CTD-2240E14.4,0.0
CTD-2240G15.1,0.0
CTD-2240H23.2,0.0
CTD-2240J17.1,0.0
CTD-2243E23.1,0.0
CTD-2244C20.1,0.0
CTD-2244C20.2,0.0
CTD-2244F11.2,0.0
CTD-2245E15.3,0.0
CTD-2245F17.2,0.0
CTD-2245F17.3,0.0
CTD-2245F17.6,0.0
CTD-2245F17.9,0.0
CTD-2246P4.1,0.0
CTD-2247C11.1,0.0
CTD-2247C11.2,0.0
CTD-2247C11.4,0.0
CTD-2247C11.5,0.0
CTD-2248H3.1,0.0
CTD-2249K22.1,0.0
CTD-2251F13.1,0.0
CTD-2252P21.1,0.0
CTD-2254N19.1,0.0
CTD-2256P15.1,0.0
CTD-2256P15.2,0.0
CTD-2256P15.4,0.0
CTD-2256P15.5,0.0
CTD-2258A20.3,0.0
CTD-2258A20.5,0.0
CTD-2260A17.1,0.0
CTD-2260A17.2,0.0
CTD-2260A17.3,0.0
CTD-2262B20.1,0.0
CTD-2263F21.1,0.0
CTD-2265D6.2,0.0
CTD-2265M8.2,0.0
CTD-2265O21.3,0.0
CTD-2265O21.7,0.0
CTD-2266L18.1,0.253644744093139
CTD-2267D19.2,0.0
CTD-2267D19.3,0.0
CTD-2267D19.4,0.0
CTD-2267D19.6,0.0
CTD-2267G17.2,0.0
CTD-2267G17.2,0.0
CTD-2269E23.2,0.0
CTD-2269E23.3,0.0
CTD-2269F5.1,1.2843206418841475
CTD-2270F17.1,0.0
CTD-2270L9.2,0.253644744093139
CTD-2270L9.4,0.0
CTD-2270N23.1,0.0
CTD-2272D18.1,0.0
CTD-2272D18.2,0.0
CTD-2272G21.1,0.0
CTD-2272G21.2,0.0
CTD-2272G21.3,0.0
CTD-2275D10.2,0.0
CTD-2275D24.1,0.0
CTD-2275D24.2,0.0
CTD-2275D24.3,0.0
CTD-2275D24.4,0.0
CTD-2277K2.1,0.0
CTD-2278B20.1,0.0
CTD-2278I10.1,0.0
CTD-2278I10.4,0.0
CTD-2278I10.6,0.0
CTD-2280E9.1,0.0
CTD-2281E23.1,0.0
CTD-2281E23.2,0.0
CTD-2281E23.3,0.0
CTD-2281M20.1,0.0
CTD-2282P23.1,0.0
CTD-2283N19.1,0.0
CTD-2284J15.1,0.0
CTD-2284O10.3,0.0
CTD-2285G11.1,0.0
CTD-2286N8.2,0.0
CTD-2287N17.1,0.0
CTD-2287O16.1,0.0
CTD-2287O16.3,0.0
CTD-2287O16.4,0.0
CTD-2287O16.5,0.0
CTD-2288F12.1,0.0
CTD-2288O8.1,0.0
CTD-2290C23.1,0.0
CTD-2290C23.2,0.0
CTD-2290P7.1,0.0
CTD-2291D10.1,0.0
CTD-2291D10.2,0.0
CTD-2291D10.3,0.0
CTD-2291D10.4,0.0
CTD-2292M14.1,0.0
CTD-2292M16.7,0.0
CTD-2292M16.8,0.0
CTD-2292P10.2,0.0
CTD-2292P10.2,0.0
CTD-2292P10.4,0.0
CTD-2292P10.4,0.0
CTD-2293H3.1,0.0
CTD-2293H3.2,0.0
CTD-2296D1.1,0.0
CTD-2296D1.2,0.0
CTD-2296D1.3,0.0
CTD-2296D1.4,0.0
CTD-2296D1.5,0.0
CTD-2297D10.1,0.0
CTD-2297D10.2,0.0
CTD-2298J14.1,1.5042992690810633
CTD-2298J14.2,0.0
CTD-2299E8.1,0.0
CTD-2299I21.1,0.0
CTD-2301A4.1,0.0
CTD-2301A4.3,0.0
CTD-2301A4.5,0.0
CTD-2302A16.2,0.0
CTD-2302E22.1,0.0
CTD-2302E22.2,0.0
CTD-2302E22.3,0.0
CTD-2302E22.4,0.0
CTD-2302E22.5,0.0
CTD-2303H24.2,0.253644744093139
CTD-2306M10.1,0.0
CTD-2306M5.1,0.0
CTD-2307P3.1,0.0
CTD-2308B18.1,0.0
CTD-2308B18.2,0.0
CTD-2308B18.3,0.0
CTD-2308B18.4,0.0
CTD-2308G16.1,0.0
CTD-2308L22.1,0.0
CTD-2308N23.2,0.0
CTD-2309H9.2,0.0
CTD-2309H9.3,0.0
CTD-2309H9.4,0.0
CTD-2309O5.3,0.0
CTD-2310F14.1,0.0
CTD-2311A18.1,0.0
CTD-2311B13.1,0.0
CTD-2311B13.2,0.0
CTD-2311B13.5,0.0
CTD-2311B13.7,0.0
CTD-2311B13.8,0.0
CTD-2311M21.2,0.0
CTD-2311M21.3,0.0
CTD-2312P21.1,0.0
CTD-2313D3.1,0.0
CTD-2313F11.1,0.0
CTD-2313F11.2,0.0
CTD-2313F11.3,0.0
CTD-2313J17.1,0.0
CTD-2313J17.3,0.0
CTD-2313J17.5,0.0
CTD-2313J23.1,0.0
CTD-2313N18.5,0.0
CTD-2313N18.7,0.0
CTD-2313N18.8,0.0
CTD-2313P7.1,0.0
CTD-2314B22.1,0.0
CTD-2314B22.2,0.0
CTD-2314B22.3,0.0
CTD-2314G24.2,0.0
CTD-2315A10.1,0.0
CTD-2315A10.2,0.0
CTD-2315E11.1,0.0
CTD-2316B1.1,0.0
CTD-2316B1.2,0.0
CTD-2318B16.1,0.0
CTD-2318B16.2,0.0
CTD-2318B16.3,0.0
CTD-2318B16.4,0.0
CTD-2318H23.1,0.0
CTD-2319I12.1,0.0
CTD-2319I12.2,0.0
CTD-2319I12.3,0.0
CTD-2319I12.4,0.0
CTD-2319I12.5,0.0
CTD-2320B12.1,0.0
CTD-2320B12.2,0.0
CTD-2320B12.3,0.0
CTD-2320G14.2,0.0
CTD-2320J21.1,0.0
CTD-2323K18.1,0.0
CTD-2323K18.2,0.0
CTD-2323K18.3,0.0
CTD-2324A24.2,0.0
CTD-2324F15.2,1.5454363124656982
CTD-2325A15.2,0.0
CTD-2325A15.3,0.0
CTD-2325A15.5,0.0
CTD-2325B11.1,0.0
CTD-2325K12.1,0.0
CTD-2325M2.1,0.0
CTD-2325P2.2,0.0
CTD-2325P2.3,0.0
CTD-2325P2.4,0.0
CTD-2328D6.1,0.0
CTD-2329C7.2,0.0
CTD-2329K10.1,0.0
CTD-2330J20.1,0.0
CTD-2330J20.2,0.0
CTD-2330K9.2,0.0
CTD-2330K9.3,0.0
CTD-2331C18.5,0.0
CTD-2331D11.2,0.0
CTD-2331D11.3,0.0
CTD-2331D11.4,0.0
CTD-2331H12.5,0.0
CTD-2331H12.7,0.0
CTD-2332E11.2,0.0
CTD-2332E11.2,0.0
CTD-2333K2.1,0.0
CTD-2333M24.1,0.0
CTD-2334D19.1,0.0
CTD-2335L22.6,0.0
CTD-2335O3.2,0.0
CTD-2335O3.3,0.0
CTD-2336H13.1,0.0
CTD-2336H13.2,0.0
CTD-2336O2.1,0.0
CTD-2336O2.2,0.0
CTD-2337A12.1,0.0
CTD-2337I7.1,0.0
CTD-2337J16.1,0.0
CTD-2339F6.1,0.0
CTD-2339L15.3,0.0
CTD-2339M3.1,0.0
CTD-2340D6.1,0.0
CTD-2340D6.2,0.0
CTD-2340E1.2,0.0
CTD-2340F8.1,0.0
CTD-2340F8.3,0.0
CTD-2341M24.1,0.0
CTD-2342I9.1,0.0
CTD-2342J14.6,0.0
CTD-2342N23.2,0.0
CTD-2342N23.3,0.0
CTD-2343P13.1,0.0
CTD-2345M20.2,0.0
CTD-2347I17.1,0.0
CTD-2349B8.1,0.0
CTD-2349P21.1,0.0
CTD-2349P21.10,1.7073637581471683
CTD-2349P21.11,0.0
CTD-2349P21.5,0.0
CTD-2349P21.6,0.0
CTD-2349P21.9,0.0
CTD-2350C19.1,0.0
CTD-2350C19.1,0.0
CTD-2350C19.2,0.0
CTD-2350C19.2,0.0
CTD-2350C19.5,0.0
CTD-2350C19.5,0.0
CTD-2350J17.1,2.140618140014368
CTD-2351A8.1,0.0
CTD-2353F22.1,2.230361246613381
CTD-2353N24.1,0.0
CTD-2354A18.1,0.0
CTD-2355J17.2,0.0
CTD-2356P16.6,0.0
CTD-2357A8.3,0.0
CTD-2358C21.1,0.0
CTD-2358C21.2,0.0
CTD-2358C21.3,0.0
CTD-2358C21.4,0.0
CTD-2363C16.1,0.0
CTD-2363C16.2,0.0
CTD-2366F13.1,0.0
CTD-2366F13.2,0.0
CTD-2367A17.1,0.0
CTD-2368P22.1,1.4588540253591942
CTD-2369P2.10,0.0
CTD-2369P2.12,0.0
CTD-2369P2.2,0.0
CTD-2369P2.4,0.0
CTD-2369P2.5,0.0
CTD-2369P2.8,0.0
CTD-2370N5.3,0.0
CTD-2371O3.2,0.0
CTD-2372A4.1,0.0
CTD-2373H9.5,0.0
CTD-2373J19.1,0.0
CTD-2373J6.1,0.0
CTD-2373N4.5,0.0
CTD-2374C24.1,0.0
CTD-2375G15.1,0.0
CTD-2376I20.1,0.0
CTD-2376I4.1,0.0
CTD-2376I4.2,0.0
CTD-2377D24.2,0.0
CTD-2377D24.4,0.0
CTD-2377D24.6,0.0
CTD-2377D24.8,0.0
CTD-2377O17.1,0.0
CTD-2378E21.1,0.0
CTD-2378E21.1,0.0
CTD-2380F24.1,0.0
CTD-2381F24.1,0.0
CTD-2382E5.1,0.0
CTD-2382E5.2,0.0
CTD-2382E5.4,0.0
CTD-2382H12.1,0.0
CTD-2382H12.2,0.0
CTD-2383I20.1,0.0
CTD-2383M3.1,0.0
CTD-2384A14.1,0.0
CTD-2384A14.2,0.0
CTD-2384B11.2,0.0
CTD-2384B9.1,0.0
CTD-2385L22.1,0.0
CTD-2396E7.10,0.0
CTD-2396E7.7,0.0
CTD-2396E7.8,0.253644744093139
CTD-2396E7.9,0.0
CTD-2410N18.1,0.0
CTD-2410N18.3,0.0
CTD-2410N18.4,0.0
CTD-2410N18.5,0.0
CTD-2501B8.5,0.0
CTD-2501E16.1,0.0
CTD-2501E16.2,0.0
CTD-2501M5.1,0.0
CTD-2501O3.2,0.0
CTD-2501O3.3,0.0
CTD-2503I6.1,1.9298591741236093
CTD-2503O16.1,0.0
CTD-2503O16.3,0.0
CTD-2503O16.4,0.0
CTD-2506J14.1,0.0
CTD-2507G9.1,0.0
CTD-2509G16.1,0.0
CTD-2509G16.2,0.0
CTD-2509G16.3,0.0
CTD-2509G16.5,0.0
CTD-2510F5.2,0.0
CTD-2510F5.4,0.0
CTD-2510F5.6,0.0
CTD-2514A21.3,0.0
CTD-2514C3.1,1.1364750726028654
CTD-2514K5.2,0.0
CTD-2514K5.4,0.0
CTD-2515A14.1,0.0
CTD-2515C13.1,0.0
CTD-2515C13.2,0.0
CTD-2515H24.1,0.0
CTD-2515H24.3,0.0
CTD-2515H24.4,0.0
CTD-2516F10.2,0.0
CTD-2516F10.4,0.0
CTD-2516K3.3,0.0
CTD-2517M14.5,0.0
CTD-2517M22.14,0.0
CTD-2517M22.16,0.0
CTD-2517M22.17,0.0
CTD-2517M22.9,0.0
CTD-2517O10.5,0.0
CTD-2517O10.6,0.0
CTD-2518G19.1,0.0
CTD-2520I13.1,0.0
CTD-2521M24.10,0.0
CTD-2521M24.11,0.0
CTD-2521M24.4,0.0
CTD-2521M24.5,0.0
CTD-2521M24.6,0.0
CTD-2521M24.8,0.0
CTD-2521M24.9,0.0
CTD-2522B17.4,0.0
CTD-2522B17.5,0.0
CTD-2522B17.6,0.0
CTD-2522B17.8,0.0
CTD-2522E6.4,0.0
CTD-2522E6.4,0.0
CTD-2523D13.1,0.0
CTD-2523D13.2,0.0
CTD-2524L6.3,0.0
CTD-2525I3.2,0.6204550963106681
CTD-2525I3.3,0.0
CTD-2525I3.5,0.0
CTD-2525I3.6,0.0
CTD-2526A2.2,0.0
CTD-2526A2.5,0.0
CTD-2526A2.6,0.0
CTD-2526L21.2,0.0
CTD-2526L21.3,0.0
CTD-2526M8.2,0.0
CTD-2526M8.3,0.0
CTD-2527I21.14,0.0
CTD-2527I21.4,0.0
CTD-2527I21.7,0.0
CTD-2527I21.9,0.0
CTD-2528A14.1,0.0
CTD-2528A14.3,0.0
CTD-2528A14.5,0.0
CTD-2528L19.3,0.0
CTD-2528L19.4,0.0
CTD-2528L19.6,0.0
CTD-2529O21.1,0.0
CTD-2529O21.2,0.0
CTD-2529P6.3,0.0
CTD-2529P6.4,0.0
CTD-2530H12.1,0.0
CTD-2530H12.2,0.0
CTD-2530H12.4,0.0
CTD-2530H12.5,0.0
CTD-2530H12.7,0.0
CTD-2530H12.8,0.0
CTD-2530N21.4,0.0
CTD-2531D15.4,0.0
CTD-2531D15.5,0.0
CTD-2532D12.4,0.0
CTD-2532D12.5,0.0
CTD-2532K18.1,0.0
CTD-2532K18.2,0.0
CTD-2532N20.1,0.0
CTD-2533G20.1,0.0
CTD-2533K21.1,0.0
CTD-2533K21.2,0.0
CTD-2533K21.3,0.0
CTD-2533K21.4,0.0
CTD-2534I21.8,0.0
CTD-2534I21.9,0.0
CTD-2534J5.1,0.0
CTD-2535I10.1,0.0
CTD-2535L24.2,0.0
CTD-2535L24.3,0.0
CTD-2535P7.1,0.0
CTD-2535P7.2,0.0
CTD-2536I1.1,0.0
CTD-2537I9.12,0.0
CTD-2537I9.13,0.0
CTD-2537I9.16,0.0
CTD-2537I9.5,0.0
CTD-2537L20.1,0.0
CTD-2537O9.1,0.0
CTD-2538A21.1,0.0
CTD-2538C1.2,0.0
CTD-2538C1.3,0.0
CTD-2538G9.3,0.0
CTD-2538G9.5,0.0
CTD-2538G9.6,0.0
CTD-2540B15.10,0.0
CTD-2540B15.11,0.0
CTD-2540B15.12,0.0
CTD-2540B15.13,0.0
CTD-2540B15.6,0.0
CTD-2540B15.7,0.0
CTD-2540B15.9,0.0
CTD-2540F13.2,0.0
CTD-2540L5.5,0.0
CTD-2540L5.6,0.0
CTD-2540M10.1,0.6960356275201428
CTD-2541J13.1,0.0
CTD-2541J13.1,0.0
CTD-2541J13.2,0.0
CTD-2541J13.2,0.0
CTD-2541M15.1,0.0
CTD-2541M15.3,0.0
CTD-2541M15.4,0.0
CTD-2542C24.1,0.0
CTD-2542C24.2,0.0
CTD-2542C24.3,0.0
CTD-2542C24.4,0.0
CTD-2542C24.7,0.0
CTD-2542C24.8,0.0
CTD-2542C24.8,0.0
CTD-2542C24.9,0.0
CTD-2542C24.9,0.0
CTD-2542L18.1,0.0
CTD-2542O7.2,0.0
CTD-2544H17.1,0.0
CTD-2544H17.2,0.0
CTD-2544L4.1,0.0
CTD-2544M6.1,0.0
CTD-2544M6.2,0.0
CTD-2544N14.3,0.0
CTD-2545G14.2,0.0
CTD-2545G14.7,0.0
CTD-2545H1.1,0.0
CTD-2545H1.2,0.0
CTD-2545M3.2,0.0
CTD-2545M3.6,0.0
CTD-2545M3.8,0.0
CTD-2547E10.2,1.7522684493138374
CTD-2547E10.3,0.0
CTD-2547G23.2,0.0
CTD-2547H18.1,0.0
CTD-2547L16.1,0.0
CTD-2547L16.2,0.0
CTD-2547L16.3,0.0
CTD-2547L24.3,0.0
CTD-2547L24.4,1.7206743438370773
CTD-2550O8.7,0.0
CTD-2552B11.2,0.0
CTD-2552B11.3,0.0
CTD-2552K11.2,0.0
CTD-2553C6.1,0.0
CTD-2553L13.4,0.0
CTD-2553L13.7,0.0
CTD-2554C21.1,0.4127178969233909
CTD-2554C21.2,0.0
CTD-2554C21.3,0.0
CTD-2555A7.1,0.0
CTD-2555A7.2,0.0
CTD-2555A7.3,0.0
CTD-2555C10.3,0.0
CTD-2555I5.1,0.0
CTD-2555K7.1,0.0
CTD-2555K7.2,0.0
CTD-2555K7.3,0.0
CTD-2555K7.4,0.0
CTD-2555O16.1,0.0
CTD-2555O16.2,0.4127178969233909
CTD-2555O16.3,0.0
CTD-2555O16.4,0.0
CTD-2557P19.1,0.0
CTD-2557P19.4,0.0
CTD-2557P19.4,0.0
CTD-2560C21.1,0.0
CTD-2560E9.3,0.0
CTD-2560E9.5,0.0
CTD-2560K21.6,0.0
CTD-2561B21.10,0.0
CTD-2561B21.11,0.0
CTD-2561B21.3,0.0
CTD-2561B21.4,0.0
CTD-2561B21.5,0.0
CTD-2561B21.7,0.0
CTD-2561F5.1,0.0
CTD-2561J22.1,0.0
CTD-2561J22.2,0.0
CTD-2561J22.3,0.0
CTD-2561J22.5,0.0
CTD-2561J22.6,0.0
CTD-2562G15.2,0.0
CTD-2562J15.4,0.0
CTD-2562J15.6,0.0
CTD-2562J17.2,0.0
CTD-2562J17.4,0.0
CTD-2562J17.7,2.073364122649164
CTD-2562J17.9,0.0
CTD-2566J3.1,1.1840889676042927
CTD-2568A17.1,0.0
CTD-2568A17.5,0.0
CTD-2568A17.8,0.0
CTD-2568P8.1,0.0
CTD-2571E19.1,0.0
CTD-2571E19.3,0.0
CTD-2571L23.6,0.0
CTD-2571L23.8,0.7603920768618123
CTD-2571L23.9,0.0
CTD-2572N17.1,0.0
CTD-2574D22.2,0.0
CTD-2574D22.4,0.0
CTD-2575K13.6,0.0
CTD-2575K13.6,0.0
CTD-2576D5.2,0.0
CTD-2576D5.3,0.0
CTD-2576D5.4,0.0
CTD-2576F9.1,0.0
CTD-2576F9.2,0.0
CTD-2579N5.3,0.0
CTD-2579N5.4,0.0
CTD-2579N5.5,0.0
CTD-2582D11.1,0.0
CTD-2582M21.1,0.0
CTD-2583A14.1,0.0
CTD-2583A14.10,0.0
CTD-2583A14.11,0.0
CTD-2583A14.8,0.0
CTD-2583A14.9,0.0
CTD-2583P5.1,0.0
CTD-2583P5.3,0.0
CTD-2586B10.1,0.0
CTD-2586B10.1,0.0
CTD-2587H19.1,0.0
CTD-2587H19.1,0.0
CTD-2587H19.1,0.0
CTD-2587H19.2,0.0
CTD-2587H19.2,0.0
CTD-2587H19.2,0.0
CTD-2587H19.2,0.0
CTD-2587H19.3,0.0
CTD-2587H19.3,0.0
CTD-2587H19.3,0.0
CTD-2587H24.1,0.0
CTD-2587H24.10,0.0
CTD-2587H24.4,0.0
CTD-2587H24.5,0.0
CTD-2587M2.1,0.0
CTD-2587M23.1,0.0
CTD-2588C8.8,0.0
CTD-2588J1.1,0.0
CTD-2588J6.1,0.0
CTD-2588J6.2,0.0
CTD-2589H19.4,0.0
CTD-2589H19.6,0.0
CTD-2589M5.4,0.0
CTD-2589M5.5,0.0
CTD-2589O24.1,0.0
CTD-2591A6.2,0.0
CTD-2593A12.2,0.0
CTD-2593A12.3,0.0
CTD-2593A12.4,0.0
CTD-2596O15.1,0.0
CTD-2600O9.1,0.0
CTD-2607J13.1,0.0
CTD-2609K8.3,0.0
CTD-2611K5.5,0.0
CTD-2611O12.6,0.0
CTD-2611O12.7,0.0
CTD-2611O12.8,0.0
CTD-2612A24.1,0.0
CTD-2613O8.1,0.0
CTD-2616J11.10,0.0
CTD-2616J11.11,0.0
CTD-2616J11.14,0.0
CTD-2616J11.15,0.0
CTD-2616J11.16,0.0
CTD-2616J11.2,0.0
CTD-2616J11.3,0.0
CTD-2616J11.4,0.0
CTD-2616J11.9,0.0
CTD-2619J13.1,0.0
CTD-2619J13.13,0.0
CTD-2619J13.14,0.0
CTD-2619J13.16,0.0
CTD-2619J13.17,0.0
CTD-2619J13.19,0.4127178969233909
CTD-2619J13.23,0.0
CTD-2619J13.3,0.0
CTD-2619J13.8,0.0
CTD-2619J13.9,0.0
CTD-2620I22.1,0.0
CTD-2620I22.2,0.0
CTD-2620I22.3,0.0
CTD-2620I22.7,0.0
CTD-2621I17.6,0.0
CTD-2622I13.3,0.0
CTD-2623H2.7,0.0
CTD-2623N2.11,0.0
CTD-2623N2.3,0.0
CTD-2623N2.5,0.0
CTD-2626G11.1,0.0
CTD-2626G11.2,0.0
CTD-2626G11.2,0.0
CTD-2626G11.3,0.0
CTD-2626G11.3,0.0
CTD-2630F21.1,0.0
CTD-2631K10.1,0.0
CTD-2632K10.1,0.0
CTD-2636A23.2,0.0
CTD-2639E6.4,0.0
CTD-2639E6.9,0.0
CTD-2643I7.1,0.0
CTD-2643K12.1,0.0
CTD-2643K12.2,0.0
CTD-2643K12.3,0.0
CTD-2644I21.1,0.0
CTD-2647E9.1,0.0
CTD-2647E9.3,0.0
CTD-2647L4.1,0.0
CTD-2647L4.4,2.040117379352544
CTD-2647L4.5,0.0
CTD-2649C14.1,0.0
CTD-2650P22.1,0.0
CTD-2651B20.1,0.0
CTD-2651B20.2,0.0
CTD-2651B20.3,0.253644744093139
CTD-2651B20.4,0.0
CTD-2651B20.5,0.0
CTD-2651B20.6,0.5288907918624668
CTD-2651B20.7,0.0
CTD-2651C21.3,0.0
CTD-2653B5.1,0.7603920768618123
CTD-2653D5.1,0.0
CTD-2653M23.3,0.0
CTD-2655K5.1,0.0
CTD-2659N19.10,0.0
CTD-2659N19.2,0.0
CTD-2659N19.4,0.0
CTD-2659N19.9,0.0
CTD-2666L21.1,0.9105921305334987
CTD-2666L21.2,0.0
CTD-2666L21.3,0.0
CTD-3001H11.1,0.0
CTD-3006G17.2,0.0
CTD-3007L5.1,0.0
CTD-3010D24.3,0.0
CTD-3012A18.1,0.0
CTD-3018O17.3,0.0
CTD-3020H12.3,0.0
CTD-3020H12.4,0.0
CTD-3023J11.2,0.0
CTD-3023L14.1,0.0
CTD-3023L14.2,0.0
CTD-3023L14.3,0.0
CTD-3025N20.2,0.0
CTD-3025N20.3,0.0
CTD-3028N15.1,0.0
CTD-3030D20.1,0.0
CTD-3030D20.2,0.0
CTD-3032H12.1,0.0
CTD-3032H12.2,0.0
CTD-3032H12.3,0.0
CTD-3032J10.2,0.0
CTD-3032J10.3,0.0
CTD-3032J10.4,0.0
CTD-3035D6.1,0.0
CTD-3035D6.2,0.0
CTD-3037G24.3,0.0
CTD-3037G24.4,0.0
CTD-3046C4.1,0.0
CTD-3049M7.1,0.0
CTD-3051D23.1,0.0
CTD-3051D23.3,0.0
CTD-3051D23.4,0.0
CTD-3051L14.13,0.0
CTD-3051L14.14,0.0
CTD-3057O21.1,0.0
CTD-3060P21.1,0.0
CTD-3064C13.1,0.0
CTD-3064H18.1,0.0
CTD-3064H18.2,0.0
CTD-3064H18.4,0.0
CTD-3064M3.1,0.0
CTD-3064M3.3,0.0
CTD-3064M3.4,0.0
CTD-3064M3.7,0.0
CTD-3065B20.1,0.0
CTD-3065B20.2,0.0
CTD-3065B20.3,0.0
CTD-3065J16.6,0.0
CTD-3065J16.6,0.0
CTD-3065J16.9,0.0
CTD-3065J16.9,0.0
CTD-3073N11.5,0.0
CTD-3073N11.7,0.0
CTD-3073N11.9,0.0
CTD-3074O7.11,0.0
CTD-3074O7.12,0.0
CTD-3074O7.2,0.0
CTD-3074O7.5,1.4213491305518202
CTD-3074O7.7,0.0
CTD-3076O17.1,0.0
CTD-3076O17.2,0.0
CTD-3080F16.3,0.0
CTD-3080P12.3,0.0
CTD-3088G3.4,0.0
CTD-3088G3.6,0.0
CTD-3088G3.8,0.0
CTD-3092A11.1,0.0
CTD-3092A11.2,0.0
CTD-3093M3.1,0.0
CTD-3093M3.1,0.0
CTD-3093M3.1,0.0
CTD-3093M3.1,0.0
CTD-3093M3.1,0.0
CTD-3093M3.1,0.0
CTD-3093M3.1,0.0
CTD-3094K11.1,0.0
CTD-3096M3.1,0.0
CTD-3096M3.2,0.0
CTD-3096P4.1,0.0
CTD-3098H1.2,0.0
CTD-3099C6.11,0.0
CTD-3099C6.5,0.0
CTD-3099C6.7,0.0
CTD-3099C6.9,0.0
CTD-3105H18.10,0.0
CTD-3105H18.11,0.0
CTD-3105H18.13,0.0
CTD-3105H18.14,0.0
CTD-3105H18.16,0.0
CTD-3105H18.18,0.0
CTD-3105H18.4,0.0
CTD-3105H18.5,0.0
CTD-3105H18.7,0.0
CTD-3105H18.8,0.0
CTD-3105H18.9,0.0
CTD-3107M8.1,0.0
CTD-3107M8.2,0.0
CTD-3110H11.1,0.0
CTD-3110P2.2,0.0
CTD-3113P16.5,0.0
CTD-3113P16.7,0.0
CTD-3113P16.9,0.0
CTD-3116E22.6,0.0
CTD-3116E22.7,0.0
CTD-3118D11.2,0.0
CTD-3118D11.3,0.0
CTD-3118D7.1,1.4821708087520635
CTD-3126B10.1,0.0
CTD-3126B10.4,0.0
CTD-3128G10.6,0.0
CTD-3131K8.1,0.0
CTD-3131K8.2,0.866058549240148
CTD-3131K8.3,0.0
CTD-3135A9.3,0.0
CTD-3137H5.1,0.0
CTD-3138B18.4,0.0
CTD-3138B18.5,0.0
CTD-3138B18.6,0.0
CTD-3138F19.1,0.0
CTD-3141N22.1,0.0
CTD-3145H4.1,0.0
CTD-3148I10.1,0.0
CTD-3148I10.13,0.0
CTD-3148I10.15,1.266040025979822
CTD-3148I10.9,0.0
CTD-3149D2.3,0.0
CTD-3149D2.4,0.0
CTD-3154N5.1,0.0
CTD-3157E16.1,0.0
CTD-3162L10.1,1.0219824427879696
CTD-3162L10.3,0.0
CTD-3162L10.4,0.0
CTD-3162L10.5,0.0
CTD-3179P9.1,0.0
CTD-3179P9.2,0.0
CTD-3184A7.4,0.0
CTD-3185P2.1,0.0
CTD-3185P2.2,0.6960356275201428
CTD-3187F8.11,0.0
CTD-3187F8.12,0.0
CTD-3187F8.14,0.0
CTD-3187F8.15,0.0
CTD-3187F8.2,0.0
CTD-3187F8.6,0.0
CTD-3187F8.7,0.0
CTD-3193K9.1,0.0
CTD-3193K9.3,0.0
CTD-3193K9.4,0.0
CTD-3193O13.1,0.0
CTD-3193O13.10,0.0
CTD-3193O13.11,0.0
CTD-3193O13.13,0.0
CTD-3193O13.14,0.0
CTD-3193O13.8,0.0
CTD-3193O13.9,0.0
CTD-3194G12.1,0.0
CTD-3194G12.2,0.0
CTD-3195I5.1,0.0
CTD-3195I5.3,0.0
CTD-3195I5.4,0.0
CTD-3195I5.5,0.8164310788769841
CTD-3199J23.4,0.0
CTD-3199J23.6,0.0
CTD-3203P2.1,0.0
CTD-3203P2.2,0.253644744093139
CTD-3214H19.12,0.0
CTD-3214H19.16,0.0
CTD-3214H19.4,0.0
CTD-3214H19.6,0.0
CTD-3214K23.1,0.0
CTD-3216D2.4,0.0
CTD-3216D2.5,0.0
CTD-3220F14.1,0.5288907918624668
CTD-3220F14.2,0.0
CTD-3222D19.10,0.0
CTD-3222D19.11,0.0
CTD-3222D19.2,0.0
CTD-3222D19.5,0.0
CTD-3222D19.7,0.0
CTD-3224I3.3,0.0
CTD-3224K15.2,0.0
CTD-3224K15.3,0.0
CTD-3229J4.1,0.0
CTD-3232M19.2,0.0
CTD-3233P19.7,0.0
CTD-3233P19.8,0.0
CTD-3234P18.2,0.0
CTD-3236F5.1,0.0
CTD-3239E11.2,0.0
CTD-3244O18.5,0.0
CTD-3244O18.6,0.0
CTD-3244O18.7,0.0
CTD-3247F14.2,0.0
CTD-3252C9.2,0.0
CTD-3253I12.1,0.0
CTDNEP1,0.0
CTDP1,0.0
CTDSP1,0.0
CTDSP2,1.1840889676042927
CTDSPL,0.0
CTDSPL2,1.1105557679530071
CTF1,0.0
CTF2P,0.0
CTGF,0.0
CTGLF10P,0.0
CTGLF11P,0.0
CTGLF12P,0.0
CTGLF12P,0.0
CTGLF8P,0.0
CTGLF8P,0.0
CTH,2.238394274207005
CTHRC1,0.0
CTIF,0.0
CTLA4,0.0
CTNNA1,2.627984193072242
CTNNA2,2.2559430775347025
CTNNA3,0.0
CTNNAL1,1.7140700431083098
CTNNAP1,0.0
CTNNB1,1.5551393200304595
CTNNBIP1,0.4127178969233909
CTNNBL1,0.0
CTNND1,2.12797481183765
CTNND2,2.753275608519472
CTNS,0.0
CTPS1,0.0
CTPS2,0.0
CTR9,0.7603920768618123
CTRB1,0.0
CTRB2,0.0
CTRC,0.0
CTRL,0.0
CTSA,1.380296600302216
CTSB,2.5781745004730325
CTSC,0.0
CTSD,1.470668879757139
CTSE,0.0
CTSE,0.0
CTSF,2.392543073202304
CTSG,0.0
CTSH,0.9509808635159877
CTSK,2.323091673214238
CTSL,1.0219824427879696
CTSL3P,0.0
CTSLP1,0.0
CTSLP2,0.0
CTSLP2,0.0
CTSLP3,0.0
CTSLP3,0.0
CTSLP4,0.0
CTSLP5,0.0
CTSLP6,0.0
CTSLP7,0.0
CTSLP8,0.0
CTSO,0.0
CTSO,0.0
CTSS,0.0
CTSV,0.0
CTSW,0.253644744093139
CTSZ,0.0
CTTN,2.546078048333367
CTTNBP2,1.686600231622561
CTTNBP2NL,0.0
CTU1,0.0
CTU2,0.0
CTXN1,0.0
CTXN2,0.0
CTXN3,0.0
CU013544.1,0.0
CU013544.2,0.0
CU013544.3,0.0
CU024913.1,0.0
CU041368.1,0.0
CU104682.1,0.0
CU151838.1,0.0
CU151838.2,0.0
CU151839.1,0.0
CU179654.1,0.0
CU234142.1,0.0
CU234142.2,0.0
CU442762.1,0.0
CU442762.2,0.0
CU442762.3,0.0
CU442762.4,0.0
CU457734.1,0.0
CU457734.2,0.0
CU457734.3,0.0
CU459007.1,0.0
CU459201.1,0.0
CU459202.1,0.0
CU459202.2,0.0
CU459202.3,0.0
CU459211.1,0.0
CU463998.1,0.0
CU463998.2,0.0
CU463998.3,0.0
CU463998.4,0.0
CU467002.1,0.0
CU467002.2,0.0
CU467612.1,0.0
CU467816.1,0.0
CUBN,1.3944163697813394
CUBNP1,0.0
CUBNP2,0.0
CUBNP2,0.0
CUBNP3,0.0
CUEDC1,0.0
CUEDC2,0.0
CUL1,0.0
CUL2,0.8164310788769841
CUL3,1.887355901089917
CUL4A,0.4127178969233909
CUL4AP1,0.0
CUL4B,0.0
CUL5,2.292573845656421
CUL7,0.7603920768618123
CUL9,0.0
CUTA,0.0
CUTA,0.0
CUTC,0.0
CUX1,0.0
CUX2,0.0
CUX2P1,0.0
CUZD1,0.0
CWC15,1.882867521541892
CWC15,0.0
CWC22,2.3097922043345585
CWC25,0.0
CWC27,1.1105557679530071
CWF19L1,0.0
CWF19L2,1.0219824427879696
CWH43,0.0
CX3CL1,0.7603920768618123
CX3CR1,0.0
CXADR,1.5454363124656982
CXADRP1,0.0
CXADRP2,0.0
CXADRP3,0.0
CXCL1,0.0
CXCL10,0.0
CXCL11,0.0
CXCL12,0.0
CXCL13,0.0
CXCL14,2.0463546340021432
CXCL16,0.0
CXCL17,0.0
CXCL1P,0.0
CXCL2,2.7877447958553034
CXCL3,1.5454363124656982
CXCL5,1.4821708087520635
CXCL6,0.0
CXCL9,0.0
CXCR1,0.0
CXCR2,0.0
CXCR2P1,0.0
CXCR3,0.0
CXCR4,0.0
CXCR5,0.0
CXCR6,0.0
CXXC1,0.0
CXXC11,0.0
CXXC1P1,0.0
CXXC4,0.9509808635159877
CXXC5,0.0
CXorf21,0.0
CXorf22,0.0
CXorf23,0.0
CXorf24,0.0
CXorf27,0.0
CXorf28,0.0
CXorf30,0.0
CXorf30,0.0
CXorf31,0.0
CXorf31,0.0
CXorf36,0.0
CXorf38,0.0
CXorf40A,0.0
CXorf40A,0.0
CXorf40B,0.0
CXorf40B,0.0
CXorf48,0.0
CXorf48,0.0
CXorf49,0.0
CXorf49B,0.0
CXorf51A,0.0
CXorf51A,0.0
CXorf51B,0.0
CXorf51B,0.0
CXorf56,1.1364750726028654
CXorf57,0.9105921305334987
CXorf58,0.0
CXorf61,0.0
CXorf61,0.0
CXorf64,0.0
CXorf65,0.0
CXorf66,0.0
CXorf67,0.0
CXorf67,0.0
CYB561,0.0
CYB561A3,0.5288907918624668
CYB561D1,0.0
CYB561D2,0.0
CYB5A,0.0
CYB5AP5,0.0
CYB5B,2.6296039092191807
CYB5D1,2.4749076639710603
CYB5D2,0.0
CYB5P4,0.0
CYB5R1,0.253644744093139
CYB5R2,0.0
CYB5R3,0.0
CYB5R4,0.0
CYB5RL,0.0
CYBA,0.0
CYBB,0.0
CYBRD1,2.0555457066445686
CYC1,1.4821708087520635
CYCS,0.0
CYCSP10,0.0
CYCSP12,0.0
CYCSP2,0.0
CYCSP25,0.0
CYCSP26,0.0
CYCSP29,0.0
CYCSP30,0.0
CYCSP32,0.0
CYCSP33,0.0
CYCSP34,0.0
CYCSP35,0.0
CYCSP39,0.0
CYCSP40,0.0
CYCSP41,0.0
CYCSP42,0.0
CYCSP46,0.0
CYCSP48,0.0
CYCSP49,0.0
CYCSP52,0.0
CYCSP55,0.0
CYCTP,0.0
CYFIP1,0.4127178969233909
CYFIP2,1.8402371571691645
CYGB,0.0
CYHR1,0.0
CYLC1,0.0
CYLC2,0.0
CYLD,1.2843206418841475
CYMP,0.0
CYP11A1,0.0
CYP11B1,0.0
CYP11B2,0.253644744093139
CYP17A1,1.2469559880685197
CYP17A1-AS1,0.0
CYP19A1,0.0
CYP1A1,0.0
CYP1A2,0.0
CYP1B1,0.0
CYP1B1-AS1,0.0
CYP1D1P,1.0219824427879696
CYP20A1,0.0
CYP21A1P,0.0
CYP21A1P,0.0
CYP21A1P,0.0
CYP21A1P,0.0
CYP21A2,0.0
CYP21A2,0.0
CYP21A2,0.0
CYP21A2,0.0
CYP21A2,0.0
CYP21A2,0.0
CYP24A1,0.0
CYP26A1,0.0
CYP26B1,0.0
CYP26C1,0.0
CYP27A1,0.253644744093139
CYP27B1,0.0
CYP27C1,0.0
CYP2A13,0.0
CYP2A6,0.0
CYP2A7,0.0
CYP2A7P1,0.0
CYP2AB1P,0.0
CYP2AC1P,0.0
CYP2B6,0.0
CYP2B7P1,0.0
CYP2C18,0.0
CYP2C19,0.0
CYP2C56P,0.0
CYP2C58P,0.0
CYP2C59P,0.0
CYP2C60P,0.0
CYP2C61P,0.0
CYP2C8,0.0
CYP2C9,0.0
CYP2D6,0.0
CYP2D6,0.0
CYP2D6,0.0
CYP2D7P1,0.0
CYP2D7P1,0.0
CYP2D8P1,0.0
CYP2D8P1,0.0
CYP2E1,0.0
CYP2F1,0.0
CYP2F1P,0.0
CYP2G1P,0.0
CYP2G2P,0.0
CYP2J2,2.8294814460256847
CYP2R1,0.0
CYP2R1,0.0
CYP2S1,0.0
CYP2T2P,0.0
CYP2T3P,0.0
CYP2U1,0.0
CYP2W1,0.0
CYP39A1,0.0
CYP3A4,0.0
CYP3A43,0.4127178969233909
CYP3A5,0.6960356275201428
CYP3A7,0.253644744093139
CYP46A1,1.0219824427879696
CYP46A4P,0.0
CYP4A11,0.0
CYP4A22,0.0
CYP4A22-AS1,0.4127178969233909
CYP4B1,0.0
CYP4F10P,0.0
CYP4F11,0.253644744093139
CYP4F12,0.0
CYP4F2,0.0
CYP4F22,0.0
CYP4F23P,0.0
CYP4F24P,0.0
CYP4F25P,0.0
CYP4F27P,0.0
CYP4F29P,0.0
CYP4F3,0.0
CYP4F30P,0.0
CYP4F31P,0.0
CYP4F32P,0.0
CYP4F32P,0.0
CYP4F34P,0.0
CYP4F35P,0.6204550963106681
CYP4F36P,0.0
CYP4F43P,0.0
CYP4F44P,0.0
CYP4F59P,0.0
CYP4F60P,0.0
CYP4F61P,0.0
CYP4F8,0.0
CYP4V2,1.9338893813999691
CYP4X1,1.5454363124656982
CYP4Z1,0.0
CYP4Z2P,0.0
CYP51A1,0.0
CYP51P1,0.0
CYP51P2,0.0
CYP51P3,0.0
CYP7A1,0.0
CYP7B1,0.866058549240148
CYP8B1,0.0
CYR61,0.0
CYS1,0.253644744093139
CYSLTR1,0.253644744093139
CYSLTR2,0.0
CYSTM1,2.661542518329547
CYTH1,2.0645462909179955
CYTH2,2.084849460186147
CYTH3,0.0
CYTH4,0.0
CYTIP,0.0
CYTL1,0.0
CYYR1,0.0
CYorf17,0.0
CoTC_ribozyme,0.0
D2HGDH,0.0
D86994.1,0.0
D86994.2,0.0
D86998.1,0.0
D87007.1,0.0
D87015.1,0.0
D87024.1,0.0
DAAM1,2.6689886772612006
DAAM2,0.0
DAB1,0.6960356275201428
DAB2,0.0
DAB2IP,0.0
DACH1,0.0
DACH2,0.6960356275201428
DACT1,0.0
DACT2,0.0
DACT3,0.0
DACT3-AS1,0.0
DAD1,2.073364122649164
DAG1,0.253644744093139
DAGLA,0.0
DAGLB,0.0
DAK,0.0
DALRD3,0.253644744093139
DANCR,0.9105921305334987
DAND5,0.0
DAO,1.564630272110482
DAOA,0.0
DAOA-AS1,0.0
DAP,0.0
DAP3,1.6258250518828512
DAP3P1,0.0
DAP3P2,0.0
DAPK1,1.803921369136032
DAPK1-IT1,0.0
DAPK2,0.0
DAPK3,0.0
DAPL1,0.0
DAPP1,0.0
DAQB-331I12.15,0.0
DAQB-331I12.5,0.0
DAQB-331I12.5,0.0
DAQB-331I12.5,0.0
DAQB-331I12.5,0.0
DAQB-331I12.5,0.0
DAQB-335A13.26,0.0
DAQB-335A13.8,0.0
DAQB-335A13.8,0.0
DAQB-335A13.8,0.253644744093139
DAQB-335A13.8,0.0
DAQB-335A13.8,0.0
DARC,0.0
DARS,0.5288907918624668
DARS2,0.0
DASS-161H22.6,0.0
DASS-23B5.1,0.0
DASS-23B5.1,0.0
DASS-23B5.2,0.0
DASS-23B5.2,0.0
DASS-23B5.2,0.0
DASS-312M4.10,0.0
DASS-36P22.4,0.0
DASS-397D15.4,0.0
DASS-397D15.4,0.0
DASS-397D15.4,0.0
DASS-397D15.4,0.0
DASS-397D15.5,0.0
DASS-397D15.5,0.0
DASS-397D15.5,0.0
DAW1,0.0
DAXX,0.0
DAXX,0.0
DAXX,0.0
DAXX,0.0
DAXX,0.0
DAXX,0.0
DAZ1,0.0
DAZ2,0.0
DAZ3,0.0
DAZ4,0.0
DAZAP1,0.0
DAZAP2,1.6496233519400156
DAZAP2P1,0.0
DAZL,0.0
DBF4,0.0
DBF4B,0.0
DBF4P1,0.0
DBH,0.0
DBH-AS1,0.0
DBI,2.431230585097085
DBIL5P,0.0
DBIL5P2,0.0
DBIP1,0.0
DBIP2,0.0
DBN1,0.0
DBNDD1,0.0
DBNDD2,1.8146108385283355
DBNL,0.9509808635159877
DBP,1.3944163697813394
DBR1,0.0
DBT,0.253644744093139
DBX1,0.0
DBX2,0.0
DCAF10,0.0
DCAF11,1.5739182395996751
DCAF12,0.0
DCAF12L1,0.0
DCAF12L2,0.0
DCAF13,0.0
DCAF13P1,0.0
DCAF13P2,0.0
DCAF13P3,0.0
DCAF15,0.0
DCAF16,0.0
DCAF17,2.4632091231373323
DCAF4,0.0
DCAF4L1,0.0
DCAF4L2,0.0
DCAF5,0.0
DCAF6,0.0
DCAF7,2.1305330951471686
DCAF8,0.253644744093139
DCAF8,0.0
DCAF8L1,0.0
DCAF8L2,0.0
DCAKD,1.2060714458283772
DCBLD1,0.0
DCBLD2,1.0829908296976
DCC,0.0
DCD,0.0
DCDC1,0.0
DCDC2,0.0
DCDC2B,0.0
DCDC2C,0.0
DCHS1,0.8164310788769841
DCHS2,1.2269946489498065
DCK,0.0
DCLK1,0.5288907918624668
DCLK2,2.3769172715811697
DCLK3,0.0
DCLRE1A,0.0
DCLRE1B,0.0
DCLRE1C,1.1609342125054871
DCLRE1CP1,0.0
DCN,0.0
DCP1A,0.0
DCP1B,1.73358907889706
DCP2,2.3607082067918363
DCPS,0.0
DCST1,0.0
DCST2,0.0
DCSTAMP,0.0
DCT,0.0
DCTD,0.5288907918624668
DCTN1,0.0
DCTN1-AS1,0.0
DCTN2,1.917539173272604
DCTN3,0.0
DCTN4,0.6960356275201428
DCTN5,1.2060714458283772
DCTN6,2.076264058037105
DCTPP1,0.0
DCUN1D1,2.0273675268345333
DCUN1D2,0.4127178969233909
DCUN1D2-AS,0.0
DCUN1D3,0.0
DCUN1D4,1.7583205369987196
DCUN1D5,2.19003355152204
DCX,0.9879310210915638
DCXR,1.1364750726028654
DDA1,0.0
DDAH1,3.0311211546596595
DDAH2,0.0
DDAH2,0.0
DDAH2,0.0
DDAH2,0.0
DDAH2,0.0
DDAH2,0.0
DDAH2,0.0
DDB1,0.866058549240148
DDB2,1.3187237340792874
DDC,0.0
DDC8,0.0
DDHD1,0.0
DDHD2,2.0041129115992096
DDI1,0.0
DDI2,0.0
DDIT3,2.716495246098536
DDIT4,2.3725562736934447
DDIT4L,0.0
DDN,0.0
DDO,1.3349544931480026
DDOST,2.64625589413827
DDR1,0.0
DDR1,0.0
DDR1,0.0
DDR1,0.0
DDR1,0.0
DDR1,0.0
DDR1,0.0
DDR1-AS1,0.0
DDR1-AS1,0.0
DDR1-AS1,0.0
DDR1-AS1,0.0
DDR1-AS1,0.0
DDR1-AS1,0.0
DDR2,1.5739182395996751
DDRGK1,0.0
DDT,1.0535570409588524
DDTL,0.4127178969233909
DDTP1,0.0
DDX1,1.380296600302216
DDX10,0.0
DDX10P1,0.253644744093139
DDX10P2,0.0
DDX11,0.0
DDX11-AS1,0.0
DDX11L1,0.0
DDX11L10,0.0
DDX11L16,0.0
DDX11L16,0.0
DDX11L2,0.0
DDX11L5,0.0
DDX11L8,0.0
DDX11L8,0.0
DDX11L8,0.0
DDX11L9,0.0
DDX12P,0.0
DDX17,2.813899901426036
DDX18,1.365702298095103
DDX18P1,0.0
DDX18P5,0.0
DDX18P6,0.0
DDX19A,0.866058549240148
DDX19B,0.0
DDX20,0.5288907918624668
DDX21,0.5288907918624668
DDX23,0.0
DDX24,1.8198585011625843
DDX25,0.5288907918624668
DDX26B,0.0
DDX26B,0.0
DDX26B-AS1,0.0
DDX26B-AS1,0.0
DDX27,0.0
DDX28,0.0
DDX31,0.0
DDX39A,0.0
DDX39AP1,0.0
DDX39B,0.0
DDX39B,0.0
DDX39B,0.0
DDX39B,0.0
DDX39B,0.0
DDX39B,0.0
DDX39B,0.0
DDX39B,0.0
DDX39B-AS1,0.0
DDX39B-AS1,0.0
DDX39B-AS1,0.0
DDX39B-AS1,0.0
DDX39B-AS1,0.0
DDX39B-AS1,0.0
DDX39B-AS1,0.0
DDX39BP1,0.0
DDX39BP1,0.0
DDX39BP1,0.0
DDX39BP1,0.0
DDX39BP1,0.0
DDX39BP1,0.0
DDX39BP1,0.0
DDX39BP1,0.0
DDX39BP1,0.0
DDX39BP2,0.0
DDX39BP2,0.0
DDX39BP2,0.0
DDX39BP2,0.0
DDX39BP2,0.0
DDX39BP2,0.0
DDX39BP2,0.0
DDX39BP2,0.0
DDX3X,3.2919858362830827
DDX3Y,1.7984763234491472
DDX3YP1,0.5288907918624668
DDX3YP2,0.0
DDX3YP3,0.0
DDX4,0.0
DDX41,0.0
DDX42,1.945760348159504
DDX43,0.0
DDX46,1.896195851746716
DDX47,0.0
DDX49,0.0
DDX5,0.4127178969233909
DDX5,0.0
DDX50,2.301268350872496
DDX50P1,0.0
DDX50P2,0.0
DDX51,0.0
DDX52,1.6496233519400156
DDX53,0.0
DDX54,0.0
DDX55,0.0
DDX56,1.964851508604246
DDX58,0.7603920768618123
DDX59,0.0
DDX6,1.9418393023284208
DDX60,0.253644744093139
DDX60L,0.0
DDX6P1,0.0
DDX6P1,0.0
DDX6P1,0.0
DDX6P1,0.0
DDX6P1,0.0
DDX6P1,0.0
DDX6P2,0.0
DEAF1,0.0
DEC1,0.0
DECR1,1.9610998250314529
DECR2,0.9879310210915638
DEDD,0.8164310788769841
DEDD2,0.0
DEF6,0.0
DEF8,0.0
DEFA1,0.0
DEFA10P,0.0
DEFA11P,0.0
DEFA1B,0.0
DEFA3,0.0
DEFA4,0.0
DEFA5,0.0
DEFA6,0.0
DEFA7P,0.0
DEFA8P,0.0
DEFA9P,0.0
DEFB1,0.0
DEFB103A,0.0
DEFB103B,0.0
DEFB104A,0.0
DEFB104B,0.0
DEFB105A,0.0
DEFB105B,0.0
DEFB106A,0.0
DEFB106B,0.0
DEFB107A,0.0
DEFB107B,0.0
DEFB108B,0.0
DEFB108P1,0.0
DEFB108P2,0.0
DEFB108P3,0.0
DEFB108P4,0.0
DEFB109,0.0
DEFB109P1,0.0
DEFB109P1B,0.0
DEFB109P3,0.0
DEFB110,0.0
DEFB112,0.0
DEFB113,0.0
DEFB114,0.0
DEFB115,0.0
DEFB116,0.0
DEFB117,0.0
DEFB118,0.0
DEFB119,0.0
DEFB121,0.0
DEFB122,0.0
DEFB123,0.0
DEFB124,0.0
DEFB125,0.0
DEFB126,0.0
DEFB127,0.0
DEFB128,0.0
DEFB129,0.0
DEFB130,0.0
DEFB130,0.0
DEFB131,0.0
DEFB132,0.0
DEFB133,0.0
DEFB134,0.0
DEFB135,0.0
DEFB136,0.0
DEFB4A,0.0
DEFB4B,0.0
DEFT1P,0.0
DEFT1P2,0.0
DEGS1,1.525354679322857
DEGS2,0.0
DEK,1.535511556564225
DENND1A,2.6600378429435683
DENND1B,1.6092026860167012
DENND1C,0.0
DENND2A,1.0829908296976
DENND2C,0.0
DENND2D,0.0
DENND3,0.0
DENND4A,0.9879310210915638
DENND4B,0.0
DENND4C,0.4127178969233909
DENND5A,0.4127178969233909
DENND5B,1.3349544931480026
DENND5B-AS1,0.5288907918624668
DENND6A,0.0
DENND6B,0.0
DENR,0.5288907918624668
DEPDC1,0.0
DEPDC1B,0.0
DEPDC4,0.0
DEPDC5,1.434214011430753
DEPDC7,0.0
DEPTOR,0.253644744093139
DERA,1.2060714458283772
DERL1,0.0
DERL2,0.8164310788769841
DERL3,0.0
DES,0.0
DESI1,2.122812586493364
DESI2,0.0
DET1,0.0
DEXI,0.0
DFFA,1.9133535980403211
DFFB,0.0
DFNA5,0.0
DFNB31,0.0
DFNB59,1.6721850324842915
DGAT1,0.0
DGAT1,0.0
DGAT2,0.0
DGAT2L6,0.0
DGAT2L7P,0.0
DGCR10,0.0
DGCR11,0.0
DGCR14,0.0
DGCR2,0.0
DGCR5,0.5288907918624668
DGCR6,1.2269946489498065
DGCR6L,0.253644744093139
DGCR8,0.0
DGCR9,1.0219824427879696
DGKA,0.0
DGKB,0.6960356275201428
DGKD,0.0
DGKE,1.9133535980403211
DGKG,0.4127178969233909
DGKH,0.253644744093139
DGKI,0.0
DGKK,0.0
DGKK,0.0
DGKQ,0.0
DGKZ,0.0
DGKZP1,0.0
DGUOK,0.0
DGUOK-AS1,0.0
DHCR24,0.0
DHCR7,2.12797481183765
DHDDS,0.0
DHDH,0.0
DHFR,0.0
DHFRL1,0.0
DHFRP1,0.0
DHFRP2,0.0
DHFRP2,0.0
DHFRP2,0.0
DHFRP2,0.0
DHFRP2,0.0
DHH,0.0
DHODH,0.0
DHPS,0.0
DHRS1,0.0
DHRS11,0.0
DHRS11,0.0
DHRS12,0.0
DHRS13,0.0
DHRS2,0.0
DHRS3,2.5039264164968915
DHRS4,0.0
DHRS4-AS1,0.6204550963106681
DHRS4-AS1,0.0
DHRS4L2,0.253644744093139
DHRS7,0.253644744093139
DHRS7B,0.0
DHRS7C,0.0
DHRS9,0.0
DHRSX,0.0
DHRSX,0.0
DHRSX-IT1,0.0
DHRSX-IT1,0.0
DHTKD1,2.8694218440458714
DHX15,0.0
DHX16,0.0
DHX16,0.0
DHX16,0.0
DHX16,0.0
DHX16,0.0
DHX16,0.0
DHX16,0.0
DHX16,0.0
DHX29,1.60064667142076
DHX30,1.8691171639943336
DHX32,1.7873770459247007
DHX33,0.0
DHX34,0.0
DHX35,0.0
DHX36,0.0
DHX37,0.0
DHX38,0.0
DHX40,0.5288907918624668
DHX40P1,0.0
DHX57,2.375468465871766
DHX58,0.0
DHX58,0.0
DHX8,0.253644744093139
DHX9,1.266040025979822
DHX9P1,0.0
DIABLO,0.0
DIAPH1,1.6721850324842915
DIAPH2,2.6645363193456992
DIAPH2-AS1,0.0
DIAPH3,0.9509808635159877
DIAPH3-AS1,0.0
DIAPH3-AS2,0.0
DICER1,1.266040025979822
DICER1-AS1,1.1364750726028654
DIDO1,0.0
DIEXF,0.0
DIMT1,0.6960356275201428
DIO1,0.0
DIO2,2.6799238772047618
DIO2-AS1,0.0
DIO3,0.0
DIO3OS,0.0
DIP2A,0.7603920768618123
DIP2A-IT1,0.0
DIP2B,1.6092026860167012
DIP2C,1.1609342125054871
DIRAS1,0.0
DIRAS2,0.0
DIRAS3,0.0
DIRC1,0.0
DIRC2,1.4933759616707991
DIRC3,0.0
DIS3,1.7984763234491472
DIS3L,1.686600231622561
DIS3L2,0.0
DIS3L2P1,0.0
DISC1,0.0
DISC1-IT1,0.0
DISC1FP1,0.0
DISP1,0.0
DISP2,0.0
DIXDC1,0.0
DIXDC1,0.0
DKC1,0.0
DKC1,0.0
DKFZP434A062,0.0
DKFZP434E1119,0.0
DKFZP434H0512,0.0
DKFZP434O1614,0.0
DKFZP547L112,0.0
DKFZP667F0711,0.0
DKFZP761J1410,1.3187237340792874
DKFZP779J2370,0.0
DKFZP779L1853,0.0
DKK1,0.0
DKK2,0.7603920768618123
DKK3,2.140618140014368
DKK4,0.0
DKKL1,0.0
DKKL1P1,0.0
DLAT,0.0
DLAT,0.0
DLC1,2.043247203864058
DLD,2.2691181792527324
DLEC1,0.0
DLEC1P1,0.0
DLEU1,0.0
DLEU2,0.0
DLEU2L,0.0
DLEU7,0.253644744093139
DLEU7-AS1,0.0
DLG1,1.5551393200304595
DLG1-AS1,0.0
DLG2,2.033789239579625
DLG3,1.7701774257562413
DLG3-AS1,0.0
DLG4,0.0
DLG5,1.8092989910424864
DLG5-AS1,0.0
DLGAP1,0.0
DLGAP1-AS1,1.2469559880685197
DLGAP1-AS2,1.7140700431083098
DLGAP1-AS3,0.0
DLGAP1-AS4,0.0
DLGAP1-AS5,0.0
DLGAP2,0.0
DLGAP3,0.0
DLGAP4,0.6204550963106681
DLGAP5,0.0
DLGAP5P1,0.0
DLK1,0.0
DLK2,0.0
DLL1,0.0
DLL3,0.0
DLL4,0.0
DLST,0.9509808635159877
DLX1,0.6960356275201428
DLX2,0.0
DLX3,0.0
DLX4,0.0
DLX5,0.0
DLX6,0.4127178969233909
DLX6-AS1,2.359204210403834
DLX6-AS2,0.0
DMAP1,0.0
DMBT1,0.0
DMBX1,0.0
DMC1,0.0
DMD,2.7646772639368127
DMD-AS3,0.0
DMGDH,0.0
DMKN,0.0
DMP1,0.0
DMPK,0.6960356275201428
DMRT1,0.0
DMRT2,0.0
DMRT3,0.0
DMRTA1,1.591918701844707
DMRTA2,0.0
DMRTB1,0.0
DMRTC1,0.0
DMRTC1,0.0
DMRTC1B,0.0
DMRTC1B,0.0
DMRTC2,0.0
DMRTC2,0.0
DMTF1,2.6020739532771247
DMTN,0.0
DMWD,0.0
DMXL1,2.27647115873368
DMXL2,2.976518016248768
DNA2,0.0
DNAAF1,0.0
DNAAF2,0.253644744093139
DNAAF3,0.0
DNAH1,0.0
DNAH10,0.0
DNAH10OS,0.0
DNAH11,0.0
DNAH12,0.253644744093139
DNAH14,0.866058549240148
DNAH17,0.0
DNAH17-AS1,0.0
DNAH2,1.9795423135776309
DNAH3,0.0
DNAH5,2.12020827975257
DNAH6,0.0
DNAH7,2.164851414502081
DNAH8,0.0
DNAH9,1.7522684493138374
DNAI1,0.0
DNAI2,0.0
DNAJA1,2.5745192676552264
DNAJA1P1,0.0
DNAJA1P2,0.0
DNAJA1P3,0.0
DNAJA1P4,0.0
DNAJA1P5,0.0
DNAJA1P6,0.0
DNAJA2,2.3181519762410705
DNAJA3,0.0
DNAJA4,2.0704446931415355
DNAJB1,1.964851508604246
DNAJB11,2.040117379352544
DNAJB12,0.0
DNAJB13,0.0
DNAJB14,2.1988403652486808
DNAJB1P1,0.0
DNAJB2,1.686600231622561
DNAJB3,0.0
DNAJB4,0.253644744093139
DNAJB5,1.434214011430753
DNAJB6,1.9573154496595009
DNAJB7,0.0
DNAJB8,0.0
DNAJB8-AS1,0.0
DNAJB9,2.343870641983304
DNAJC1,0.5288907918624668
DNAJC10,1.1105557679530071
DNAJC11,0.0
DNAJC12,0.9509808635159877
DNAJC13,1.3018627585701523
DNAJC14,0.0
DNAJC15,1.4933759616707991
DNAJC16,1.60064667142076
DNAJC17,1.4213491305518202
DNAJC18,0.253644744093139
DNAJC19,1.4821708087520635
DNAJC19P1,0.0
DNAJC19P2,0.0
DNAJC19P2,0.0
DNAJC19P3,0.0
DNAJC19P3,0.0
DNAJC19P4,0.0
DNAJC19P5,0.0
DNAJC19P6,0.0
DNAJC19P7,0.0
DNAJC19P8,0.0
DNAJC19P9,0.0
DNAJC2,0.0
DNAJC21,0.0
DNAJC22,0.0
DNAJC24,0.5288907918624668
DNAJC25,0.0
DNAJC25-GNG10,0.0
DNAJC27,2.549007463289132
DNAJC27-AS1,0.0
DNAJC28,0.0
DNAJC28,0.0
DNAJC3,2.8609636801125413
DNAJC3-AS1,0.253644744093139
DNAJC30,0.0
DNAJC30,0.0
DNAJC4,0.0
DNAJC5,0.0
DNAJC5B,0.0
DNAJC5G,0.0
DNAJC6,1.5454363124656982
DNAJC7,0.0
DNAJC7,0.0
DNAJC8,2.5371693466481826
DNAJC8P1,0.0
DNAJC9,0.0
DNAJC9-AS1,0.253644744093139
DNAL1,0.0
DNAL4,1.3018627585701523
DNALI1,0.0
DNASE1,0.8164310788769841
DNASE1L1,0.0
DNASE1L1,0.0
DNASE1L2,0.0
DNASE1L3,0.0
DNASE2,0.4127178969233909
DNASE2B,0.0
DND1,0.0
DND1P1,0.0
DNER,2.6554922826355374
DNHD1,0.0
DNLZ,0.0
DNM1,0.253644744093139
DNM1L,2.7224107179083084
DNM1P17,0.0
DNM1P24,0.0
DNM1P28,0.0
DNM1P30,0.0
DNM1P31,0.0
DNM1P32,0.0
DNM1P33,0.0
DNM1P34,0.0
DNM1P35,0.0
DNM1P38,0.0
DNM1P42,0.0
DNM1P46,0.0
DNM1P47,0.0
DNM1P48,0.0
DNM1P49,0.0
DNM1P50,0.0
DNM1P51,0.0
DNM2,0.0
DNM3,0.253644744093139
DNM3-IT1,0.0
DNM3OS,0.0
DNMBP,0.0
DNMBP-AS1,0.0
DNMT1,1.4213491305518202
DNMT3A,2.438821998606407
DNMT3B,0.0
DNMT3L,0.0
DNPEP,0.0
DNPH1,0.0
DNTT,0.0
DNTTIP1,0.0
DNTTIP2,2.435042878761032
DOC2A,0.0
DOC2B,0.0
DOC2B,0.0
DOC2B,0.0
DOC2GP,0.0
DOCK1,0.0
DOCK10,1.9298591741236093
DOCK11,0.0
DOCK2,0.0
DOCK3,1.3187237340792874
DOCK4,1.900549254498717
DOCK4-AS1,0.0
DOCK5,2.848936066296929
DOCK6,0.0
DOCK7,2.6954799782416377
DOCK8,0.0
DOCK9,0.9879310210915638
DOCK9-AS1,0.0
DOCK9-AS2,0.0
DOHH,0.0
DOK1,0.0
DOK2,0.0
DOK3,0.0
DOK4,0.0
DOK5,1.0219824427879696
DOK6,0.0
DOK7,0.0
DOLK,1.0829908296976
DOLPP1,0.0
DONSON,2.263520576304028
DOPEY1,2.169539930830927
DOPEY2,0.0
DOT1L,0.0
DPAGT1,0.0
DPCD,0.0
DPCR1,0.0
DPCR1,0.0
DPCR1,0.0
DPCR1,0.0
DPCR1,0.0
DPEP1,0.0
DPEP2,0.0
DPEP3,0.0
DPF1,0.0
DPF2,0.0
DPF3,1.9759159375793864
DPH1,0.0
DPH2,0.0
DPH3,0.0
DPH3P1,0.0
DPH3P2,0.0
DPH3P2,0.0
DPH5,0.0
DPH6,2.164851414502081
DPH6-AS1,0.0
DPH7,0.0
DPM1,0.0
DPM2,1.1840889676042927
DPM3,0.0
DPP10,2.798834797695532
DPP3,0.0
DPP4,1.85007876288628
DPP6,1.77598664737081
DPP7,1.9759159375793864
DPP8,2.5808958766241687
DPP9,0.0
DPPA2,0.0
DPPA2P1,0.0
DPPA2P2,0.0
DPPA2P3,0.0
DPPA2P4,0.0
DPPA3,0.0
DPPA3P1,0.0
DPPA3P1,0.0
DPPA3P2,0.0
DPPA3P3,0.0
DPPA4,0.0
DPPA5,0.0
DPPA5P1,0.0
DPPA5P2,0.0
DPRX,0.0
DPRXP1,0.0
DPRXP2,0.0
DPRXP4,0.0
DPRXP5,0.0
DPRXP6,0.0
DPRXP7,0.0
DPT,0.0
DPY19L1,1.76428944396994
DPY19L1P1,0.0
DPY19L1P2,0.0
DPY19L2,1.2469559880685197
DPY19L2P1,0.0
DPY19L2P2,0.0
DPY19L2P4,0.253644744093139
DPY19L3,1.3187237340792874
DPY19L4,0.4127178969233909
DPY30,0.5288907918624668
DPYD,0.0
DPYD-AS1,0.0
DPYD-AS2,0.0
DPYD-IT1,0.0
DPYS,0.0
DPYSL2,3.798213209468763
DPYSL3,1.0219824427879696
DPYSL4,0.5288907918624668
DPYSL5,0.0
DQ-A1,0.0
DQX1,0.0
DR1,1.1609342125054871
DRAM1,0.0
DRAM2,1.76428944396994
DRAP1,0.0
DRAXIN,0.0
DRAXINP1,0.0
DRB4,0.0
DRB4,0.0
DRC1,0.0
DRD1,0.0
DRD2,0.0
DRD3,0.0
DRD4,0.0
DRD5,0.0
DRD5P1,0.0
DRD5P2,0.0
DRD5P2,0.0
DRG1,0.0
DRG2,0.0
DRGX,0.0
DROSHA,1.3018627585701523
DRP2,0.0
DSC1,2.076264058037105
DSC2,0.0
DSC3,0.0
DSCAM,0.253644744093139
DSCAM-AS1,0.0
DSCAM-IT1,0.0
DSCAML1,0.0
DSCC1,0.0
DSCR10,0.0
DSCR3,0.253644744093139
DSCR4,0.0
DSCR4-IT1,0.0
DSCR8,0.0
DSCR9,0.0
DSE,2.2801014847530814
DSEL,0.0
DSEL,0.0
DSG1,0.0
DSG2,0.0
DSG3,0.0
DSG4,0.0
DSN1,0.0
DSP,0.0
DSPP,0.0
DST,3.7622215290407577
DSTN,1.6418345900426288
DSTNP1,0.0
DSTNP2,0.0
DSTNP2,0.0
DSTNP4,0.0
DSTNP5,0.0
DSTYK,1.825043511578913
DTD1,0.0
DTD2,0.0
DTHD1,0.0
DTL,0.0
DTNA,3.223343202406157
DTNB,0.0
DTNBP1,0.0
DTWD1,0.0
DTWD2,1.365702298095103
DTX1,2.507153302439437
DTX2,0.0
DTX2P1,0.0
DTX2P1-UPK3BP1-PMS2P11,0.0
DTX3,0.0
DTX3L,0.0
DTX4,0.0
DTYMK,0.6204550963106681
DUOX1,0.0
DUOX2,0.0
DUOXA1,0.0
DUOXA2,0.0
DUPD1,0.0
DUS1L,1.1840889676042927
DUS2,0.0
DUS3L,0.0
DUS4L,1.2060714458283772
DUSP1,1.8691171639943336
DUSP10,0.0
DUSP11,0.866058549240148
DUSP12,2.226288317599943
DUSP13,0.0
DUSP14,0.0
DUSP15,0.0
DUSP16,0.9879310210915638
DUSP18,0.0
DUSP19,0.6204550963106681
DUSP2,0.0
DUSP21,0.0
DUSP22,0.253644744093139
DUSP23,0.0
DUSP26,0.0
DUSP27,0.0
DUSP28,0.0
DUSP3,1.408091496025075
DUSP4,0.6204550963106681
DUSP5,0.0
DUSP5P1,0.0
DUSP5P2,0.0
DUSP6,0.0
DUSP7,0.0
DUSP8,0.0
DUSP8P1,0.0
DUSP8P1,0.0
DUSP8P2,0.0
DUSP8P2,0.0
DUSP8P3,0.0
DUSP8P4,0.0
DUSP8P5,0.0
DUSP9,0.0
DUSP9,0.0
DUT,0.0
DUTP1,0.0
DUTP2,0.0
DUTP3,0.866058549240148
DUTP4,0.0
DUTP4,0.0
DUTP5,0.0
DUTP6,0.0
DUTP7,0.0
DUTP8,0.0
DUX4,0.0
DUX4,0.0
DUX4L10,0.0
DUX4L11,0.0
DUX4L12,0.0
DUX4L13,0.0
DUX4L14,0.0
DUX4L15,0.0
DUX4L16,0.0
DUX4L17,0.0
DUX4L18,0.0
DUX4L19,0.0
DUX4L2,0.0
DUX4L2,0.0
DUX4L3,0.0
DUX4L3,0.0
DUX4L4,0.0
DUX4L4,0.0
DUX4L5,0.0
DUX4L5,0.0
DUX4L6,0.0
DUX4L6,0.0
DUX4L7,0.0
DUX4L7,0.0
DUX4L7,0.0
DUX4L8,0.0
DUX4L9,0.0
DUXA,0.0
DUXAP1,0.0
DUXAP10,0.0
DUXAP2,0.0
DUXAP3,0.0
DUXAP4,0.0
DUXAP5,0.0
DUXAP6,0.0
DUXAP7,0.0
DUXAP8,0.0
DVL1,0.0
DVL2,0.0
DVL3,0.0
DXO,0.0
DXO,0.0
DXO,0.0
DXO,0.0
DXO,0.0
DXO,0.0
DYDC1,0.0
DYDC2,0.0
DYM,0.0
DYNAP,0.0
DYNC1H1,2.024120707748976
DYNC1I1,0.0
DYNC1I2,2.049439987961752
DYNC1I2P1,0.4127178969233909
DYNC1LI1,2.6189661368896244
DYNC1LI2,0.0
DYNC2H1,2.938142608796885
DYNC2LI1,2.6156398542194985
DYNLL1,2.2819053309240016
DYNLL1-AS1,1.591918701844707
DYNLL1P1,0.0
DYNLL2,0.9105921305334987
DYNLRB1,1.3349544931480026
DYNLRB2,0.0
DYNLT1,1.0829908296976
DYNLT3,0.253644744093139
DYNLT3P1,0.0
DYNLT3P2,0.0
DYRK1A,0.5288907918624668
DYRK1B,0.0
DYRK2,2.707805866481734
DYRK3,0.0
DYRK3,0.0
DYRK4,1.8451858371752416
DYSF,0.0
DYTN,0.0
DYX1C1,0.0
DYX1C1-CCPG1,0.0
DZANK1,0.0
DZIP1,1.380296600302216
DZIP1L,0.0
DZIP3,2.2053302224190743
E2F1,0.0
E2F2,0.0
E2F3,0.0
E2F3-IT1,0.0
E2F4,1.1105557679530071
E2F4P1,0.0
E2F5,0.0
E2F6,0.0
E2F7,0.0
E2F8,0.0
E4F1,0.0
EAF1,2.5661807462002506
EAF1-AS1,0.0
EAF2,1.2469559880685197
EAPP,0.0
EARS2,0.0
EBAG9,0.0
EBAG9P1,0.0
EBF1,0.0
EBF2,0.0
EBF3,0.0
EBF4,0.0
EBI3,0.0
EBLN1,0.0
EBLN2,0.0
EBNA1BP2,0.0
EBP,0.0
EBP,0.0
EBPL,0.0
ECD,2.3148273525931726
ECE1,1.6794524383704983
ECE2,1.8691171639943336
ECEL1,0.0
ECEL1P2,0.0
ECEL1P3,0.0
ECH1,2.272810230341481
ECHDC1,0.253644744093139
ECHDC2,0.8164310788769841
ECHDC3,0.0
ECHS1,2.114952341510742
ECI1,0.0
ECI2,0.0
ECM1,0.0
ECM2,0.0
ECSCR,0.0
ECSIT,2.1601117294155574
ECT2,0.0
ECT2L,0.0
EDA,0.0
EDA2R,0.0
EDAR,0.0
EDARADD,0.0
EDC3,2.549007463289132
EDC4,0.0
EDDM3A,0.0
EDDM3B,0.0
EDEM1,0.0
EDEM2,0.0
EDEM3,2.017553329078163
EDF1,1.535511556564225
EDIL3,2.1042457017450573
EDN1,0.0
EDN2,0.0
EDN3,0.0
EDNRA,0.0
EDNRB,2.8982275735355816
EDNRB-AS1,0.0
EEA1,1.7929621417944026
EED,1.3018627585701523
EEF1A1,2.9008326693236524
EEF1A1P1,0.0
EEF1A1P10,0.0
EEF1A1P11,0.253644744093139
EEF1A1P12,0.253644744093139
EEF1A1P13,0.4127178969233909
EEF1A1P14,0.0
EEF1A1P15,0.0
EEF1A1P16,0.0
EEF1A1P17,0.0
EEF1A1P19,0.0
EEF1A1P20,0.0
EEF1A1P21,0.0
EEF1A1P22,0.0
EEF1A1P24,0.0
EEF1A1P25,0.0
EEF1A1P26,0.0
EEF1A1P27,0.0
EEF1A1P28,0.0
EEF1A1P29,0.0
EEF1A1P3,0.0
EEF1A1P30,0.0
EEF1A1P30,0.0
EEF1A1P31,0.0
EEF1A1P31,0.0
EEF1A1P32,0.0
EEF1A1P33,0.0
EEF1A1P34,0.0
EEF1A1P36,0.0
EEF1A1P37,0.0
EEF1A1P38,0.0
EEF1A1P39,0.0
EEF1A1P4,0.253644744093139
EEF1A1P40,0.0
EEF1A1P41,0.0
EEF1A1P42,0.0
EEF1A1P5,1.408091496025075
EEF1A1P6,0.6960356275201428
EEF1A1P7,0.0
EEF1A1P8,0.0
EEF1A1P9,0.253644744093139
EEF1A2,0.253644744093139
EEF1B2,0.0
EEF1B2P1,0.0
EEF1B2P2,0.0
EEF1B2P3,0.0
EEF1B2P4,0.0
EEF1B2P5,0.0
EEF1D,0.0
EEF1DP1,0.0
EEF1DP2,0.0
EEF1DP3,0.0
EEF1DP5,0.0
EEF1E1,0.0
EEF1E1-BLOC1S5,0.0
EEF1G,0.0
EEF1GP1,0.0
EEF1GP2,0.0
EEF1GP3,0.0
EEF1GP4,0.0
EEF1GP5,0.0
EEF1GP5,0.0
EEF1GP6,0.0
EEF1GP7,0.0
EEF1GP8,0.0
EEF2,0.4127178969233909
EEF2K,0.0
EEFSEC,0.9509808635159877
EEPD1,0.0
EFCAB1,0.253644744093139
EFCAB10,0.0
EFCAB11,1.2060714458283772
EFCAB12,0.0
EFCAB13,0.0
EFCAB14,0.0
EFCAB14-AS1,0.0
EFCAB14P1,0.0
EFCAB2,0.0
EFCAB3,0.0
EFCAB4A,0.0
EFCAB4B,0.0
EFCAB5,0.0
EFCAB6,0.0
EFCAB6-AS1,0.0
EFCAB7,0.0
EFCAB8,0.0
EFCAB9,0.0
EFCC1,0.0
EFEMP1,2.728246697346292
EFEMP2,1.1364750726028654
EFHB,0.0
EFHC1,0.0
EFHC2,0.0
EFHD1,1.5830117235334478
EFHD2,0.0
EFNA1,0.4127178969233909
EFNA2,0.0
EFNA3,0.0
EFNA3,0.0
EFNA4,0.0
EFNA5,0.0
EFNB1,0.0
EFNB2,1.896195851746716
EFNB3,0.253644744093139
EFR3A,0.0
EFR3B,0.0
EFS,0.0
EFTUD1,0.0
EFTUD1P1,0.253644744093139
EFTUD1P2,0.0
EFTUD2,1.878332270313977
EGF,0.0
EGFEM1P,0.0
EGFL6,0.0
EGFL7,0.0
EGFL8,0.0
EGFL8,0.0
EGFL8,0.0
EGFL8,0.0
EGFL8,0.0
EGFL8,0.0
EGFL8,0.0
EGFL8,0.0
EGFLAM,0.0
EGFLAM-AS1,0.0
EGFLAM-AS2,0.0
EGFLAM-AS3,0.0
EGFLAM-AS4,0.0
EGFR,1.9133535980403211
EGFR-AS1,0.0
EGLN1,1.76428944396994
EGLN1P1,0.0
EGLN2,0.0
EGLN3,0.0
EGLN3-AS1,0.0
EGOT,0.0
EGR1,3.230898966350861
EGR2,0.0
EGR3,0.0
EGR4,0.0
EHBP1,1.7005522897870602
EHBP1L1,0.0
EHD1,0.0
EHD2,0.0
EHD3,0.0
EHD4,0.0
EHF,0.0
EHHADH,2.5260267621046246
EHHADH-AS1,0.0
EHMT1,0.0
EHMT2,0.0
EHMT2,0.0
EHMT2,0.0
EHMT2,0.0
EHMT2,0.0
EHMT2,0.0
EHMT2,0.0
EHMT2-AS1,0.0
EI24,0.0
EI24P1,0.0
EI24P2,0.0
EI24P3,0.0
EI24P4,0.0
EID1,1.6572748854262789
EID2,0.0
EID2B,0.0
EID3,1.5739182395996751
EIF1,2.7452983533352886
EIF1AD,0.0
EIF1AX,1.365702298095103
EIF1AX-AS1,0.0
EIF1AXP1,0.0
EIF1AXP2,0.0
EIF1AY,0.0
EIF1B,1.9534978077301333
EIF2A,1.2843206418841475
EIF2AK1,0.866058549240148
EIF2AK2,2.799381933108056
EIF2AK3,1.2269946489498065
EIF2AK4,2.528074066402539
EIF2AP4,0.0
EIF2B1,0.0
EIF2B2,0.0
EIF2B3,1.9378825323901545
EIF2B4,2.5924953441197838
EIF2B5,0.0
EIF2B5-AS1,0.0
EIF2B5-IT1,0.0
EIF2D,0.0
EIF2D,0.0
EIF2S1,1.0219824427879696
EIF2S2,0.7603920768618123
EIF2S2P2,0.0
EIF2S2P3,0.0
EIF2S2P4,0.0
EIF2S2P5,0.0
EIF2S3,2.7459172175869795
EIF2S3L,0.0
EIF3A,2.169539930830927
EIF3B,0.0
EIF3C,0.4127178969233909
EIF3CL,0.5288907918624668
EIF3D,0.0
EIF3E,0.0
EIF3EP1,0.0
EIF3EP2,0.0
EIF3F,0.4127178969233909
EIF3FP1,0.0
EIF3FP3,0.0
EIF3G,0.0
EIF3H,1.266040025979822
EIF3I,1.2843206418841475
EIF3IP1,0.0
EIF3J,2.164851414502081
EIF3J-AS1,0.0
EIF3K,1.1105557679530071
EIF3KP1,0.0
EIF3KP2,0.0
EIF3KP3,0.0
EIF3L,1.1364750726028654
EIF3LP1,0.0
EIF3LP2,0.253644744093139
EIF3LP3,0.0
EIF3M,2.4129835527420447
EIF4A1,0.0
EIF4A1P1,0.0
EIF4A1P10,0.0
EIF4A1P11,0.0
EIF4A1P12,0.0
EIF4A1P13,0.0
EIF4A1P2,0.0
EIF4A1P3,0.0
EIF4A1P5,0.0
EIF4A1P6,0.0
EIF4A1P7,0.0
EIF4A1P8,0.0
EIF4A1P9,0.0
EIF4A2,2.246281411471585
EIF4A2P2,0.0
EIF4A2P3,0.0
EIF4A2P4,0.0
EIF4A2P4,0.0
EIF4A2P5,0.0
EIF4A3,1.664793942489872
EIF4B,2.297811408112942
EIF4BP2,0.0
EIF4BP3,0.0
EIF4BP4,0.0
EIF4BP5,0.0
EIF4BP6,0.0
EIF4BP7,0.0
EIF4BP8,0.0
EIF4BP9,0.0
EIF4E,2.321451342363825
EIF4E1B,0.0
EIF4E2,0.9105921305334987
EIF4E2P1,0.0
EIF4E3,0.0
EIF4EBP1,1.1364750726028654
EIF4EBP1P1,0.0
EIF4EBP1P2,0.0
EIF4EBP2,1.380296600302216
EIF4EBP2P,0.0
EIF4EBP3,0.0
EIF4ENIF1,0.0
EIF4G1,0.253644744093139
EIF4G2,2.4806408470993877
EIF4G3,0.5288907918624668
EIF4H,0.0
EIF4H,0.0
EIF4HP1,0.0
EIF4HP2,0.0
EIF5,1.8691171639943336
EIF5A,0.5288907918624668
EIF5A2,2.3181519762410705
EIF5AL1,0.0
EIF5AP2,0.253644744093139
EIF5AP3,0.0
EIF5AP4,0.0
EIF5B,1.1105557679530071
EIF6,0.253644744093139
ELAC1,0.0
ELAC2,0.0
ELANE,0.0
ELAVL1,1.0219824427879696
ELAVL2,2.052503577203945
ELAVL3,0.4127178969233909
ELAVL4,0.0
ELF1,0.0
ELF2,1.917539173272604
ELF3,0.0
ELF4,0.0
ELF5,0.0
ELFN1,0.0
ELFN2,0.0
ELK1,0.0
ELK1P1,0.0
ELK2AP,0.0
ELK2AP,0.0
ELK2BP,0.0
ELK2BP,0.0
ELK3,0.253644744093139
ELK4,0.8164310788769841
ELL,0.0
ELL2,0.0
ELL2P1,0.0
ELL2P2,0.0
ELL2P3,0.0
ELL2P4,0.0
ELL2P4,0.0
ELL3,0.0
ELMO1,0.0
ELMO1-AS1,0.0
ELMO2,2.6689886772612006
ELMO2P1,0.0
ELMO3,0.0
ELMOD1,0.0
ELMOD2,0.0
ELMOD3,2.443810208500159
ELMSAN1,2.385510052189798
ELN,0.0
ELN,0.0
ELOF1,0.0
ELOVL1,0.0
ELOVL2,1.6794524383704983
ELOVL2-AS1,0.0
ELOVL3,0.0
ELOVL4,1.7271797157291466
ELOVL5,2.5633652775155653
ELOVL6,1.9831386597707368
ELOVL7,0.0
ELP2,2.764084581220539
ELP3,2.010885112023206
ELP4,1.693632285926403
ELP5,0.0
ELP6,0.0
ELSPBP1,0.0
ELTD1,0.0
EMB,0.0
EMBP1,0.0
EMBP1,0.0
EMC1,1.900549254498717
EMC10,0.253644744093139
EMC2,2.073364122649164
EMC3,1.4467087411059607
EMC4,0.9105921305334987
EMC6,1.1840889676042927
EMC7,1.1840889676042927
EMC8,0.0
EMC9,1.693632285926403
EMCN,0.0
EMCN-IT1,0.0
EMCN-IT2,0.0
EMCN-IT3,0.0
EMD,0.0
EMD,0.0
EME1,0.0
EME2,0.0
EMG1,0.5288907918624668
EMG1,0.0
EMID1,0.0
EMILIN1,0.0
EMILIN2,0.0
EMILIN3,0.0
EML1,0.0
EML2,0.0
EML3,0.0
EML4,1.3018627585701523
EML5,1.1840889676042927
EML6,0.0
EMP1,0.0
EMP2,1.2843206418841475
EMP3,0.0
EMR1,0.0
EMR2,0.866058549240148
EMR3,0.0
EMR4P,0.0
EMX1,0.0
EMX2,1.6175933905056985
EMX2OS,0.0
EN1,0.0
EN2,0.0
ENAH,3.117497457210292
ENAM,0.0
ENC1,0.5288907918624668
ENDOD1,0.9105921305334987
ENDOG,0.0
ENDOU,0.0
ENDOV,0.253644744093139
ENG,0.0
ENGASE,0.0
ENHO,2.1672019996173213
ENKD1,0.0
ENKUR,0.866058549240148
ENO1,2.856192531667549
ENO1-AS1,0.0
ENO1-IT1,0.0
ENO1P1,0.0
ENO1P2,0.0
ENO1P3,0.0
ENO1P4,0.0
ENO2,0.0
ENO2,0.0
ENO3,0.0
ENO4,0.0
ENOPH1,0.253644744093139
ENOSF1,1.9722590260471629
ENOX1,0.0
ENOX1-AS1,0.0
ENOX1-AS2,0.0
ENOX2,0.0
ENPEP,0.0
ENPP1,0.0
ENPP2,0.0
ENPP3,0.0
ENPP4,0.0
ENPP5,0.0
ENPP6,0.0
ENPP7,0.0
ENPP7,0.0
ENPP7P1,0.253644744093139
ENPP7P10,0.0
ENPP7P11,0.0
ENPP7P12,0.0
ENPP7P13,0.0
ENPP7P2,0.0
ENPP7P3,0.0
ENPP7P4,1.5739182395996751
ENPP7P5,0.0
ENPP7P6,0.0
ENPP7P8,0.0
ENPP7P9,0.0
ENSA,1.5739182395996751
ENSAP1,0.0
ENSAP2,0.0
ENSAP3,0.0
ENTHD1,0.0
ENTHD2,0.0
ENTPD1,0.6960356275201428
ENTPD1-AS1,2.181044446408736
ENTPD2,0.0
ENTPD3,0.4127178969233909
ENTPD3-AS1,1.693632285926403
ENTPD4,0.0
ENTPD5,0.6204550963106681
ENTPD6,0.0
ENTPD7,0.0
ENTPD8,0.0
ENY2,2.196655347825859
EOGT,1.7522684493138374
EOMES,0.0
EP300,2.2323834762232053
EP400,1.8737491581138752
EP400NL,0.0
EPAS1,0.0
EPB41,0.0
EPB41L1,1.9133535980403211
EPB41L2,1.3018627585701523
EPB41L3,0.0
EPB41L4A,0.0
EPB41L4A-AS1,0.0
EPB41L4A-AS2,0.0
EPB41L4B,0.0
EPB41L5,0.0
EPB42,0.0
EPC1,0.0
EPC2,0.0
EPCAM,0.0
EPDR1,1.3187237340792874
EPG5,0.0
EPGN,0.0
EPHA1,0.0
EPHA1-AS1,0.0
EPHA10,0.0
EPHA2,0.0
EPHA3,0.0
EPHA4,1.1364750726028654
EPHA5,0.0
EPHA6,1.9610998250314529
EPHA7,1.76428944396994
EPHA8,0.0
EPHB1,1.4213491305518202
EPHB2,0.0
EPHB3,0.4127178969233909
EPHB4,0.0
EPHB6,0.0
EPHB6,0.0
EPHX1,0.7603920768618123
EPHX2,1.6092026860167012
EPHX3,0.0
EPHX4,0.0
EPM2A,0.0
EPM2AIP1,1.1840889676042927
EPN1,0.0
EPN2,1.365702298095103
EPN2-AS1,0.0
EPN3,0.0
EPO,0.0
EPOR,0.253644744093139
EPPIN,0.0
EPPIN-WFDC6,0.0
EPPK1,0.0
EPPK1,0.0
EPRS,1.266040025979822
EPS15,2.12020827975257
EPS15L1,2.354660715659528
EPS15P1,0.0
EPS8,1.882867521541892
EPS8L1,0.0
EPS8L2,0.0
EPS8L3,0.0
EPSTI1,0.0
EPT1,2.043247203864058
EPX,0.0
EPYC,0.0
EQTN,0.0
ERAL1,1.7206743438370773
ERAP1,0.0
ERAP2,0.0
ERAS,0.0
ERAS,0.0
ERBB2,2.218026045772316
ERBB2IP,2.416958687331612
ERBB3,1.9338893813999691
ERBB4,2.5187842249330235
ERC1,2.192252054131328
ERC2,0.0
ERCC1,0.0
ERCC2,0.866058549240148
ERCC3,0.0
ERCC4,0.0
ERCC5,0.0
ERCC6,0.0
ERCC6-PGBD3,0.0
ERCC6L,0.0
ERCC6L2,2.395324698237797
ERCC8,0.0
EREG,0.0
ERF,0.0
ERG,0.0
ERGIC1,0.0
ERGIC2,1.990243223759475
ERGIC3,0.0
ERH,0.0
ERHP1,0.0
ERHP2,0.0
ERI1,0.8164310788769841
ERI2,2.5208658751148536
ERI3,0.0
ERI3-IT1,0.0
ERICH1,0.9105921305334987
ERICH1-AS1,0.0
ERICH2,0.0
ERLEC1,2.0675055056503746
ERLEC1P1,0.0
ERLIN1,0.5288907918624668
ERLIN2,0.0
ERMAP,0.0
ERMARD,2.644697216063762
ERMN,0.0
ERMP1,0.253644744093139
ERN1,0.0
ERN2,0.0
ERO1L,2.332805643215876
ERO1LB,1.2843206418841475
ERP27,0.0
ERP29,0.0
ERP29P1,0.0
ERP44,0.9879310210915638
ERRFI1,0.253644744093139
ERV3-1,0.0
ERVFRD-1,0.0
ERVH48-1,0.0
ERVK13-1,0.0
ERVK3-1,0.0
ERVMER34-1,0.0
ERVMER61-1,0.0
ERVV-1,0.0
ERVV-2,0.0
ERVW-1,0.0
ERVWE2,0.0
ESAM,0.0
ESCO1,2.4632091231373323
ESCO2,0.0
ESD,2.5260267621046246
ESF1,1.4821708087520635
ESM1,0.0
ESPL1,0.0
ESPN,0.0
ESPNL,0.0
ESPNP,0.0
ESR1,0.0
ESR2,0.0
ESRG,0.0
ESRP1,0.0
ESRP2,0.0
ESRRA,0.0
ESRRAP1,0.0
ESRRAP2,0.0
ESRRB,0.0
ESRRG,1.803921369136032
ESX1,0.0
ESX1,0.0
ESYT1,0.0
ESYT2,0.0
ESYT3,0.0
ETAA1,0.0
ETF1,0.6960356275201428
ETF1P1,0.0
ETF1P1,0.0
ETF1P1,0.0
ETF1P1,0.0
ETF1P1,0.0
ETF1P1,0.0
ETF1P1,0.0
ETF1P1,0.0
ETF1P2,0.0
ETF1P3,0.0
ETFA,1.6794524383704983
ETFB,0.9879310210915638
ETFDH,2.540159264871332
ETHE1,1.900549254498717
ETNK1,2.8415562920997472
ETNK2,0.0
ETNPPL,3.049641162472688
ETS1,0.0
ETS2,0.0
ETV1,1.0535570409588524
ETV2,0.0
ETV3,0.253644744093139
ETV3L,0.0
ETV4,0.0
ETV5,1.5454363124656982
ETV5-AS1,1.4933759616707991
ETV6,0.253644744093139
ETV7,0.0
EVA1A,0.0
EVA1B,0.0
EVA1C,1.470668879757139
EVC,0.0
EVC2,0.0
EVI2A,0.0
EVI2B,0.0
EVI5,2.316492845753712
EVI5L,0.0
EVL,0.0
EVPL,0.0
EVPLL,0.0
EVX1,0.0
EVX1-AS,0.0
EVX2,0.0
EWSR1,0.6960356275201428
EXD1,0.0
EXD2,1.7206743438370773
EXD3,0.0
EXO1,0.0
EXO5,0.0
EXOC1,0.7603920768618123
EXOC2,0.0
EXOC3,0.0
EXOC3L1,1.6794524383704983
EXOC3L2,0.0
EXOC3L4,0.0
EXOC4,1.9257912163520183
EXOC5,0.9879310210915638
EXOC5P1,0.4127178969233909
EXOC6,1.8451858371752416
EXOC6B,0.9509808635159877
EXOC7,0.5288907918624668
EXOC7P1,0.0
EXOC8,0.0
EXOG,0.0
EXOGP1,0.0
EXOSC1,0.0
EXOSC10,0.253644744093139
EXOSC2,0.0
EXOSC3,0.0
EXOSC3P1,0.0
EXOSC3P2,0.0
EXOSC4,0.0
EXOSC4,0.0
EXOSC5,0.0
EXOSC6,0.0
EXOSC7,0.0
EXOSC8,0.0
EXOSC9,1.1105557679530071
EXPH5,0.0
EXT1,1.5042992690810633
EXT2,1.2269946489498065
EXTL1,0.0
EXTL2,0.0
EXTL2P1,0.0
EXTL3,0.0
EXTL3-AS1,0.0
EYA1,2.292573845656421
EYA2,0.0
EYA3,2.073364122649164
EYA4,0.9879310210915638
EYS,0.0
EZH1,1.5830117235334478
EZH2,0.0
EZH2P1,0.0
EZR,3.14696518045374
EZR-AS1,0.0
F10,0.0
F10-AS1,0.0
F11,0.0
F11-AS1,0.0
F11R,0.0
F11R,0.0
F12,0.0
F13A1,0.0
F13B,0.0
F2,0.0
F2R,0.0
F2RL1,0.0
F2RL2,0.0
F2RL3,0.0
F3,3.6212509988983217
F5,0.0
F7,0.0
F8,0.0
F8,0.0
F8A1,0.0
F8A1,0.0
F8A2,0.0
F8A2,0.0
F8A3,0.0
F8A3,0.0
F9,0.0
FA2H,0.0
FAAH,2.192252054131328
FAAH2,0.0
FABP1,0.0
FABP12,0.0
FABP12P1,0.0
FABP2,0.0
FABP3,1.664793942489872
FABP3P2,0.0
FABP4,0.0
FABP5,0.0
FABP5P1,0.0
FABP5P10,0.0
FABP5P11,0.0
FABP5P12,0.0
FABP5P13,0.0
FABP5P13,0.0
FABP5P14,0.0
FABP5P15,0.0
FABP5P15,0.0
FABP5P2,0.0
FABP5P3,0.0
FABP5P4,0.0
FABP5P5,0.0
FABP5P6,0.0
FABP5P7,0.0
FABP6,0.0
FABP7,1.8092989910424864
FABP7P1,1.7701774257562413
FABP7P2,0.0
FABP9,0.0
FADD,0.0
FADS1,2.178767794671365
FADS2,0.866058549240148
FADS3,0.0
FADS6,0.0
FAF1,1.408091496025075
FAF2,2.391145550989741
FAF2P1,0.0
FAH,0.0
FAHD1,0.0
FAHD2A,0.253644744093139
FAHD2B,1.0535570409588524
FAHD2CP,2.3454285914586
FAHD2P1,0.0
FAIM,2.0585666748363742
FAIM2,0.6204550963106681
FAIM3,0.0
FAM101A,0.0
FAM101B,0.0
FAM101B,0.0
FAM102A,2.501761761561395
FAM102B,0.0
FAM103A1,0.0
FAM103A2P,0.0
FAM104A,0.0
FAM104B,0.0
FAM105A,0.0
FAM105B,0.0
FAM106A,0.0
FAM106B,1.3349544931480026
FAM106CP,0.0
FAM106DP,0.0
FAM107A,2.4725930298358136
FAM107B,0.0
FAM108A10P,0.0
FAM108A8P,0.0
FAM108A9P,0.0
FAM109A,0.0
FAM109B,0.0
FAM110A,0.0
FAM110B,2.6842220092506404
FAM110C,0.0
FAM110D,0.0
FAM111A,0.253644744093139
FAM111B,0.0
FAM114A1,0.0
FAM114A2,0.8164310788769841
FAM115A,0.0
FAM115B,0.0
FAM115C,0.0
FAM115D,0.0
FAM117A,0.0
FAM117B,0.0
FAM118A,0.0
FAM118B,2.1988403652486808
FAM120A,0.7603920768618123
FAM120AOS,2.12797481183765
FAM120B,1.2843206418841475
FAM120C,0.0
FAM120C,0.0
FAM122A,0.8164310788769841
FAM122B,0.0
FAM122C,0.0
FAM124A,0.0
FAM124B,0.0
FAM126A,0.0
FAM126B,1.1364750726028654
FAM127A,1.5551393200304595
FAM127B,0.0
FAM127C,0.0
FAM129A,0.0
FAM129B,0.0
FAM129C,0.253644744093139
FAM131A,2.447514123328141
FAM131B,0.0
FAM131C,0.0
FAM132A,0.0
FAM132B,0.0
FAM133A,0.0
FAM133B,1.693632285926403
FAM133CP,0.0
FAM133DP,0.7603920768618123
FAM134A,2.297811408112942
FAM134B,0.0
FAM134C,0.0
FAM135A,1.85007876288628
FAM135B,0.0
FAM136A,0.0
FAM136BP,0.0
FAM138A,0.0
FAM138B,0.0
FAM138C,0.0
FAM138D,0.0
FAM138D,0.0
FAM138E,0.0
FAM138F,0.0
FAM13A,1.0535570409588524
FAM13A-AS1,2.1833092257283497
FAM13B,1.7522684493138374
FAM13C,1.887355901089917
FAM149A,2.0006867942048503
FAM149B1,0.0
FAM149B1P1,0.0
FAM150A,0.0
FAM150B,0.0
FAM151A,0.0
FAM151B,0.0
FAM153A,0.0
FAM153B,0.0
FAM153C,0.0
FAM154A,0.0
FAM154B,0.0
FAM155A,0.0
FAM155A-IT1,0.253644744093139
FAM155B,0.0
FAM156A,0.0
FAM156A,0.0
FAM156A,0.0
FAM156B,0.0
FAM157A,0.253644744093139
FAM157B,0.0
FAM157C,0.0
FAM159A,0.0
FAM159B,0.0
FAM160A1,0.0
FAM160A2,1.2060714458283772
FAM160B1,0.0
FAM160B2,0.0
FAM161A,0.0
FAM161B,0.0
FAM162A,0.0
FAM162B,0.0
FAM163A,0.0
FAM163B,0.0
FAM166A,0.7603920768618123
FAM166B,0.0
FAM167A,0.0
FAM167B,0.0
FAM168A,1.6572748854262789
FAM168B,1.266040025979822
FAM169A,0.4127178969233909
FAM169B,0.0
FAM170A,0.0
FAM170B,0.0
FAM170B-AS1,0.0
FAM171A1,1.6572748854262789
FAM171A2,0.0
FAM171B,3.7402311359227496
FAM172A,2.265394471759429
FAM172BP,0.0
FAM173A,0.0
FAM173B,0.0
FAM174A,0.0
FAM174B,0.0
FAM175A,0.0
FAM175B,0.253644744093139
FAM177A1,0.9105921305334987
FAM177A1P1,0.0
FAM177B,0.0
FAM178A,2.737171823261149
FAM178B,0.0
FAM179A,0.0
FAM179B,2.4885422412209857
FAM180A,0.0
FAM180B,0.0
FAM181A,0.0
FAM181A-AS1,0.253644744093139
FAM181B,0.0
FAM182A,0.0
FAM182B,0.253644744093139
FAM183A,0.0
FAM183B,0.0
FAM183CP,0.0
FAM184A,2.815483454250276
FAM184B,0.0
FAM185A,0.0
FAM185BP,0.0
FAM186A,0.0
FAM186B,0.0
FAM187A,0.0
FAM187B,0.0
FAM188A,0.0
FAM188B,0.0
FAM188B2,0.0
FAM189A1,0.0
FAM189A2,1.3944163697813394
FAM189B,0.0
FAM189B,0.0
FAM192A,2.084849460186147
FAM193A,1.887355901089917
FAM193B,0.6960356275201428
FAM194A,2.176479145384896
FAM194B,0.0
FAM195A,0.0
FAM195B,0.4127178969233909
FAM196A,0.0
FAM196B,0.0
FAM197Y1,0.0
FAM197Y2,0.0
FAM197Y3,0.0
FAM197Y6,0.0
FAM197Y7,0.0
FAM197Y8,0.0
FAM197Y9,0.0
FAM198A,0.0
FAM198B,0.5288907918624668
FAM199X,0.0
FAM199X,0.0
FAM19A1,1.85007876288628
FAM19A2,1.4213491305518202
FAM19A3,0.0
FAM19A4,0.0
FAM19A5,2.2363999041364866
FAM200A,0.0
FAM200B,1.1105557679530071
FAM201A,0.0
FAM201B,0.0
FAM203A,0.0
FAM203B,0.0
FAM204A,1.3944163697813394
FAM204BP,0.0
FAM204CP,0.0
FAM205A,0.0
FAM205B,0.0
FAM205CP,0.0
FAM206A,0.0
FAM206BP,0.0
FAM207A,0.0
FAM207BP,0.0
FAM207CP,0.0
FAM208A,0.253644744093139
FAM208B,1.5042992690810633
FAM209A,0.253644744093139
FAM209B,1.1105557679530071
FAM20A,0.0
FAM20B,0.0
FAM20C,0.0
FAM210A,0.253644744093139
FAM210B,0.0
FAM210CP,0.0
FAM210CP,0.0
FAM211A,0.0
FAM211B,0.0
FAM212A,0.0
FAM212B,0.0
FAM213A,2.196655347825859
FAM213B,0.0
FAM214A,1.3506004547184218
FAM214B,1.2060714458283772
FAM215A,0.0
FAM215B,0.0
FAM216A,0.0
FAM216B,0.0
FAM217A,0.0
FAM217B,1.9610998250314529
FAM218A,0.0
FAM218BP,0.0
FAM219A,0.7603920768618123
FAM219B,0.0
FAM21A,0.0
FAM21B,0.0
FAM21C,0.0
FAM21D,0.0
FAM21FP,0.0
FAM220A,0.0
FAM220BP,0.0
FAM220CP,0.0
FAM221A,0.0
FAM221B,1.7206743438370773
FAM222A,0.0
FAM222A-AS1,0.0
FAM222B,1.825043511578913
FAM223B,0.0
FAM223B,0.0
FAM224A,0.0
FAM224B,0.0
FAM225A,0.0
FAM225B,0.0
FAM226A,0.0
FAM226B,0.0
FAM227A,2.892087549430961
FAM227B,0.0
FAM228A,0.0
FAM228B,0.0
FAM229A,0.0
FAM229B,0.0
FAM229B,0.0
FAM230A,0.0
FAM230B,0.0
FAM24A,0.0
FAM24B,0.0
FAM25A,0.0
FAM25B,0.0
FAM25C,0.0
FAM25C,0.0
FAM25D,0.0
FAM25E,0.0
FAM25E,0.0
FAM25G,0.0
FAM25G,0.0
FAM25HP,0.0
FAM26D,0.0
FAM26E,0.0
FAM26F,0.0
FAM27A,1.4821708087520635
FAM27B,0.0
FAM27C,0.0
FAM27D1,0.0
FAM27E1,0.0
FAM27E2,0.0
FAM27E3,0.0
FAM27E4,0.0
FAM27L,0.0
FAM32A,0.0
FAM32B,0.0
FAM35A,0.0
FAM35BP,0.0
FAM35BP,0.0
FAM35CP,0.0
FAM35DP,0.0
FAM35DP,0.0
FAM35EP,0.0
FAM3A,0.0
FAM3A,0.0
FAM3B,0.0
FAM3C,0.253644744093139
FAM3C2,0.0
FAM3D,0.0
FAM41AY1,0.0
FAM41AY2,0.0
FAM41C,0.0
FAM43A,0.0
FAM43B,0.0
FAM45A,0.253644744093139
FAM45B,0.0
FAM46A,0.0
FAM46B,0.0
FAM46C,1.60064667142076
FAM46D,0.0
FAM47A,0.0
FAM47B,0.0
FAM47C,0.0
FAM47C,0.0
FAM47DP,0.0
FAM47DP,0.0
FAM47E,0.0
FAM47E,0.0
FAM47E-STBD1,0.0
FAM49A,1.4213491305518202
FAM49B,0.0
FAM50A,0.0
FAM50A,0.0
FAM50B,0.0
FAM53A,0.0
FAM53B,0.0
FAM53C,1.1105557679530071
FAM57A,0.5288907918624668
FAM57B,0.253644744093139
FAM58A,0.0
FAM58A,0.0
FAM58BP,0.0
FAM58CP,0.0
FAM58DP,0.0
FAM60A,0.0
FAM60BP,0.0
FAM60CP,0.0
FAM63A,0.0
FAM63B,1.535511556564225
FAM64A,0.0
FAM65A,2.636023033457371
FAM65B,1.8301673481627088
FAM65C,0.0
FAM66A,2.4679264210383858
FAM66B,0.253644744093139
FAM66C,1.7005522897870602
FAM66D,0.0
FAM66E,0.0
FAM69A,2.0041129115992096
FAM69B,0.0
FAM69C,0.0
FAM71A,0.0
FAM71B,0.0
FAM71C,0.0
FAM71D,0.0
FAM71E1,0.0
FAM71E2,0.0
FAM71F1,0.0
FAM71F2,1.1840889676042927
FAM72A,0.0
FAM72A,0.0
FAM72B,0.0
FAM72B,0.0
FAM72C,0.0
FAM72C,0.0
FAM72D,0.0
FAM72D,0.0
FAM73A,0.9105921305334987
FAM73B,0.253644744093139
FAM74A1,0.0
FAM74A2,0.0
FAM74A3,0.0
FAM74A4,0.0
FAM74A5,0.0
FAM74A6,0.0
FAM76A,2.4795002492565743
FAM76B,1.6339035873850103
FAM78A,0.0
FAM78B,0.0
FAM81A,0.0
FAM81B,0.0
FAM83A,0.0
FAM83A-AS1,0.0
FAM83B,0.0
FAM83C,0.0
FAM83C-AS1,0.0
FAM83D,0.0
FAM83E,0.0
FAM83F,0.253644744093139
FAM83G,0.0
FAM83H,0.0
FAM83H,0.0
FAM83H-AS1,0.0
FAM83H-AS1,0.0
FAM84A,0.0
FAM84B,0.0
FAM85A,0.5288907918624668
FAM85B,1.686600231622561
FAM86A,0.0
FAM86B1,0.0
FAM86B2,0.0
FAM86B3P,0.0
FAM86C1,0.0
FAM86C2P,0.0
FAM86DP,0.0
FAM86EP,0.0
FAM86FP,0.0
FAM86GP,0.0
FAM86HP,0.0
FAM86JP,0.0
FAM86KP,0.0
FAM86LP,0.0
FAM86MP,0.0
FAM87A,0.8164310788769841
FAM87B,0.6960356275201428
FAM89A,0.0
FAM89B,0.0
FAM8A1,0.0
FAM8A2P,0.0
FAM8A2P,0.0
FAM8A3P,0.0
FAM8A4P,0.0
FAM8A5P,0.0
FAM8A5P,0.0
FAM8A5P,0.0
FAM8A6P,0.0
FAM90A1,0.0
FAM90A10P,0.0
FAM90A11P,0.0
FAM90A12P,0.0
FAM90A13P,0.0
FAM90A14P,0.0
FAM90A15P,0.0
FAM90A16P,0.0
FAM90A17P,0.0
FAM90A18P,0.0
FAM90A19P,0.0
FAM90A20P,0.0
FAM90A21P,0.0
FAM90A22P,0.0
FAM90A23P,0.0
FAM90A24P,0.0
FAM90A25P,0.0
FAM90A26,0.0
FAM90A27P,0.0
FAM90A28P,0.0
FAM90A2P,0.0
FAM90A3P,0.0
FAM90A4P,0.0
FAM90A5P,0.0
FAM90A6P,0.0
FAM90A7P,0.0
FAM90A8P,0.0
FAM90A9P,0.0
FAM91A1,1.4821708087520635
FAM92A1,0.0
FAM92A1P1,0.0
FAM92A1P2,0.0
FAM92B,0.0
FAM95B1,0.0
FAM96A,1.7873770459247007
FAM96AP1,0.0
FAM96AP2,0.0
FAM96B,1.8352314375814356
FAM98A,0.0
FAM98B,2.443810208500159
FAM98C,0.0
FAM99A,0.0
FAM99B,0.0
FAM9A,0.0
FAM9B,0.0
FAM9C,0.0
FAN1,0.0
FANCA,0.0
FANCB,0.0
FANCC,0.0
FANCD2,1.2469559880685197
FANCD2OS,0.0
FANCD2P2,0.0
FANCE,0.0
FANCF,0.0
FANCG,0.0
FANCI,1.6418345900426288
FANCL,1.3187237340792874
FANCM,0.0
FANK1,0.0
FANK1-AS1,0.0
FAP,0.0
FAR1,2.259748353078942
FAR1-IT1,0.0
FAR1P1,0.0
FAR2,1.8198585011625843
FARP1,1.77598664737081
FARP1-AS1,0.0
FARP2,0.0
FARS2,0.0
FARSA,0.0
FARSB,0.0
FARSBP1,0.0
FAS,0.9105921305334987
FASLG,0.0
FASN,0.0
FASTK,0.0
FASTKD1,0.0
FASTKD2,0.0
FASTKD3,0.0
FASTKD5,0.0
FAT1,2.3710928217501697
FAT1P1,0.0
FAT2,0.0
FAT3,1.89179836789066
FAT4,0.0
FATE1,0.0
FAU,1.887355901089917
FAUP1,0.0
FAUP2,0.0
FAXC,0.0
FAXDC2,1.1609342125054871
FBF1,0.0
FBL,0.6204550963106681
FBLIM1,0.0
FBLL1,0.0
FBLN1,1.2060714458283772
FBLN2,0.0
FBLN5,0.0
FBLN7,0.0
FBN1,0.0
FBN2,0.0
FBN3,0.0
FBP1,0.0
FBP2,0.0
FBRS,0.0
FBRSL1,0.0
FBXL12,0.0
FBXL13,0.0
FBXL14,0.0
FBXL15,0.0
FBXL16,1.380296600302216
FBXL17,1.896195851746716
FBXL18,0.0
FBXL19,0.0
FBXL19-AS1,0.0
FBXL2,0.0
FBXL20,2.222176829675323
FBXL21,0.0
FBXL22,0.0
FBXL3,0.0
FBXL4,0.0
FBXL5,2.2960725628229035
FBXL6,0.0
FBXL6,0.0
FBXL7,0.5288907918624668
FBXL8,0.0
FBXO10,0.0
FBXO11,2.486299330711329
FBXO15,0.0
FBXO16,0.0
FBXO17,0.0
FBXO18,0.8164310788769841
FBXO2,2.138118749168065
FBXO21,2.1123003250777685
FBXO22,0.0
FBXO24,0.0
FBXO25,0.0
FBXO27,0.0
FBXO28,0.0
FBXO3,2.187803657942469
FBXO30,0.0
FBXO31,1.6175933905056985
FBXO32,0.0
FBXO33,1.1840889676042927
FBXO34,0.0
FBXO36,2.1254013691955027
FBXO36-IT1,0.0
FBXO38,0.0
FBXO39,0.0
FBXO4,0.0
FBXO40,0.0
FBXO41,2.0675055056503746
FBXO42,0.4127178969233909
FBXO43,0.0
FBXO44,0.253644744093139
FBXO45,0.9105921305334987
FBXO46,2.3469809720555848
FBXO47,0.0
FBXO48,0.253644744093139
FBXO5,0.0
FBXO6,0.0
FBXO7,1.6175933905056985
FBXO8,0.0
FBXO9,1.7140700431083098
FBXW10,0.0
FBXW11,0.253644744093139
FBXW11P1,0.0
FBXW12,0.0
FBXW2,2.21383520748566
FBXW4,0.0
FBXW4P1,0.0
FBXW5,0.0
FBXW7,1.8691171639943336
FBXW8,0.9105921305334987
FBXW9,0.0
FCAMR,0.0
FCAR,0.0
FCAR,0.0
FCAR,0.0
FCAR,0.0
FCER1A,0.0
FCER1G,0.0
FCER2,0.0
FCF1,0.0
FCF1P1,0.0
FCF1P10,0.0
FCF1P2,0.0
FCF1P3,0.0
FCF1P4,0.0
FCF1P5,0.0
FCF1P6,0.0
FCF1P7,0.0
FCF1P8,0.0
FCF1P9,0.0
FCGBP,0.0
FCGR1A,0.0
FCGR1A,0.0
FCGR1B,0.0
FCGR1B,0.0
FCGR1C,0.0
FCGR1C,0.0
FCGR2A,0.0
FCGR2B,0.0
FCGR2C,0.0
FCGR3A,0.0
FCGR3B,0.0
FCGRT,2.09879174565615
FCHO1,0.0
FCHO2,2.185562255814066
FCHSD1,0.0
FCHSD2,1.6258250518828512
FCN1,0.0
FCN2,0.0
FCN3,0.0
FCRL1,0.0
FCRL2,0.0
FCRL3,0.0
FCRL4,0.0
FCRL5,0.0
FCRL6,0.0
FCRLA,0.0
FCRLB,0.0
FDCSP,0.0
FDFT1,2.565244283206465
FDPS,1.1609342125054871
FDPSP1,0.0
FDPSP2,0.0
FDPSP3,0.0
FDPSP4,0.0
FDPSP5,0.0
FDPSP6,0.0
FDPSP7,0.0
FDPSP8,0.0
FDX1,0.0
FDX1L,0.0
FDX1P1,0.0
FDX1P2,0.0
FDXACB1,0.0
FDXACB1,0.0
FDXR,0.0
FECH,1.0829908296976
FECHP1,0.0
FEM1A,0.0
FEM1AP1,0.0
FEM1AP2,0.0
FEM1AP3,0.0
FEM1AP4,0.0
FEM1B,0.0
FEM1C,0.0
FEN1,0.0
FEN1P1,0.0
FENDRR,0.0
FER,1.1105557679530071
FER1L4,0.0
FER1L5,0.0
FER1L6,0.0
FER1L6-AS1,0.0
FER1L6-AS2,0.0
FERD3L,0.0
FERMT1,0.0
FERMT2,1.9534978077301333
FERMT3,0.0
FERP1,0.0
FES,0.0
FETUB,0.0
FEV,0.0
FEZ1,2.2801014847530814
FEZ2,1.4933759616707991
FEZF1,0.0
FEZF1-AS1,0.6204550963106681
FEZF2,0.0
FFAR1,0.0
FFAR2,0.0
FFAR3,0.0
FFAR4,0.0
FGA,0.0
FGB,0.0
FGD1,1.591918701844707
FGD2,0.0
FGD3,0.0
FGD4,2.2746445520460137
FGD5,0.0
FGD5-AS1,0.0
FGD5P1,0.0
FGD6,0.0
FGF1,0.6960356275201428
FGF10,0.0
FGF11,0.0
FGF12,0.0
FGF12-AS1,0.253644744093139
FGF12-AS2,0.0
FGF12-AS3,0.0
FGF13,0.0
FGF13-AS1,0.0
FGF14,2.5208658751148536
FGF14-AS1,0.0
FGF14-AS2,0.0
FGF14-IT1,1.0535570409588524
FGF16,0.0
FGF16,0.0
FGF17,0.0
FGF18,0.0
FGF19,0.0
FGF2,2.3114770817288792
FGF20,0.0
FGF21,0.0
FGF22,0.0
FGF23,0.0
FGF3,0.0
FGF3,0.0
FGF4,0.0
FGF5,0.0
FGF6,0.0
FGF7,0.0
FGF7P1,0.0
FGF7P2,0.0
FGF8,0.0
FGF9,0.4127178969233909
FGFBP1,0.0
FGFBP2,0.0
FGFBP3,0.0
FGFR1,1.878332270313977
FGFR1OP,1.0535570409588524
FGFR1OP2,2.218026045772316
FGFR1OP2P1,0.0
FGFR2,2.010885112023206
FGFR3,2.369624421701324
FGFR3P,0.0
FGFR3P,0.0
FGFR3P,0.0
FGFR3P,0.0
FGFR3P1,0.0
FGFR3P5,0.0
FGFR3P6,0.0
FGFR4,0.0
FGFRL1,0.0
FGG,0.0
FGGY,0.8164310788769841
FGL1,0.253644744093139
FGL2,0.0
FGR,0.0
FH,0.0
FHAD1,0.0
FHDC1,0.0
FHIT,0.4127178969233909
FHL1,2.21383520748566
FHL2,0.0
FHL3,0.0
FHL5,0.0
FHOD1,0.0
FHOD3,0.253644744093139
FHP1,0.0
FIBCD1,0.0
FIBIN,1.9298591741236093
FIBP,0.0
FICD,1.664793942489872
FIG4,0.0
FIGF,0.0
FIGLA,0.0
FIGLA,0.0
FIGN,1.4933759616707991
FIGNL1,0.0
FILIP1,0.0
FILIP1L,0.0
FIP1L1,0.0
FIS1,1.0219824427879696
FITM1,0.0
FITM2,0.0
FIZ1,0.0
FJX1,0.0
FKBP10,0.0
FKBP10,0.0
FKBP11,0.0
FKBP14,0.0
FKBP15,0.253644744093139
FKBP1A,0.866058549240148
FKBP1AP2,0.0
FKBP1AP3,0.0
FKBP1B,0.0
FKBP1C,0.0
FKBP2,1.9216847941836637
FKBP3,2.2691181792527324
FKBP4,0.0
FKBP4P1,0.0
FKBP5,1.0829908296976
FKBP6,0.0
FKBP6,0.0
FKBP7,2.017553329078163
FKBP8,0.0
FKBP9,2.5689780801082973
FKBP9L,0.866058549240148
FKBPL,0.0
FKBPL,0.0
FKBPL,0.0
FKBPL,0.0
FKRP,1.0829908296976
FKSG48,0.4127178969233909
FKSG52,0.0
FKSG61,0.0
FKSG62,0.0
FKSG63,0.0
FKSG68,0.0
FKTN,2.326353864510643
FLAD1,0.253644744093139
FLCN,0.6204550963106681
FLG,0.0
FLG-AS1,0.0
FLG2,0.0
FLI1,0.0
FLI1-AS1,0.0
FLII,0.253644744093139
FLJ00104,0.0
FLJ00273,0.0
FLJ00325,0.0
FLJ00388,0.0
FLJ00418,0.0
FLJ14816,0.0
FLJ20306,0.253644744093139
FLJ20373,0.0
FLJ27365,0.6960356275201428
FLJ30594,0.0
FLJ45079,0.0
FLNA,0.0
FLNA,0.0
FLNB,0.0
FLNB-AS1,0.0
FLNC,0.0
FLOT1,0.0
FLOT1,0.0
FLOT1,0.0
FLOT1,0.0
FLOT1,0.0
FLOT1,0.0
FLOT1,0.0
FLOT1,0.0
FLOT2,0.0
FLRT1,0.0
FLRT2,2.848447963629482
FLRT3,0.7603920768618123
FLT1,2.1601117294155574
FLT1P1,0.0
FLT3,0.0
FLT3LG,0.0
FLT4,0.0
FLVCR1,1.8597022796682896
FLVCR1-AS1,0.0
FLVCR2,0.0
FLYWCH1,0.0
FLYWCH1P1,0.0
FLYWCH2,0.0
FMN1,0.0
FMN2,1.266040025979822
FMNL1,0.0
FMNL2,1.89179836789066
FMNL3,2.698939073717091
FMO1,0.0
FMO10P,0.0
FMO11P,0.0
FMO2,0.0
FMO3,0.0
FMO4,0.0
FMO5,0.0
FMO5,0.0
FMO6P,0.0
FMO7P,0.0
FMO8P,0.0
FMO9P,0.0
FMOD,0.0
FMR1,0.0
FMR1,0.0
FMR1-AS1,0.0
FMR1-AS1,0.0
FMR1-IT1,0.0
FMR1-IT1,0.0
FMR1NB,0.0
FMR1NB,0.0
FN1,1.8352314375814356
FN3K,1.514954562424701
FN3KRP,1.1609342125054871
FNBP1,2.707130195692219
FNBP1L,2.162488037762603
FNBP1P1,0.0
FNBP4,2.3148273525931726
FNDC1,0.0
FNDC1-IT1,0.0
FNDC3A,1.60064667142076
FNDC3B,1.266040025979822
FNDC3CP,0.0
FNDC3CP,0.0
FNDC4,1.535511556564225
FNDC5,0.0
FNDC7,0.7603920768618123
FNDC8,0.0
FNDC9,0.0
FNIP1,0.7603920768618123
FNIP2,0.0
FNTA,0.0
FNTAL1,0.0
FNTAP2,0.0
FNTB,0.4127178969233909
FO393434.1,0.0
FOCAD,0.0
FOLH1,0.0
FOLH1B,0.0
FOLR1,0.0
FOLR2,0.0
FOLR3,0.0
FOLR4,0.0
FOPNL,2.4235041102690027
FOS,3.659483901802852
FOSB,1.3349544931480026
FOSL1,0.0
FOSL1P1,0.0
FOSL2,1.7140700431083098
FOXA1,0.0
FOXA2,0.0
FOXA3,0.0
FOXB1,0.0
FOXB2,0.0
FOXC1,0.0
FOXC2,0.0
FOXD1,0.0
FOXD2,0.0
FOXD2-AS1,0.0
FOXD3,0.0
FOXD4,1.9338893813999691
FOXD4L1,0.0
FOXD4L2,0.0
FOXD4L3,0.0
FOXD4L3,0.0
FOXD4L4,0.0
FOXD4L5,0.0
FOXD4L6,0.0
FOXE1,0.0
FOXE3,0.0
FOXF1,0.0
FOXF2,0.0
FOXG1,2.196655347825859
FOXH1,0.0
FOXI1,0.0
FOXI2,0.0
FOXI3,0.0
FOXJ1,0.0
FOXJ2,0.4127178969233909
FOXJ3,1.408091496025075
FOXK1,0.866058549240148
FOXK2,0.0
FOXL1,0.0
FOXL2,0.0
FOXM1,0.0
FOXN1,0.0
FOXN2,2.076264058037105
FOXN3,0.5288907918624668
FOXN3-AS1,0.0
FOXN3-AS2,0.0
FOXN3P1,0.0
FOXN4,0.0
FOXO1,2.196655347825859
FOXO1B,0.0
FOXO3,1.2843206418841475
FOXO3B,0.5288907918624668
FOXO4,0.0
FOXO6,0.0
FOXP1,1.9216847941836637
FOXP1-AS1,0.0
FOXP1-IT1,0.0
FOXP2,0.0
FOXP3,0.0
FOXP3,0.0
FOXP4,0.0
FOXQ1,0.0
FOXR1,0.0
FOXR2,0.0
FOXRED1,2.218026045772316
FOXRED2,0.0
FOXS1,0.0
FP15737,0.0
FP700107.1,0.0
FP885535.1,0.0
FPGS,0.6960356275201428
FPGT,0.0
FPGT-TNNI3K,0.0
FPR1,0.0
FPR2,0.0
FPR3,0.0
FRA10AC1,0.0
FRAS1,0.0
FRAT1,0.0
FRAT2,0.0
FRDAP,0.0
FREM1,0.0
FREM2,0.0
FREM2-AS1,0.0
FREM3,0.0
FRG1,0.0
FRG1,0.0
FRG1B,1.7984763234491472
FRG2,0.0
FRG2,0.0
FRG2B,0.0
FRG2C,0.0
FRG2C,0.0
FRK,0.253644744093139
FRMD1,0.0
FRMD3,0.0
FRMD4A,0.4127178969233909
FRMD4B,1.8301673481627088
FRMD5,2.639197363249408
FRMD6,1.7461308297538636
FRMD6-AS2,0.0
FRMD7,0.0
FRMD8,0.0
FRMD8P1,0.0
FRMPD1,0.0
FRMPD2,0.0
FRMPD2P1,0.0
FRMPD2P1,0.0
FRMPD2P2,0.0
FRMPD3,0.0
FRMPD3-AS1,0.0
FRMPD4,0.0
FRMPD4-AS1,0.0
FRRS1,0.0
FRRS1L,2.250171908628923
FRS2,2.391145550989741
FRS3,0.0
FRY,2.5994824867161643
FRY-AS1,0.0
FRYL,0.253644744093139
FRZB,0.0
FSBP,0.0
FSCB,0.0
FSCN1,0.0
FSCN2,0.0
FSCN3,0.0
FSD1,0.0
FSD1L,0.0
FSD2,0.0
FSHB,0.0
FSHR,0.0
FSIP1,0.0
FSIP2,2.25402786314266
FST,0.0
FSTL1,0.7603920768618123
FSTL3,0.0
FSTL4,0.0
FSTL5,1.7873770459247007
FTCD,0.0
FTCD-AS1,0.0
FTCDNL1,1.3349544931480026
FTH1,1.9378825323901545
FTH1P1,0.0
FTH1P10,0.5288907918624668
FTH1P11,0.253644744093139
FTH1P12,0.0
FTH1P14,0.0
FTH1P15,0.0
FTH1P16,0.0
FTH1P18,0.0
FTH1P18,0.0
FTH1P19,0.0
FTH1P19,0.0
FTH1P2,0.253644744093139
FTH1P20,0.0
FTH1P21,0.0
FTH1P22,0.0
FTH1P23,0.0
FTH1P24,0.0
FTH1P25,0.0
FTH1P26,0.0
FTH1P27,0.0
FTH1P27,0.0
FTH1P3,0.0
FTH1P4,0.0
FTH1P5,0.0
FTH1P6,0.0
FTH1P7,0.0
FTH1P8,0.0
FTH1P8,0.0
FTH1P9,0.0
FTHL17,0.0
FTL,2.90898053477059
FTLP1,0.0
FTLP10,0.0
FTLP12,0.0
FTLP13,0.0
FTLP14,0.0
FTLP15,0.0
FTLP16,0.0
FTLP17,0.0
FTLP18,0.0
FTLP19,0.0
FTLP2,0.0
FTLP3,0.5288907918624668
FTLP4,0.0
FTLP5,0.0
FTLP6,0.0
FTLP8,0.0
FTMT,0.0
FTO,0.9105921305334987
FTO-IT1,0.0
FTOP1,0.0
FTSJ1,0.0
FTSJ1,0.0
FTSJ2,0.0
FTSJ3,0.0
FTX,0.253644744093139
FUBP1,1.266040025979822
FUBP3,1.3349544931480026
FUCA1,0.0
FUCA1P1,0.0
FUCA2,0.0
FUK,1.878332270313977
FUNDC1,1.1609342125054871
FUNDC2,0.0
FUNDC2,0.0
FUNDC2P2,0.0
FUNDC2P3,0.0
FUNDC2P4,0.0
FUOM,0.0
FURIN,0.0
FUS,0.0
FUT1,0.0
FUT10,1.5454363124656982
FUT11,0.0
FUT2,0.0
FUT3,0.0
FUT4,0.0
FUT5,0.0
FUT6,0.0
FUT7,0.0
FUT8,2.456035688815971
FUT9,2.886754684063961
FUZ,0.0
FXN,0.0
FXR1,1.3944163697813394
FXR2,0.0
FXYD1,0.0
FXYD2,0.0
FXYD3,0.0
FXYD4,0.0
FXYD5,0.0
FXYD6,1.1840889676042927
FXYD6-FXYD2,0.0
FXYD6P1,0.0
FXYD6P2,0.0
FXYD6P3,0.0
FXYD7,0.253644744093139
FYB,0.0
FYCO1,0.0
FYN,2.148031149513286
FYTTD1,0.253644744093139
FYTTD1P1,0.0
FZD1,0.0
FZD10,0.0
FZD10-AS1,0.0
FZD2,0.0
FZD3,2.881355519479927
FZD4,0.0
FZD5,0.0
FZD6,0.0
FZD7,0.0
FZD8,0.0
FZD9,0.0
FZD9,0.0
FZR1,0.253644744093139
G0S2,0.0
G2E3,1.7140700431083098
G3BP1,1.7271797157291466
G3BP2,2.122812586493364
G6PC,0.0
G6PC2,0.0
G6PC2,0.0
G6PC3,1.9216847941836637
G6PD,0.0
G6PD,0.0
GAA,0.6204550963106681
GAB1,2.2691181792527324
GAB2,0.0
GAB3,0.0
GAB3,0.0
GAB4,0.0
GABARAP,1.434214011430753
GABARAPL1,0.0
GABARAPL2,2.402201799777827
GABARAPL3,0.0
GABBR1,0.0
GABBR1,0.0
GABBR1,0.0
GABBR1,0.0
GABBR1,0.0
GABBR1,0.0
GABBR1,0.0
GABBR2,0.0
GABPA,0.0
GABPB1,0.0
GABPB1-AS1,1.266040025979822
GABPB2,2.5092913160556063
GABRA1,1.2469559880685197
GABRA2,2.9702915211294973
GABRA3,0.0
GABRA4,2.357694987451276
GABRA5,0.6960356275201428
GABRA6,0.0
GABRB1,2.9658419739309685
GABRB2,1.7005522897870602
GABRB3,0.253644744093139
GABRD,0.0
GABRE,0.0
GABRG1,2.454828511742524
GABRG2,0.9879310210915638
GABRG3,0.0
GABRP,0.0
GABRQ,0.0
GABRR1,0.0
GABRR2,0.0
GABRR3,0.0
GACAT1,0.0
GAD1,0.0
GAD2,0.0
GADD45A,0.0
GADD45B,1.4588540253591942
GADD45G,0.0
GADD45GIP1,0.7603920768618123
GADL1,0.0
GAGE1,0.0
GAGE1,0.0
GAGE10,0.0
GAGE10,0.0
GAGE12B,0.0
GAGE12B,0.0
GAGE12C,0.0
GAGE12C,0.0
GAGE12D,0.0
GAGE12D,0.0
GAGE12E,0.0
GAGE12E,0.0
GAGE12F,0.0
GAGE12F,0.0
GAGE12G,0.0
GAGE12G,0.0
GAGE12H,0.0
GAGE12H,0.0
GAGE12I,0.0
GAGE12J,0.0
GAGE12J,0.0
GAGE13,0.0
GAGE2A,0.0
GAGE2A,0.0
GAGE2B,0.0
GAGE2C,0.0
GAGE2D,0.0
GAGE2E,0.0
GAK,0.0
GAL,0.0
GAL3ST1,0.0
GAL3ST2,0.0
GAL3ST3,0.0
GAL3ST4,0.0
GALC,0.0
GALE,0.0
GALK1,0.0
GALK2,0.0
GALM,0.0
GALNS,0.0
GALNT1,1.380296600302216
GALNT10,0.0
GALNT11,2.0645462909179955
GALNT12,0.0
GALNT13,1.1840889676042927
GALNT14,0.0
GALNT15,0.0
GALNT16,0.5288907918624668
GALNT18,0.4127178969233909
GALNT2,0.9879310210915638
GALNT3,0.0
GALNT4,0.0
GALNT5,0.0
GALNT6,0.0
GALNT7,2.143103228985031
GALNT8,0.0
GALNT9,0.0
GALNTL5,0.0
GALNTL6,0.0
GALP,0.0
GALR1,0.0
GALR2,0.0
GALR3,0.0
GALT,0.0
GALT,1.514954562424701
GAMT,0.866058549240148
GAMTP2,0.0
GAN,2.9467952715426566
GANAB,0.0
GANC,1.380296600302216
GAP43,0.0
GAPDH,3.2487470727672347
GAPDHP1,0.7603920768618123
GAPDHP14,0.0
GAPDHP15,0.0
GAPDHP16,0.0
GAPDHP17,0.0
GAPDHP19,0.0
GAPDHP2,0.0
GAPDHP20,0.0
GAPDHP21,0.0
GAPDHP22,0.0
GAPDHP23,0.0
GAPDHP24,0.0
GAPDHP25,0.0
GAPDHP26,0.0
GAPDHP27,0.0
GAPDHP28,0.0
GAPDHP29,0.0
GAPDHP31,0.0
GAPDHP32,0.0
GAPDHP33,0.0
GAPDHP34,0.0
GAPDHP36,0.0
GAPDHP37,0.0
GAPDHP38,0.0
GAPDHP39,0.0
GAPDHP40,0.0
GAPDHP41,0.0
GAPDHP42,0.0
GAPDHP44,0.0
GAPDHP45,0.0
GAPDHP46,0.0
GAPDHP47,0.0
GAPDHP48,0.0
GAPDHP49,0.0
GAPDHP50,0.0
GAPDHP51,0.0
GAPDHP52,0.0
GAPDHP53,0.0
GAPDHP54,0.0
GAPDHP55,0.0
GAPDHP56,0.0
GAPDHP57,0.0
GAPDHP58,0.0
GAPDHP59,0.0
GAPDHP60,0.0
GAPDHP61,0.0
GAPDHP62,0.0
GAPDHP63,0.253644744093139
GAPDHP64,0.0
GAPDHP65,0.5288907918624668
GAPDHP66,0.0
GAPDHP67,0.0
GAPDHP67,0.0
GAPDHP68,0.0
GAPDHP69,0.0
GAPDHP70,0.0
GAPDHP71,0.0
GAPDHP72,0.253644744093139
GAPDHP73,0.0
GAPDHS,0.0
GAPT,0.0
GAPVD1,1.470668879757139
GAR1,0.0
GAREM,2.549979560319473
GAREML,1.3506004547184218
GARNL3,2.650898642367062
GARS,0.4127178969233909
GART,2.7104980864329877
GAS1,0.0
GAS2,0.0
GAS2L1,0.0
GAS2L2,0.0
GAS2L2,0.0
GAS2L3,0.0
GAS5,0.0
GAS5-AS1,0.0
GAS6,0.0
GAS6-AS1,0.0
GAS6-AS2,0.0
GAS7,1.4821708087520635
GAS8,0.9509808635159877
GAST,1.3506004547184218
GATA1,0.0
GATA1,0.0
GATA2,0.0
GATA3,0.0
GATA3-AS1,0.0
GATA4,0.0
GATA5,0.0
GATA5,0.0
GATA6,0.0
GATA6-AS1,0.0
GATAD1,1.7206743438370773
GATAD2A,1.2843206418841475
GATAD2B,0.0
GATC,0.0
GATM,1.825043511578913
GATS,0.0
GATS,0.0
GATSL1,0.0
GATSL2,0.0
GATSL3,1.2060714458283772
GBA,1.6794524383704983
GBA,0.253644744093139
GBA2,2.5745192676552264
GBA3,0.0
GBAP1,0.253644744093139
GBAS,2.8894293022286077
GBE1,0.0
GBF1,1.1609342125054871
GBGT1,0.0
GBP1,0.0
GBP1P1,0.0
GBP2,0.0
GBP3,2.3769172715811697
GBP4,0.0
GBP5,0.0
GBP6,0.0
GBP7,0.0
GBX1,0.0
GBX2,0.0
GC,0.0
GCA,0.0
GCAT,0.0
GCC1,0.0
GCC2,2.588959160907995
GCDH,1.5042992690810633
GCFC2,0.0
GCG,0.0
GCGR,0.0
GCH1,0.0
GCHFR,0.0
GCK,0.0
GCKR,0.0
GCLC,0.253644744093139
GCLM,0.253644744093139
GCM1,0.0
GCM2,0.0
GCN1L1,0.0
GCNT1,0.0
GCNT1P1,0.0
GCNT1P2,0.0
GCNT1P3,0.0
GCNT1P4,0.0
GCNT1P5,0.0
GCNT2,0.0
GCNT3,0.0
GCNT4,0.0
GCNT6,0.0
GCNT7,0.0
GCOM1,0.0
GCOM2,0.0
GCSAM,0.0
GCSAML,0.0
GCSAML-AS1,0.0
GCSH,1.3506004547184218
GCSHP1,0.0
GCSHP2,0.0
GCSHP3,0.0
GCSHP4,0.0
GCSHP5,0.6204550963106681
GDA,1.7522684493138374
GDAP1,0.6204550963106681
GDAP1L1,0.0
GDAP2,2.2053302224190743
GDE1,0.8164310788769841
GDF1,0.0
GDF10,0.0
GDF10,0.0
GDF11,0.0
GDF15,0.0
GDF2,0.0
GDF2,0.0
GDF3,0.0
GDF5,0.0
GDF5OS,0.0
GDF6,0.0
GDF7,0.0
GDF9,0.4127178969233909
GDI1,0.0
GDI1,0.0
GDI2,2.114952341510742
GDI2P1,0.0
GDI2P2,0.0
GDNF,0.0
GDNF-AS1,0.0
GDPD1,0.0
GDPD2,2.528074066402539
GDPD3,0.0
GDPD4,1.3018627585701523
GDPD5,0.0
GDPGP1,0.0
GEM,0.0
GEMIN2,0.0
GEMIN4,0.0
GEMIN5,0.0
GEMIN6,0.0
GEMIN7,0.0
GEMIN8,0.0
GEMIN8P2,0.0
GEMIN8P3,0.0
GEMIN8P4,0.0
GEN1,0.0
GET4,0.0
GFAP,2.5431287395437696
GFER,0.0
GFI1,0.0
GFI1B,0.0
GFM1,0.0
GFM2,0.0
GFOD1,0.0
GFOD1-AS1,0.0
GFOD2,0.0
GFPT1,0.0
GFPT2,0.0
GFRA1,0.0
GFRA2,0.0
GFRA3,0.0
GFRA4,0.0
GFRAL,0.0
GGA1,0.0
GGA2,0.7603920768618123
GGA3,1.8737491581138752
GGACT,0.0
GGCT,1.4467087411059607
GGCX,0.0
GGH,1.8691171639943336
GGN,0.6960356275201428
GGNBP1,0.0
GGNBP2,0.0
GGNBP2,1.1609342125054871
GGPS1,2.017553329078163
GGT1,0.0
GGT2,0.0
GGT3P,0.0
GGT5,0.0
GGT6,0.0
GGT7,0.0
GGT8P,0.0
GGTA1P,0.9105921305334987
GGTA2P,0.0
GGTLC1,0.0
GGTLC2,0.0
GGTLC3,0.0
GH1,0.0
GH2,0.0
GHDC,0.253644744093139
GHITM,1.0219824427879696
GHR,0.0
GHRH,0.0
GHRHR,0.0
GHRL,0.0
GHRLOS,0.0
GHSR,0.0
GHc-1077H7.2,0.0
GHc-210E9.2,0.0
GHc-362H12.3,0.0
GHc-602D8.2,0.0
GHc-602D8.2,0.0
GID4,0.0
GID8,0.0
GIF,0.0
GIGYF1,0.5288907918624668
GIGYF2,1.7583205369987196
GIMAP1,0.0
GIMAP2,0.0
GIMAP4,0.0
GIMAP5,0.0
GIMAP6,0.0
GIMAP7,0.0
GIMAP8,0.0
GIMD1,0.0
GIN1,0.0
GIN1,0.0
GINM1,0.5288907918624668
GINS1,0.0
GINS2,0.0
GINS3,0.7603920768618123
GINS4,0.0
GIP,0.0
GIPC1,0.0
GIPC2,0.0
GIPC3,0.0
GIPR,0.0
GIT1,0.0
GIT2,0.0
GJA1,3.327109556087934
GJA10,0.0
GJA1P1,0.253644744093139
GJA3,0.0
GJA4,0.0
GJA5,0.0
GJA5,0.0
GJA6P,0.0
GJA8,0.0
GJA8,0.0
GJA9,0.0
GJB1,0.0
GJB2,0.0
GJB3,0.0
GJB4,0.0
GJB5,0.0
GJB6,2.5391649108460674
GJB7,0.0
GJC1,0.9879310210915638
GJC2,0.0
GJC3,0.0
GJD2,0.0
GJD3,0.0
GJD4,0.0
GJE1,0.0
GK,1.4467087411059607
GK-AS1,2.169539930830927
GK-IT1,0.0
GK2,0.0
GK3P,0.0
GK5,0.0
GKAP1,0.0
GKN1,0.0
GKN2,0.0
GLA,0.0
GLA,0.0
GLB1,2.1096320145730845
GLB1L,0.0
GLB1L2,0.4127178969233909
GLB1L3,0.0
GLCCI1,0.0
GLCE,0.0
GLDC,1.9610998250314529
GLDCP1,0.0
GLDN,0.0
GLE1,1.4588540253591942
GLG1,2.354660715659528
GLI1,0.0
GLI2,2.192252054131328
GLI3,2.4643932599773613
GLI4,0.0
GLIPR1,2.4896593675683527
GLIPR1L1,1.266040025979822
GLIPR1L2,0.0
GLIPR2,0.0
GLIS1,0.0
GLIS2,0.4127178969233909
GLIS3,2.178767794671365
GLIS3-AS1,0.0
GLMN,0.0
GLO1,2.565244283206465
GLOD4,2.3500691848725044
GLOD5,0.0
GLOD5,0.0
GLP1R,0.0
GLP2R,1.7005522897870602
GLRA1,0.0
GLRA2,1.6496233519400156
GLRA3,0.0
GLRA4,0.0
GLRB,0.0
GLRX,2.1833092257283497
GLRX2,0.0
GLRX3,2.114952341510742
GLRX5,0.0
GLRXP,0.0
GLRXP3,0.0
GLS,2.2616385603063045
GLS2,1.3506004547184218
GLT1D1,1.1840889676042927
GLT6D1,0.0
GLT8D1,0.0
GLT8D2,0.0
GLTP,0.253644744093139
GLTPD1,0.0
GLTPD2,0.0
GLTPP1,0.0
GLTSCR1,0.0
GLTSCR1L,0.0
GLTSCR2,0.0
GLUD1,3.3453748575677515
GLUD1P2,0.0
GLUD1P2,0.0
GLUD1P3,0.0
GLUD1P4,0.0
GLUD1P6,0.0
GLUD1P6,0.0
GLUD1P7,0.0
GLUD1P8,0.253644744093139
GLUD1P9,0.0
GLUD2,0.9105921305334987
GLUDP5,0.0
GLUL,3.700359989050785
GLULP3,0.0
GLULP4,0.0
GLULP5,0.0
GLULP6,0.0
GLYAT,0.0
GLYATL1,0.0
GLYATL1P1,0.0
GLYATL1P2,0.0
GLYATL1P3,0.0
GLYATL1P4,0.0
GLYATL2,0.0
GLYATL3,0.0
GLYCAM1,0.0
GLYCTK,0.0
GLYCTK-AS1,0.0
GLYR1,1.0219824427879696
GM2A,0.253644744093139
GM2AP1,0.0
GM2AP2,0.0
GMCL1,0.0
GMCL1P1,0.0
GMDS,0.0
GMDS-AS1,0.0
GMEB1,0.0
GMEB2,0.0
GMFB,0.253644744093139
GMFBP1,0.0
GMFG,0.0
GMIP,0.0
GML,0.0
GMNC,0.0
GMNN,1.686600231622561
GMPPA,0.0
GMPPB,0.0
GMPR,0.0
GMPR2,0.0
GMPS,1.1840889676042927
GMPSP1,0.0
GNA11,0.0
GNA12,0.9105921305334987
GNA13,0.0
GNA14,2.4235041102690027
GNA15,0.0
GNAI1,0.0
GNAI2,0.0
GNAI2P1,0.0
GNAI2P2,0.0
GNAI3,0.5288907918624668
GNAL,0.253644744093139
GNAO1,1.525354679322857
GNAQ,1.7399052260407448
GNAQP1,0.0
GNAS,2.6122878986311724
GNAS-AS1,0.0
GNAT1,0.0
GNAT2,0.0
GNAT3,0.0
GNAZ,0.0
GNB1,2.5331504971859498
GNB1L,0.0
GNB2,0.0
GNB2L1,2.400835063859974
GNB3,0.0
GNB3,0.0
GNB4,0.0
GNB5,0.0
GNE,0.0
GNG10,1.6572748854262789
GNG11,0.0
GNG12,0.253644744093139
GNG12-AS1,1.3018627585701523
GNG13,0.0
GNG2,2.2616385603063045
GNG3,2.1123003250777685
GNG4,0.0
GNG5,1.6418345900426288
GNG5P1,0.0
GNG5P2,0.0
GNG5P3,0.0
GNG5P3,0.0
GNG5P5,0.0
GNG7,1.5551393200304595
GNG8,0.0
GNGT1,0.0
GNGT2,0.0
GNL1,0.0
GNL1,0.0
GNL1,0.0
GNL1,0.0
GNL1,0.0
GNL1,0.0
GNL1,0.0
GNL1,0.0
GNL2,0.0
GNL3,1.0535570409588524
GNL3L,0.0
GNL3LP1,0.0
GNLY,0.0
GNMT,0.0
GNPAT,0.0
GNPATP,0.0
GNPDA1,0.0
GNPDA2,0.4127178969233909
GNPNAT1,1.514954562424701
GNPTAB,1.2843206418841475
GNPTG,0.9509808635159877
GNRH1,0.0
GNRH2,0.0
GNRHR,0.0
GNRHR2,0.0
GNRHR2P1,0.0
GNS,0.0
GOLGA1,0.866058549240148
GOLGA2,0.0
GOLGA2B,0.866058549240148
GOLGA2P1,0.0
GOLGA2P2Y,0.0
GOLGA2P3Y,0.0
GOLGA2P4,0.0
GOLGA2P6,0.0
GOLGA3,2.7010013831920983
GOLGA4,2.923600960128589
GOLGA5,1.525354679322857
GOLGA5P1,0.0
GOLGA6A,0.0
GOLGA6B,0.0
GOLGA6C,0.0
GOLGA6D,0.0
GOLGA6L1,0.0
GOLGA6L10,0.0
GOLGA6L10,0.0
GOLGA6L11P,0.0
GOLGA6L16P,0.0
GOLGA6L2,0.0
GOLGA6L3,0.0
GOLGA6L4,0.253644744093139
GOLGA6L5,0.0
GOLGA6L6,0.0
GOLGA6L7P,0.0
GOLGA6L9,0.0
GOLGA6L9,0.0
GOLGA7,0.5288907918624668
GOLGA7B,0.0
GOLGA7B,1.1840889676042927
GOLGA8A,2.2995433191005747
GOLGA8B,1.7271797157291466
GOLGA8CP,0.0
GOLGA8DP,0.0
GOLGA8EP,0.0
GOLGA8F,0.0
GOLGA8F,0.0
GOLGA8G,0.0
GOLGA8G,0.0
GOLGA8H,0.0
GOLGA8I,0.0
GOLGA8J,0.0
GOLGA8K,0.0
GOLGA8M,0.0
GOLGA8N,0.0
GOLGA8O,0.0
GOLGA8Q,0.0
GOLGA8R,0.0
GOLGA8S,0.0
GOLGA8T,0.0
GOLGA8UP,0.0
GOLGB1,2.265394471759429
GOLIM4,2.7237143963814208
GOLM1,1.8352314375814356
GOLPH3,0.0
GOLPH3L,0.0
GOLT1A,0.0
GOLT1B,2.4363062427831657
GON4L,0.866058549240148
GOPC,1.408091496025075
GORAB,0.0
GORASP1,0.0
GORASP2,0.8164310788769841
GOSR1,1.5830117235334478
GOSR2,0.0
GOT1,0.0
GOT1L1,0.0
GOT2,0.0
GOT2P1,0.0
GOT2P2,0.0
GOT2P3,0.0
GOT2P5,0.0
GP1BA,0.253644744093139
GP1BB,0.0
GP2,0.0
GP5,0.0
GP6,0.0
GP6,0.0
GP6,0.0
GP6,0.0
GP6,0.0
GP6,0.0
GP6,0.0
GP6,0.0
GP6,0.0
GP6,0.0
GP9,0.0
GPA33,0.0
GPAA1,0.0
GPAA1,0.0
GPAA1P1,0.0
GPALPP1,0.0
GPAM,2.155319746361917
GPANK1,0.0
GPANK1,0.0
GPANK1,0.0
GPANK1,0.0
GPANK1,0.0
GPANK1,0.0
GPANK1,0.0
GPAT2,0.0
GPATCH1,0.0
GPATCH11,0.0
GPATCH2,0.5288907918624668
GPATCH2L,1.380296600302216
GPATCH3,1.1105557679530071
GPATCH4,0.0
GPATCH8,1.77598664737081
GPBAR1,0.0
GPBP1,2.7471523067354853
GPBP1L1,0.0
GPC1,0.7603920768618123
GPC2,0.0
GPC3,0.0
GPC4,0.9509808635159877
GPC5,0.0
GPC5-AS1,0.0
GPC5-AS2,0.0
GPC5-IT1,0.0
GPC6,0.0
GPC6-AS1,0.0
GPC6-AS2,0.0
GPCPD1,0.0
GPD1,0.0
GPD1L,0.0
GPD2,2.138118749168065
GPER1,0.0
GPHA2,0.0
GPHB5,0.0
GPHN,0.6204550963106681
GPI,2.823832913116323
GPIHBP1,0.0
GPKOW,0.0
GPKOW,0.0
GPLD1,0.0
GPM6A,3.5157116969209783
GPM6B,3.0875766745136577
GPM6BP1,0.0
GPM6BP2,0.0
GPM6BP3,0.0
GPN1,2.2819053309240016
GPN2,0.0
GPN3,0.0
GPN3P1,0.0
GPNMB,0.0
GPR1,0.0
GPR101,0.0
GPR107,0.0
GPR108,0.0
GPR110,0.0
GPR111,0.0
GPR112,0.0
GPR113,0.0
GPR114,0.0
GPR115,0.0
GPR116,0.0
GPR119,0.0
GPR12,0.0
GPR123,0.4127178969233909
GPR124,0.0
GPR125,2.6891833177622497
GPR126,0.0
GPR128,0.0
GPR132,0.0
GPR133,0.0
GPR135,0.0
GPR137,0.0
GPR137B,0.0
GPR137C,2.084849460186147
GPR139,0.0
GPR141,0.0
GPR142,0.0
GPR143,0.0
GPR143P,0.0
GPR144,0.0
GPR146,0.0
GPR148,0.0
GPR149,0.0
GPR15,0.0
GPR150,0.0
GPR151,0.0
GPR152,0.0
GPR153,0.0
GPR155,0.0
GPR156,0.0
GPR157,0.0
GPR158,1.8092989910424864
GPR158-AS1,0.0
GPR160,0.0
GPR161,1.408091496025075
GPR162,0.0
GPR162,0.0
GPR17,0.0
GPR171,0.6960356275201428
GPR173,0.0
GPR173,0.0
GPR174,0.0
GPR176,0.0
GPR179,0.0
GPR179,0.0
GPR18,0.0
GPR180,0.253644744093139
GPR182,0.0
GPR183,0.0
GPR19,1.0219824427879696
GPR20,0.0
GPR21,0.0
GPR22,2.443810208500159
GPR25,0.0
GPR26,0.0
GPR27,0.0
GPR3,0.0
GPR31,0.0
GPR32,0.0
GPR32P1,0.0
GPR33,0.0
GPR34,0.0
GPR35,0.0
GPR37,0.0
GPR37L1,2.91446859811072
GPR39,0.0
GPR4,0.0
GPR42,0.0
GPR45,0.0
GPR50,0.0
GPR50-AS1,0.0
GPR52,0.0
GPR53P,0.0
GPR53P,0.0
GPR53P,0.0
GPR53P,0.0
GPR53P,0.0
GPR53P,0.0
GPR53P,0.0
GPR53P,0.0
GPR55,0.0
GPR56,2.473751888923041
GPR6,0.0
GPR61,0.0
GPR62,0.0
GPR63,0.0
GPR64,0.0
GPR65,0.0
GPR68,0.0
GPR75,0.5288907918624668
GPR75-ASB3,0.6204550963106681
GPR78,0.0
GPR79,0.0
GPR82,0.0
GPR83,0.0
GPR84,0.0
GPR85,1.0535570409588524
GPR87,0.0
GPR88,0.0
GPR89A,1.0219824427879696
GPR89A,0.6204550963106681
GPR89B,0.0
GPR89B,0.0
GPR89C,0.0
GPR97,0.0
GPR98,3.452605122723181
GPRASP1,2.101527285126893
GPRASP2,0.866058549240148
GPRC5A,0.0
GPRC5B,3.13349575393114
GPRC5C,0.0
GPRC5D,0.0
GPRC6A,0.0
GPRIN1,0.0
GPRIN2,0.0
GPRIN2,0.0
GPRIN3,0.0
GPS1,1.7984763234491472
GPS2,0.0
GPSM1,0.0
GPSM2,2.049439987961752
GPSM3,0.0
GPSM3,0.0
GPSM3,0.0
GPSM3,0.0
GPSM3,0.0
GPSM3,0.0
GPSM3,0.0
GPT,0.0
GPT2,1.2469559880685197
GPX1,0.0
GPX1P1,0.0
GPX1P2,0.0
GPX2,2.1455741788240514
GPX3,0.0
GPX4,1.3944163697813394
GPX5,0.0
GPX5,0.0
GPX6,0.0
GPX7,0.0
GPX8,0.0
GRAMD1A,0.0
GRAMD1B,2.033789239579625
GRAMD1C,1.3506004547184218
GRAMD2,0.0
GRAMD3,1.0535570409588524
GRAMD4,0.0
GRAMD4P1,0.0
GRAMD4P2,0.0
GRAMD4P3,0.0
GRAMD4P4,0.0
GRAMD4P5,0.0
GRAMD4P6,0.0
GRAMD4P7,0.0
GRAMD4P8,0.0
GRAP,0.0
GRAP2,0.0
GRAPL,0.0
GRASP,0.0
GRB10,1.0219824427879696
GRB14,0.0
GRB2,1.525354679322857
GRB7,0.0
GREB1,1.7522684493138374
GREB1L,2.155319746361917
GREM1,0.0
GREM2,0.0
GRHL1,0.0
GRHL2,0.0
GRHL3,0.0
GRHPR,0.0
GRIA1,2.040117379352544
GRIA2,2.3500691848725044
GRIA3,0.0
GRIA4,1.5042992690810633
GRID1,0.0
GRID2,0.0
GRID2IP,0.0
GRIFIN,0.0
GRIK1,0.0
GRIK1-AS1,0.0
GRIK1-AS2,0.0
GRIK2,2.178767794671365
GRIK3,0.0
GRIK4,0.9105921305334987
GRIK5,0.0
GRIN1,0.0
GRIN2A,0.0
GRIN2B,2.386925797402599
GRIN2C,1.0219824427879696
GRIN2D,0.0
GRIN3A,0.0
GRIN3B,0.0
GRINA,0.0
GRINA,0.0
GRIP1,0.0
GRIP2,0.0
GRIPAP1,0.0
GRK1,0.0
GRK4,0.0
GRK5,0.0
GRK6,0.0
GRK6P1,0.0
GRK7,0.0
GRM1,1.6418345900426288
GRM2,0.0
GRM3,2.9897688938420224
GRM4,0.0
GRM5,0.0
GRM5-AS1,0.0
GRM6,0.0
GRM7,1.514954562424701
GRM7-AS1,0.4127178969233909
GRM7-AS2,0.0
GRM7-AS3,0.0
GRM8,0.0
GRN,0.0
GRP,0.0
GRPEL1,0.0
GRPEL2,0.0
GRPEL2-AS1,0.0
GRPEL2P1,0.0
GRPEL2P2,0.0
GRPEL2P3,0.0
GRPR,0.0
GRSF1,2.289046713426242
GRTP1,0.0
GRTP1-AS1,0.0
GRWD1,0.0
GRXCR1,0.0
GRXCR2,0.0
GS1-103B18.1,0.0
GS1-103B18.1,0.0
GS1-111G14.1,0.0
GS1-114I9.1,0.0
GS1-115G20.1,0.0
GS1-115G20.2,0.0
GS1-115M3.4,0.0
GS1-115M3.4,0.0
GS1-120K12.4,0.0
GS1-122H1.1,0.0
GS1-122H1.2,0.0
GS1-122H1.3,0.0
GS1-124K5.10,1.8146108385283355
GS1-124K5.11,0.0
GS1-124K5.12,0.0
GS1-124K5.2,0.0
GS1-124K5.3,0.0
GS1-124K5.4,0.0
GS1-124K5.6,0.0
GS1-124K5.7,0.0
GS1-124K5.8,0.0
GS1-124K5.9,0.0
GS1-164F24.1,0.0
GS1-164F24.1,0.0
GS1-165B14.2,0.0
GS1-166A23.1,0.0
GS1-166A23.2,0.0
GS1-174L6.4,0.0
GS1-179L18.1,0.0
GS1-184P14.2,0.0
GS1-18A18.1,0.0
GS1-18A18.2,0.0
GS1-200K5.1,0.0
GS1-204I12.1,0.0
GS1-204I12.4,0.0
GS1-21A4.1,0.0
GS1-21A4.2,0.0
GS1-24F4.1,0.0
GS1-24F4.2,0.0
GS1-24F4.3,0.0
GS1-251I9.2,0.0
GS1-251I9.3,0.0
GS1-251I9.4,1.9378825323901545
GS1-256O22.1,0.0
GS1-256O22.5,0.0
GS1-256O22.5,0.0
GS1-257G1.1,0.0
GS1-259H13.10,0.0
GS1-259H13.2,0.0
GS1-259H13.7,0.0
GS1-278J22.1,0.0
GS1-278J22.2,0.0
GS1-279B7.1,0.0
GS1-279B7.2,0.0
GS1-293C5.1,0.0
GS1-304P7.1,0.0
GS1-304P7.2,0.0
GS1-304P7.3,0.0
GS1-309P15.3,0.0
GS1-309P15.4,0.0
GS1-358P8.4,0.0
GS1-383H3.6,0.0
GS1-388B5.1,0.0
GS1-388B5.2,0.0
GS1-388B5.8,0.0
GS1-393G12.12,0.0
GS1-393G12.12,0.0
GS1-393G12.14,0.0
GS1-393G12.14,0.0
GS1-39E22.1,0.0
GS1-39E22.2,1.3349544931480026
GS1-410F4.4,0.0
GS1-410F4.5,0.0
GS1-421I3.2,0.0
GS1-421I3.2,0.0
GS1-421I3.4,0.0
GS1-421I3.4,0.0
GS1-433O24.1,0.0
GS1-44D20.1,0.0
GS1-466O4.2,0.0
GS1-466O4.3,0.0
GS1-466O4.5,0.0
GS1-519E5.1,0.0
GS1-531I17.2,0.0
GS1-531I17.3,0.0
GS1-541M1.1,0.0
GS1-541M1.2,0.0
GS1-542M4.3,0.0
GS1-542M4.4,0.0
GS1-57L11.1,0.0
GS1-590J15.1,0.0
GS1-590J6.2,0.0
GS1-594A7.3,0.0
GS1-594A7.5,0.0
GS1-5L10.1,0.0
GS1-600G8.3,0.0
GS1-600G8.4,0.0
GS1-600G8.5,0.0
GS1-69O6.1,0.0
GS1-72M22.1,0.0
GSAP,0.0
GSC,0.0
GSC2,0.0
GSC2,0.0
GSDMA,0.0
GSDMB,0.5288907918624668
GSDMC,0.0
GSDMD,0.0
GSE1,2.411650381056214
GSG1,0.0
GSG1L,0.0
GSG2,0.0
GSK3A,0.0
GSK3B,1.9610998250314529
GSKIP,0.0
GSN,2.422202893790851
GSN-AS1,0.253644744093139
GSPT1,0.4127178969233909
GSPT2,0.0
GSPT2,0.0
GSR,0.9879310210915638
GSS,0.0
GSTA1,0.0
GSTA2,0.0
GSTA3,0.0
GSTA4,0.7603920768618123
GSTA5,0.0
GSTA6P,0.0
GSTA7P,0.0
GSTCD,0.0
GSTK1,2.3710928217501697
GSTM1,0.0
GSTM2,2.017553329078163
GSTM2P1,0.0
GSTM3,1.9972334333569983
GSTM3P1,0.0
GSTM3P2,0.0
GSTM4,0.253644744093139
GSTM5,0.0
GSTM5P1,0.0
GSTO1,0.0
GSTO2,0.0
GSTO3P,0.0
GSTP1,1.6572748854262789
GSTP1P1,0.0
GSTT1,0.0
GSTT2,0.0
GSTT2B,0.0
GSTTP1,0.0
GSTTP2,0.0
GSTZ1,0.0
GSX1,0.0
GSX2,0.0
GTDC1,0.253644744093139
GTF2A1,1.266040025979822
GTF2A1L,0.0
GTF2A2,1.9216847941836637
GTF2B,2.1672019996173213
GTF2E1,0.0
GTF2E2,0.0
GTF2F1,0.0
GTF2F2,0.0
GTF2F2P1,0.0
GTF2F2P2,0.0
GTF2H1,1.2843206418841475
GTF2H2,0.0
GTF2H2,0.5288907918624668
GTF2H2B,0.0
GTF2H2C,0.253644744093139
GTF2H2D,0.0
GTF2H3,1.2469559880685197
GTF2H4,0.0
GTF2H4,0.0
GTF2H4,0.0
GTF2H4,0.0
GTF2H4,0.0
GTF2H4,0.0
GTF2H5,1.693632285926403
GTF2I,0.0
GTF2I,0.866058549240148
GTF2IP1,0.253644744093139
GTF2IP2,0.0
GTF2IP3,0.0
GTF2IRD1,0.0
GTF2IRD1,0.0
GTF2IRD1P1,0.253644744093139
GTF2IRD2,1.0219824427879696
GTF2IRD2B,0.9105921305334987
GTF2IRD2P1,0.0
GTF3A,1.266040025979822
GTF3C1,1.2843206418841475
GTF3C2,0.0
GTF3C3,1.434214011430753
GTF3C4,0.4127178969233909
GTF3C5,0.0
GTF3C6,0.866058549240148
GTPBP1,1.8402371571691645
GTPBP10,0.5288907918624668
GTPBP2,0.0
GTPBP3,0.253644744093139
GTPBP4,2.6206197731894427
GTPBP6,0.0
GTPBP6,0.0
GTPBP8,1.3349544931480026
GTSCR1,0.0
GTSE1,0.0
GTSF1,0.0
GTSF1L,0.0
GUCA1A,0.0
GUCA1B,0.0
GUCA1C,0.0
GUCA2A,0.0
GUCA2B,0.0
GUCD1,2.6968669243256898
GUCY1A2,2.155319746361917
GUCY1A3,2.4679264210383858
GUCY1B2,0.0
GUCY1B3,2.306402712015204
GUCY2C,0.0
GUCY2D,0.0
GUCY2EP,0.0
GUCY2F,0.0
GUCY2GP,0.0
GUF1,2.174178371429241
GUK1,1.1105557679530071
GULOP,0.0
GULP1,0.0
GUSB,0.0
GUSBP1,1.803921369136032
GUSBP10,0.0
GUSBP11,0.8164310788769841
GUSBP12,0.0
GUSBP2,1.1364750726028654
GUSBP3,0.0
GUSBP4,0.4127178969233909
GUSBP5,0.0
GUSBP6,0.0
GUSBP8,0.0
GUSBP9,0.0
GVINP1,0.0
GVINP2,0.0
GVQW1,0.0
GXYLT1,0.0
GXYLT1P1,0.0
GXYLT1P2,0.0
GXYLT2,0.0
GYG1,0.9509808635159877
GYG1P1,0.0
GYG1P2,0.0
GYG1P3,0.0
GYG2,0.9879310210915638
GYG2-AS1,0.0
GYG2P1,0.0
GYLTL1B,0.0
GYPA,0.0
GYPB,0.0
GYPC,0.0
GYPE,0.0
GYS1,0.866058549240148
GYS2,0.0
GZF1,0.0
GZMA,0.0
GZMAP1,0.0
GZMB,0.0
GZMH,0.0
GZMK,0.0
GZMM,0.0
H19,0.0
H1F0,1.434214011430753
H1FNT,0.0
H1FOO,0.0
H1FX,0.0
H1FX-AS1,0.0
H2AFB1,0.0
H2AFB1,0.0
H2AFB2,0.0
H2AFB2,0.0
H2AFB3,0.0
H2AFB3,0.0
H2AFJ,0.0
H2AFV,2.5391649108460674
H2AFX,0.0
H2AFY,1.0219824427879696
H2AFY2,0.0
H2AFZ,1.4467087411059607
H2AFZP1,0.0
H2AFZP3,0.0
H2AFZP4,0.0
H2AFZP5,0.0
H2AFZP6,0.0
H2BFM,0.0
H2BFM,0.0
H2BFS,0.0
H2BFWT,0.0
H2BFWT,0.0
H2BFXP,0.0
H3F3A,1.945760348159504
H3F3AP1,0.0
H3F3AP3,0.0
H3F3AP4,1.2469559880685197
H3F3AP5,0.0
H3F3AP5,0.0
H3F3AP6,0.4127178969233909
H3F3B,3.168525528952903
H3F3BP1,0.253644744093139
H3F3BP2,0.0
H3F3BP2,0.0
H3F3C,0.8164310788769841
H6PD,1.408091496025075
HAAO,0.0
HABP2,0.0
HABP4,0.0
HACE1,1.7817191880906658
HACL1,1.9573154496595009
HADH,0.0
HADHA,1.9867054694268544
HADHAP1,0.0
HADHB,0.0
HAGH,0.0
HAGHL,0.0
HAL,0.0
HAMP,0.0
HAND1,0.0
HAND2,0.0
HAND2-AS1,0.0
HAO1,0.0
HAO2,0.0
HAO2-IT1,0.0
HAP1,0.0
HAP1,0.0
HAPLN1,0.0
HAPLN2,0.0
HAPLN3,0.0
HAPLN4,0.0
HAR1A,0.0
HAR1B,0.0
HARBI1,0.6204550963106681
HARS,0.0
HARS2,0.0
HAS1,1.1609342125054871
HAS2,0.0
HAS2-AS1,0.0
HAS3,0.0
HAT1,2.794985427096833
HAUS1,0.0
HAUS1P1,0.0
HAUS1P2,0.0
HAUS1P3,0.0
HAUS2,0.0
HAUS3,2.155319746361917
HAUS4,0.0
HAUS4P1,0.0
HAUS5,0.0
HAUS6,0.0
HAUS6P1,0.0
HAUS6P2,0.0
HAUS7,0.0
HAUS7,0.0
HAUS8,0.0
HAUS8P1,0.0
HAVCR1,0.0
HAVCR1P1,0.0
HAVCR2,0.0
HAX1,0.0
HBA1,0.0
HBA2,0.0
HBB,0.0
HBBP1,0.253644744093139
HBCBP,0.0
HBD,0.0
HBE1,0.0
HBEGF,0.0
HBG1,0.0
HBG2,0.0
HBM,0.0
HBP1,0.0
HBQ1,0.0
HBS1L,1.7005522897870602
HBZ,0.0
HBZP1,0.0
HCAR1,0.0
HCAR2,0.0
HCAR3,0.0
HCCAT3,0.0
HCCAT5,0.0
HCCS,0.0
HCFC1,0.0
HCFC1,0.0
HCFC1-AS1,0.0
HCFC1-AS1,0.0
HCFC1R1,0.0
HCFC2,0.866058549240148
HCFC2P1,0.0
HCG11,2.0876739547681398
HCG14,0.0
HCG14,0.0
HCG14,0.0
HCG14,0.0
HCG14,0.0
HCG14,0.0
HCG15,0.0
HCG15,0.0
HCG15,0.0
HCG15,0.0
HCG15,0.0
HCG15,0.0
HCG15,0.0
HCG16,0.0
HCG16,0.0
HCG16,0.0
HCG16,0.0
HCG16,0.0
HCG16,0.0
HCG16,0.0
HCG17,0.0
HCG17,0.0
HCG17,0.0
HCG17,0.0
HCG17,0.0
HCG17,0.0
HCG17,0.0
HCG18,0.0
HCG18,0.0
HCG18,0.0
HCG18,0.0
HCG18,0.0
HCG18,0.0
HCG18,0.0
HCG19P,0.0
HCG19P,0.0
HCG19P,0.0
HCG19P,0.0
HCG19P,0.0
HCG19P,0.0
HCG19P,0.0
HCG20,0.0
HCG20,0.0
HCG20,0.0
HCG20,0.0
HCG20,0.0
HCG20,0.0
HCG21,0.0
HCG21,0.0
HCG21,0.0
HCG21,0.0
HCG21,0.0
HCG22,0.0
HCG22,0.0
HCG22,0.0
HCG22,0.0
HCG22,0.0
HCG22,0.0
HCG22,0.0
HCG22,0.0
HCG23,0.0
HCG23,0.0
HCG23,0.0
HCG23,0.0
HCG23,0.0
HCG23,0.0
HCG23,0.0
HCG23,0.0
HCG24,0.0
HCG24,0.0
HCG24,0.0
HCG24,0.0
HCG24,0.0
HCG25,0.0
HCG25,0.0
HCG25,0.0
HCG25,0.0
HCG25,0.0
HCG25,0.0
HCG25,0.0
HCG27,0.0
HCG27,0.0
HCG27,0.0
HCG27,0.253644744093139
HCG27,0.0
HCG27,0.0
HCG27,0.0
HCG4,0.0
HCG4,0.0
HCG4,0.0
HCG4,0.0
HCG4,0.0
HCG4,0.0
HCG4,0.0
HCG4,0.0
HCG4B,0.0
HCG4B,0.0
HCG4B,0.0
HCG4B,0.0
HCG4B,0.0
HCG4B,0.0
HCG4B,0.0
HCG4B,0.0
HCG4P11,0.0
HCG4P11,0.0
HCG4P11,0.0
HCG4P11,0.0
HCG4P11,0.0
HCG4P11,0.0
HCG4P11,0.0
HCG4P3,0.0
HCG4P3,0.0
HCG4P3,0.0
HCG4P3,0.0
HCG4P3,0.0
HCG4P3,0.0
HCG4P3,0.0
HCG4P3,0.0
HCG4P5,0.0
HCG4P5,0.0
HCG4P5,0.0
HCG4P5,0.0
HCG4P5,0.0
HCG4P5,0.0
HCG4P5,0.0
HCG4P5,0.0
HCG4P5,0.0
HCG4P7,0.0
HCG4P7,0.0
HCG4P7,0.0
HCG4P7,0.0
HCG4P7,0.0
HCG4P7,0.0
HCG4P7,0.0
HCG4P7,0.0
HCG4P8,0.0
HCG4P8,0.0
HCG4P8,0.0
HCG4P8,0.0
HCG4P8,0.0
HCG4P8,0.0
HCG4P8,0.0
HCG9,0.0
HCG9,0.0
HCG9,0.0
HCG9,0.0
HCG9,0.0
HCG9,0.0
HCG9,0.0
HCG9P5,0.0
HCG9P5,0.0
HCG9P5,0.0
HCG9P5,0.0
HCG9P5,0.0
HCG9P5,0.0
HCG9P5,0.0
HCK,0.0
HCLS1,0.0
HCN1,0.0
HCN2,0.0
HCN3,0.0
HCN3,0.0
HCN4,2.138118749168065
HCP5,0.0
HCP5,0.0
HCP5,0.0
HCP5,0.0
HCRT,0.0
HCRTR1,0.0
HCRTR2,0.0
HCST,0.0
HDAC1,0.7603920768618123
HDAC10,0.0
HDAC11,0.0
HDAC11-AS1,0.0
HDAC1P1,0.0
HDAC1P2,0.0
HDAC2,0.253644744093139
HDAC3,0.8164310788769841
HDAC4,1.7461308297538636
HDAC5,0.0
HDAC6,0.0
HDAC6,0.0
HDAC7,0.0
HDAC8,0.0
HDAC8,0.0
HDAC9,0.0
HDC,0.0
HDDC2,2.043247203864058
HDDC3,1.1364750726028654
HDGF,0.0
HDGFL1,0.0
HDGFP1,0.0
HDGFRP2,0.0
HDGFRP3,0.0
HDHD1,0.9509808635159877
HDHD1P1,0.0
HDHD1P2,0.0
HDHD1P3,0.0
HDHD2,1.5551393200304595
HDHD3,0.6204550963106681
HDLBP,2.698939073717091
HDX,2.1672019996173213
HEATR1,1.4588540253591942
HEATR2,2.1330763966762865
HEATR3,0.0
HEATR4,0.0
HEATR5A,0.0
HEATR5B,2.176479145384896
HEATR6,0.0
HEBP1,0.0
HEBP2,0.0
HECA,0.0
HECTD1,2.6287948062436306
HECTD2,2.0305902524630275
HECTD3,0.0
HECTD4,1.266040025979822
HECW1,0.0
HECW1-IT1,0.0
HECW2,0.0
HEG1,0.0
HELB,0.0
HELLS,0.0
HELQ,0.0
HELT,0.0
HELZ,0.5288907918624668
HELZ2,0.0
HEMGN,0.0
HEMK1,1.4213491305518202
HENMT1,0.0
HEPACAM,1.7461308297538636
HEPACAM2,0.0
HEPH,1.9573154496595009
HEPHL1,0.0
HEPN1,0.0
HERC1,2.3651891954641298
HERC2,2.084849460186147
HERC2P10,0.0
HERC2P2,1.7873770459247007
HERC2P3,0.0
HERC2P4,0.0
HERC2P5,0.0
HERC2P7,0.0
HERC2P8,0.0
HERC2P9,0.6204550963106681
HERC3,1.0829908296976
HERC4,2.010885112023206
HERC5,0.0
HERC6,0.0
HERPUD1,3.1079302966797875
HERPUD2,1.5454363124656982
HES1,1.4213491305518202
HES2,0.0
HES3,0.0
HES4,0.0
HES5,0.0
HES6,0.866058549240148
HES7,0.0
HESX1,0.0
HEXA,0.0
HEXA-AS1,0.0
HEXB,2.392543073202304
HEXDC,0.0
HEXIM1,1.9378825323901545
HEXIM2,0.0
HEY1,0.4127178969233909
HEY2,1.3944163697813394
HEYL,0.0
HFE,0.0
HFE2,0.0
HFE2,0.0
HFM1,0.0
HGD,0.0
HGF,0.0
HGFAC,0.0
HGS,0.0
HGSNAT,0.0
HHAT,0.0
HHATL,1.1840889676042927
HHATL-AS1,0.0
HHEX,0.0
HHIP,0.0
HHIP-AS1,0.0
HHIPL1,0.0
HHIPL2,0.0
HHLA1,0.0
HHLA2,0.0
HHLA3,0.0
HIAT1,1.9216847941836637
HIATL1,0.0
HIATL2,0.0
HIBADH,1.4933759616707991
HIBCH,2.632022212980809
HIC1,0.0
HIC2,0.0
HID1,0.0
HIF1A,2.5480331854966933
HIF1A-AS1,0.0
HIF1A-AS2,1.5551393200304595
HIF1AN,0.0
HIF1AP1,0.0
HIF3A,2.6777587535320184
HIGD1A,2.588070597828998
HIGD1AP1,0.0
HIGD1AP10,0.0
HIGD1AP11,0.0
HIGD1AP12,0.0
HIGD1AP13,0.0
HIGD1AP14,0.0
HIGD1AP15,0.0
HIGD1AP16,0.0
HIGD1AP17,0.0
HIGD1AP18,0.0
HIGD1AP2,0.0
HIGD1AP3,0.0
HIGD1AP4,0.0
HIGD1AP5,0.0
HIGD1AP6,0.0
HIGD1AP8,0.0
HIGD1AP9,0.0
HIGD1B,0.0
HIGD1C,0.0
HIGD2A,0.0
HIGD2B,0.0
HILPDA,2.993981082115152
HILS1,0.0
HIN1L,0.8164310788769841
HINFP,0.0
HINT1,2.292573845656421
HINT1P1,0.0
HINT2,1.0219824427879696
HINT3,1.5551393200304595
HIP1,0.0
HIP1,0.0
HIP1R,2.033789239579625
HIPK1,1.76428944396994
HIPK2,2.6131283160472547
HIPK3,2.4062763885730454
HIPK4,0.0
HIRA,1.434214011430753
HIRAP1,0.0
HIRIP3,1.591918701844707
HIST1H1A,0.0
HIST1H1B,0.0
HIST1H1C,1.408091496025075
HIST1H1D,0.0
HIST1H1E,0.0
HIST1H1PS1,0.0
HIST1H1PS2,0.0
HIST1H1T,0.0
HIST1H2AA,0.0
HIST1H2AB,0.0
HIST1H2AC,0.0
HIST1H2AD,0.0
HIST1H2AE,0.0
HIST1H2AG,0.0
HIST1H2AH,0.0
HIST1H2AI,0.0
HIST1H2AJ,0.0
HIST1H2AK,0.0
HIST1H2AL,0.0
HIST1H2AM,0.0
HIST1H2APS1,0.0
HIST1H2APS2,0.0
HIST1H2APS3,0.0
HIST1H2APS4,0.0
HIST1H2APS6,0.0
HIST1H2BA,0.0
HIST1H2BB,0.0
HIST1H2BC,1.2469559880685197
HIST1H2BD,0.0
HIST1H2BE,0.0
HIST1H2BF,0.0
HIST1H2BG,0.0
HIST1H2BH,0.0
HIST1H2BI,0.0
HIST1H2BJ,0.0
HIST1H2BK,0.0
HIST1H2BL,0.0
HIST1H2BM,0.0
HIST1H2BN,0.0
HIST1H2BO,0.0
HIST1H2BPS1,0.0
HIST1H2BPS2,0.0
HIST1H2BPS3,0.0
HIST1H3A,0.0
HIST1H3B,0.0
HIST1H3C,0.0
HIST1H3D,0.0
HIST1H3E,0.0
HIST1H3F,0.0
HIST1H3G,0.0
HIST1H3H,0.0
HIST1H3I,0.0
HIST1H3J,0.0
HIST1H3PS1,0.0
HIST1H4A,0.0
HIST1H4A,0.0
HIST1H4A,0.0
HIST1H4B,0.0
HIST1H4C,1.7140700431083098
HIST1H4D,0.0
HIST1H4E,0.0
HIST1H4F,0.0
HIST1H4G,0.0
HIST1H4H,0.0
HIST1H4I,0.0
HIST1H4J,0.0
HIST1H4K,0.0
HIST1H4L,0.0
HIST1H4PS1,0.0
HIST2H2AA3,0.0
HIST2H2AA3,0.0
HIST2H2AA4,0.0
HIST2H2AA4,0.0
HIST2H2AB,0.0
HIST2H2AB,0.0
HIST2H2AC,0.0
HIST2H2AC,0.0
HIST2H2BA,0.0
HIST2H2BA,0.0
HIST2H2BB,0.0
HIST2H2BB,0.0
HIST2H2BC,0.0
HIST2H2BC,0.0
HIST2H2BD,0.0
HIST2H2BD,0.5288907918624668
HIST2H2BE,0.0
HIST2H2BE,0.0
HIST2H2BF,0.0
HIST2H2BF,0.0
HIST2H3A,0.0
HIST2H3A,0.0
HIST2H3C,0.0
HIST2H3C,0.0
HIST2H3D,0.0
HIST2H3D,0.0
HIST2H3DP1,0.0
HIST2H3DP1,0.0
HIST2H3PS2,0.0
HIST2H3PS2,0.0
HIST2H4A,0.253644744093139
HIST2H4B,0.0
HIST3H2A,0.0
HIST3H2BA,0.0
HIST3H2BB,0.0
HIST3H3,0.0
HIST4H4,0.0
HIVEP1,0.6960356275201428
HIVEP2,0.0
HIVEP3,0.253644744093139
HJURP,0.0
HK1,1.89179836789066
HK2,0.0
HK2P1,0.0
HK3,0.0
HKDC1,0.0
HKR1,1.664793942489872
HLA-A,0.0
HLA-A,0.0
HLA-A,0.0
HLA-A,0.0
HLA-A,0.0
HLA-A,0.0
HLA-A,0.0
HLA-A,0.0
HLA-ABC,0.0
HLA-AS1,0.4127178969233909
HLA-B,0.0
HLA-B,0.253644744093139
HLA-B,0.0
HLA-B,0.0
HLA-B,0.0
HLA-B,0.0
HLA-C,0.0
HLA-C,0.0
HLA-C,0.0
HLA-C,0.9879310210915638
HLA-C,0.0
HLA-C,0.0
HLA-C,0.0
HLA-DMA,0.253644744093139
HLA-DMA,0.0
HLA-DMA,0.0
HLA-DMA,0.0
HLA-DMA,0.0
HLA-DMA,0.0
HLA-DMA,0.0
HLA-DMA,0.0
HLA-DMB,0.0
HLA-DMB,0.0
HLA-DMB,0.0
HLA-DMB,0.0
HLA-DMB,0.0
HLA-DMB,0.0
HLA-DMB,0.0
HLA-DMB,0.0
HLA-DOA,0.0
HLA-DOA,0.0
HLA-DOA,0.0
HLA-DOA,0.0
HLA-DOA,0.0
HLA-DOA,0.0
HLA-DOA,0.0
HLA-DOB,0.0
HLA-DOB,0.0
HLA-DOB,0.0
HLA-DOB,0.0
HLA-DOB,0.0
HLA-DOB,0.0
HLA-DPA1,0.0
HLA-DPA1,0.0
HLA-DPA1,0.0
HLA-DPA1,0.0
HLA-DPA1,0.0
HLA-DPA1,0.0
HLA-DPA1,0.0
HLA-DPA1,0.0
HLA-DPA2,0.0
HLA-DPA2,0.0
HLA-DPA2,0.0
HLA-DPA2,0.0
HLA-DPA2,0.0
HLA-DPA2,0.0
HLA-DPA2,0.0
HLA-DPA2,0.0
HLA-DPA3,0.0
HLA-DPA3,0.0
HLA-DPA3,0.0
HLA-DPA3,0.0
HLA-DPA3,0.0
HLA-DPA3,0.0
HLA-DPA3,0.0
HLA-DPB1,0.0
HLA-DPB1,0.0
HLA-DPB1,0.0
HLA-DPB1,0.0
HLA-DPB1,0.0
HLA-DPB1,0.0
HLA-DPB1,0.0
HLA-DPB1,0.253644744093139
HLA-DPB2,0.0
HLA-DPB2,0.0
HLA-DPB2,0.0
HLA-DPB2,0.0
HLA-DPB2,0.0
HLA-DPB2,0.0
HLA-DPB2,0.0
HLA-DPB2,0.0
HLA-DQA1,0.0
HLA-DQA1,0.0
HLA-DQA1,0.0
HLA-DQA1,0.0
HLA-DQA1,0.0
HLA-DQA1,0.0
HLA-DQA2,0.0
HLA-DQA2,0.0
HLA-DQA2,0.0
HLA-DQA2,0.0
HLA-DQA2,0.0
HLA-DQA2,0.0
HLA-DQA2,0.0
HLA-DQA2,0.0
HLA-DQB1,0.0
HLA-DQB1,0.0
HLA-DQB1,0.0
HLA-DQB1,0.0
HLA-DQB1,0.0
HLA-DQB1,0.0
HLA-DQB1,0.0
HLA-DQB1-AS1,0.0
HLA-DQB1-AS1,0.0
HLA-DQB1-AS1,0.0
HLA-DQB1-AS1,0.0
HLA-DQB1-AS1,0.0
HLA-DQB1-AS1,0.0
HLA-DQB1-AS1,0.0
HLA-DQB2,0.0
HLA-DQB2,0.0
HLA-DQB2,0.0
HLA-DQB2,0.0
HLA-DQB2,0.0
HLA-DQB2,0.0
HLA-DQB2,0.0
HLA-DQB2,0.0
HLA-DQB3,0.0
HLA-DQB3,0.0
HLA-DQB3,0.0
HLA-DQB3,0.0
HLA-DQB3,0.0
HLA-DQB3,0.0
HLA-DQB3,0.0
HLA-DQB3,0.0
HLA-DRA,0.0
HLA-DRA,0.0
HLA-DRA,0.0
HLA-DRA,0.0
HLA-DRA,0.0
HLA-DRA,0.0
HLA-DRA,0.0
HLA-DRB1,0.0
HLA-DRB1,0.0
HLA-DRB1,0.0
HLA-DRB1,0.0
HLA-DRB1,0.0
HLA-DRB1,0.0
HLA-DRB2,0.0
HLA-DRB2,0.0
HLA-DRB3,0.0
HLA-DRB3$0301,0.0
HLA-DRB3$0301,0.0
HLA-DRB4,0.0
HLA-DRB5,0.0
HLA-DRB6,0.0
HLA-DRB7,0.0
HLA-DRB7,0.0
HLA-DRB7,0.0
HLA-DRB8,0.0
HLA-DRB8,0.0
HLA-DRB9,0.0
HLA-DRB9,0.0
HLA-DRB9,0.0
HLA-DRB9,0.0
HLA-DRB9,0.0
HLA-DRB9,0.0
HLA-DRB9,0.0
HLA-DRB9,0.0
HLA-E,0.0
HLA-E,0.0
HLA-E,0.0
HLA-E,0.0
HLA-E,0.0
HLA-E,0.0
HLA-E,0.0
HLA-F,0.0
HLA-F,0.0
HLA-F,0.0
HLA-F,0.0
HLA-F,0.0
HLA-F,0.0
HLA-F,0.0
HLA-F-AS1,2.304697993857165
HLA-G,0.0
HLA-G,0.0
HLA-G,0.0
HLA-G,0.0
HLA-G,0.0
HLA-G,0.0
HLA-G,0.0
HLA-G,0.0
HLA-H,0.0
HLA-H,0.0
HLA-H,0.0
HLA-H,0.0
HLA-H,0.0
HLA-H,0.0
HLA-H,0.0
HLA-H,0.0
HLA-J,0.0
HLA-J,0.0
HLA-J,0.0
HLA-J,0.0
HLA-J,0.0
HLA-J,0.0
HLA-J,0.0
HLA-J,0.0
HLA-K,0.0
HLA-K,0.0
HLA-K,0.0
HLA-K,0.0
HLA-K,0.0
HLA-K,0.0
HLA-K,0.0
HLA-K,0.0
HLA-L,0.0
HLA-L,0.0
HLA-L,0.0
HLA-L,0.0
HLA-L,0.0
HLA-L,0.0
HLA-N,0.0
HLA-N,0.0
HLA-N,0.0
HLA-N,0.0
HLA-N,0.0
HLA-N,0.0
HLA-N,0.0
HLA-P,0.0
HLA-P,0.0
HLA-P,0.0
HLA-P,0.0
HLA-P,0.0
HLA-P,0.0
HLA-P,0.0
HLA-P,0.0
HLA-S,0.0
HLA-S,0.0
HLA-S,0.0
HLA-S,0.0
HLA-S,0.0
HLA-T,0.0
HLA-T,0.0
HLA-T,0.0
HLA-T,0.0
HLA-T,0.0
HLA-T,0.0
HLA-T,0.0
HLA-T,0.0
HLA-T,0.0
HLA-U,0.0
HLA-U,0.0
HLA-U,0.0
HLA-U,0.0
HLA-U,0.0
HLA-U,0.0
HLA-U,0.0
HLA-U,0.0
HLA-V,0.0
HLA-V,0.0
HLA-V,0.0
HLA-V,0.0
HLA-V,0.0
HLA-V,0.0
HLA-V,0.0
HLA-V,0.0
HLA-W,0.0
HLA-W,0.0
HLA-W,0.0
HLA-W,0.0
HLA-W,0.0
HLA-W,0.0
HLA-W,0.0
HLA-W,0.0
HLA-W,0.0
HLA-Z,0.0
HLA-Z,0.0
HLA-Z,0.0
HLA-Z,0.0
HLA-Z,0.0
HLA-Z,0.0
HLA-Z,0.0
HLA-Z,0.0
HLCS,0.253644744093139
HLCS-IT1,0.0
HLF,0.0
HLFP1,0.0
HLTF,1.990243223759475
HLTF-AS1,0.0
HLX,0.0
HM13,1.4467087411059607
HM13-AS1,0.0
HM13-IT1,0.0
HMBOX1,0.0
HMBOX1-IT1,0.0
HMBS,0.0
HMCES,0.0
HMCN1,0.0
HMCN2,0.0
HMG20A,0.9105921305334987
HMG20B,0.0
HMGA1,0.0
HMGA1P1,0.0
HMGA1P2,0.0
HMGA1P3,0.0
HMGA1P4,0.0
HMGA1P5,0.0
HMGA1P6,0.0
HMGA1P7,0.0
HMGA1P8,0.0
HMGA2,0.0
HMGB1,2.3081007648681227
HMGB1P1,0.0
HMGB1P10,0.4127178969233909
HMGB1P11,0.0
HMGB1P12,0.0
HMGB1P13,0.0
HMGB1P14,0.0
HMGB1P15,0.0
HMGB1P15,0.0
HMGB1P16,0.0
HMGB1P16,0.0
HMGB1P17,0.0
HMGB1P18,0.0
HMGB1P19,0.0
HMGB1P20,0.0
HMGB1P21,1.1364750726028654
HMGB1P22,0.0
HMGB1P23,0.0
HMGB1P24,0.0
HMGB1P25,0.0
HMGB1P26,0.0
HMGB1P27,0.0
HMGB1P28,0.0
HMGB1P29,0.0
HMGB1P3,0.0
HMGB1P30,0.0
HMGB1P31,0.0
HMGB1P32,0.0
HMGB1P35,0.0
HMGB1P36,0.0
HMGB1P37,0.0
HMGB1P38,0.0
HMGB1P39,0.0
HMGB1P4,0.0
HMGB1P41,0.0
HMGB1P42,0.0
HMGB1P44,0.0
HMGB1P45,0.0
HMGB1P46,0.0
HMGB1P47,0.0
HMGB1P48,0.0
HMGB1P5,1.1364750726028654
HMGB1P7,0.0
HMGB1P8,0.0
HMGB1P9,0.0
HMGB2,2.393936112729872
HMGB2P1,0.0
HMGB3,0.0
HMGB3,0.0
HMGB3P1,0.0
HMGB3P10,0.0
HMGB3P11,0.0
HMGB3P12,0.0
HMGB3P13,0.0
HMGB3P14,0.0
HMGB3P15,0.0
HMGB3P16,0.0
HMGB3P17,0.0
HMGB3P18,0.0
HMGB3P19,0.0
HMGB3P2,0.0
HMGB3P20,0.0
HMGB3P21,0.0
HMGB3P22,0.253644744093139
HMGB3P23,0.0
HMGB3P24,0.0
HMGB3P26,0.0
HMGB3P27,0.0
HMGB3P3,0.0
HMGB3P30,0.0
HMGB3P31,0.0
HMGB3P32,0.0
HMGB3P4,0.0
HMGB3P5,0.0
HMGB3P6,0.0
HMGB3P7,0.0
HMGB3P8,0.0
HMGB3P9,0.0
HMGB4,0.0
HMGCL,1.9610998250314529
HMGCLL1,0.6204550963106681
HMGCR,2.447514123328141
HMGCS1,1.864435233988068
HMGCS2,0.0
HMGN1,2.0555457066445686
HMGN1P10,0.0
HMGN1P11,0.0
HMGN1P12,0.0
HMGN1P12,0.0
HMGN1P13,0.0
HMGN1P14,0.0
HMGN1P15,0.0
HMGN1P16,0.0
HMGN1P17,0.0
HMGN1P18,0.0
HMGN1P19,0.0
HMGN1P2,0.0
HMGN1P20,0.0
HMGN1P24,1.365702298095103
HMGN1P26,0.0
HMGN1P28,0.0
HMGN1P3,0.0
HMGN1P30,0.0
HMGN1P32,0.0
HMGN1P33,0.0
HMGN1P34,0.0
HMGN1P35,0.0
HMGN1P36,0.0
HMGN1P37,0.0
HMGN1P37,0.0
HMGN1P38,0.0
HMGN1P4,0.0
HMGN1P5,0.0
HMGN1P6,0.0
HMGN1P7,0.0
HMGN1P8,0.0
HMGN1P9,0.0
HMGN2,0.9105921305334987
HMGN2P10,0.0
HMGN2P11,0.0
HMGN2P13,0.0
HMGN2P15,0.0
HMGN2P16,0.0
HMGN2P17,0.0
HMGN2P18,0.0
HMGN2P19,0.0
HMGN2P20,0.0
HMGN2P21,0.0
HMGN2P21,0.0
HMGN2P22,0.0
HMGN2P23,0.0
HMGN2P24,0.0
HMGN2P25,0.0
HMGN2P26,0.0
HMGN2P27,0.0
HMGN2P28,0.0
HMGN2P3,0.0
HMGN2P30,0.0
HMGN2P31,0.0
HMGN2P32,0.0
HMGN2P34,0.0
HMGN2P35,0.0
HMGN2P36,0.0
HMGN2P38,0.0
HMGN2P39,0.0
HMGN2P4,0.0
HMGN2P40,0.0
HMGN2P41,0.0
HMGN2P46,0.0
HMGN2P47,0.0
HMGN2P5,0.0
HMGN2P6,0.0
HMGN2P7,0.0
HMGN2P8,0.0
HMGN2P9,0.0
HMGN3,1.7461308297538636
HMGN3-AS1,0.0
HMGN3P1,0.0
HMGN4,1.9759159375793864
HMGN5,0.0
HMGXB3,2.6652815560351266
HMGXB4,1.89179836789066
HMHA1,0.0
HMHB1,0.0
HMMR,0.6204550963106681
HMOX1,2.020849432240322
HMOX2,1.5830117235334478
HMSD,0.0
HMX1,0.0
HMX2,0.0
HMX3,0.0
HN1,0.9105921305334987
HN1L,0.0
HNF1A,0.0
HNF1A-AS1,0.0
HNF1B,0.0
HNF4A,0.0
HNF4G,0.0
HNF4GP1,0.0
HNMT,0.0
HNRNPA0,1.1105557679530071
HNRNPA1,1.7005522897870602
HNRNPA1L2,0.0
HNRNPA1P1,0.0
HNRNPA1P10,0.253644744093139
HNRNPA1P11,0.0
HNRNPA1P12,0.0
HNRNPA1P13,0.0
HNRNPA1P14,0.0
HNRNPA1P15,0.0
HNRNPA1P16,0.0
HNRNPA1P17,0.0
HNRNPA1P18,0.0
HNRNPA1P19,0.0
HNRNPA1P2,0.0
HNRNPA1P2,0.0
HNRNPA1P2,0.0
HNRNPA1P2,0.0
HNRNPA1P2,0.0
HNRNPA1P2,0.0
HNRNPA1P2,0.0
HNRNPA1P2,0.0
HNRNPA1P20,0.0
HNRNPA1P21,0.0
HNRNPA1P22,0.0
HNRNPA1P23,0.0
HNRNPA1P24,0.0
HNRNPA1P25,0.253644744093139
HNRNPA1P26,0.0
HNRNPA1P27,0.0
HNRNPA1P28,0.0
HNRNPA1P29,0.0
HNRNPA1P3,0.0
HNRNPA1P30,0.0
HNRNPA1P31,0.0
HNRNPA1P32,0.0
HNRNPA1P33,0.0
HNRNPA1P34,0.0
HNRNPA1P35,0.0
HNRNPA1P36,0.0
HNRNPA1P37,0.0
HNRNPA1P38,0.0
HNRNPA1P39,0.0
HNRNPA1P4,0.0
HNRNPA1P40,0.0
HNRNPA1P41,0.0
HNRNPA1P42,0.0
HNRNPA1P43,0.0
HNRNPA1P44,0.0
HNRNPA1P45,0.0
HNRNPA1P46,0.0
HNRNPA1P47,0.0
HNRNPA1P48,0.0
HNRNPA1P49,0.0
HNRNPA1P5,0.0
HNRNPA1P50,0.0
HNRNPA1P51,0.0
HNRNPA1P52,0.0
HNRNPA1P52,0.0
HNRNPA1P53,0.0
HNRNPA1P54,0.0
HNRNPA1P55,0.0
HNRNPA1P56,0.0
HNRNPA1P57,0.0
HNRNPA1P58,0.0
HNRNPA1P59,0.0
HNRNPA1P6,0.0
HNRNPA1P60,0.0
HNRNPA1P61,0.0
HNRNPA1P62,0.0
HNRNPA1P63,0.0
HNRNPA1P64,0.0
HNRNPA1P65,0.0
HNRNPA1P66,0.0
HNRNPA1P67,0.0
HNRNPA1P68,0.0
HNRNPA1P69,0.0
HNRNPA1P7,0.0
HNRNPA1P70,0.0
HNRNPA1P71,0.0
HNRNPA1P72,0.0
HNRNPA1P73,0.0
HNRNPA1P74,0.0
HNRNPA1P76,0.0
HNRNPA1P8,0.0
HNRNPA1P9,0.0
HNRNPA2B1,2.5960029668384905
HNRNPA3,0.9105921305334987
HNRNPA3P1,0.0
HNRNPA3P10,0.0
HNRNPA3P11,0.0
HNRNPA3P12,0.0
HNRNPA3P13,0.0
HNRNPA3P14,0.0
HNRNPA3P15,0.0
HNRNPA3P16,0.0
HNRNPA3P2,0.0
HNRNPA3P3,0.0
HNRNPA3P4,0.0
HNRNPA3P5,0.0
HNRNPA3P6,0.0
HNRNPA3P7,0.0
HNRNPA3P8,0.0
HNRNPA3P9,0.0
HNRNPAB,0.0
HNRNPABP1,0.0
HNRNPC,2.4795002492565743
HNRNPCL1,0.0
HNRNPCP1,0.0
HNRNPCP10,0.0
HNRNPCP10,0.0
HNRNPCP2,0.9879310210915638
HNRNPCP3,0.0
HNRNPCP4,0.253644744093139
HNRNPCP5,0.0
HNRNPCP6,0.253644744093139
HNRNPCP7,1.7005522897870602
HNRNPCP8,0.0
HNRNPCP9,0.0
HNRNPD,1.85007876288628
HNRNPDL,2.6919931101965187
HNRNPDLP1,0.0
HNRNPDLP2,0.0
HNRNPDLP3,0.0
HNRNPDLP4,0.0
HNRNPDP1,0.0
HNRNPDP2,0.0
HNRNPF,0.0
HNRNPFP1,0.0
HNRNPH1,2.9098293793669576
HNRNPH1P1,0.0
HNRNPH1P2,0.0
HNRNPH1P2,0.0
HNRNPH1P3,0.0
HNRNPH2,0.0
HNRNPH2,0.0
HNRNPH3,1.7817191880906658
HNRNPH3P1,0.0
HNRNPK,2.2074721343026256
HNRNPKP1,0.0
HNRNPKP2,0.0
HNRNPKP3,0.0
HNRNPKP4,0.0
HNRNPKP5,0.0
HNRNPL,0.8164310788769841
HNRNPLL,1.2843206418841475
HNRNPLP1,0.0
HNRNPLP2,0.0
HNRNPM,0.253644744093139
HNRNPMP1,0.0
HNRNPMP2,0.0
HNRNPR,1.365702298095103
HNRNPRP1,0.0
HNRNPRP2,0.0
HNRNPU,3.133242337852232
HNRNPU-AS1,0.0
HNRNPUL1,0.0
HNRNPUL2,0.0
HNRNPUL2-BSCL2,0.0
HNRNPUP1,0.0
HOGA1,0.0
HOMER1,1.909127290849204
HOMER2,0.0
HOMER2P1,0.0
HOMER2P1,0.0
HOMER2P2,0.0
HOMER2P2,0.0
HOMER3,0.0
HOMEZ,0.0
HOOK1,1.408091496025075
HOOK2,2.289046713426242
HOOK3,2.562422717231533
HOPX,1.5042992690810633
HORMAD1,0.0
HORMAD2,0.0
HOTAIR,0.0
HOTAIRM1,0.0
HOTTIP,0.0
HOXA-AS2,0.0
HOXA-AS3,0.0
HOXA-AS4,0.0
HOXA1,0.0
HOXA10,0.0
HOXA11,0.0
HOXA11-AS,0.0
HOXA13,0.0
HOXA2,0.0
HOXA3,0.0
HOXA4,0.0
HOXA5,0.0
HOXA6,0.0
HOXA7,0.0
HOXA9,0.0
HOXB-AS1,0.0
HOXB-AS2,0.0
HOXB-AS3,0.0
HOXB-AS4,0.0
HOXB1,0.0
HOXB13,0.0
HOXB2,0.0
HOXB3,0.0
HOXB4,0.0
HOXB5,0.0
HOXB6,0.0
HOXB7,0.0
HOXB8,0.0
HOXB9,0.0
HOXC-AS1,0.0
HOXC-AS2,0.0
HOXC-AS3,0.0
HOXC-AS5,0.0
HOXC10,0.0
HOXC11,0.0
HOXC12,0.0
HOXC13,0.0
HOXC4,0.0
HOXC4,0.0
HOXC5,0.0
HOXC6,0.0
HOXC8,0.0
HOXC9,0.0
HOXD-AS1,0.0
HOXD-AS2,0.0
HOXD1,0.0
HOXD10,0.0
HOXD11,0.0
HOXD12,0.0
HOXD13,0.0
HOXD3,0.0
HOXD4,0.0
HOXD8,0.0
HOXD9,0.0
HP,0.0
HP1BP3,1.8691171639943336
HPCA,0.0
HPCAL1,0.0
HPCAL4,0.0
HPD,0.0
HPDL,0.0
HPGD,0.253644744093139
HPGDS,0.0
HPN,0.0
HPN-AS1,0.0
HPR,0.0
HPRT1,0.0
HPRTP3,0.0
HPRTP4,0.0
HPS1,0.253644744093139
HPS3,1.0535570409588524
HPS4,2.556723988284756
HPS5,1.408091496025075
HPS6,0.0
HPSE,0.0
HPSE2,0.0
HPX,0.0
HPYR1,0.0
HR,0.0
HRAS,0.0
HRASLS,0.0
HRASLS2,0.0
HRASLS5,0.0
HRC,0.0
HRCT1,0.0
HRG,0.0
HRH1,0.0
HRH2,1.1609342125054871
HRH3,0.0
HRH4,0.0
HRK,0.0
HRNR,0.0
HRSP12,2.6940885886657857
HS1BP3,1.5454363124656982
HS1BP3-IT1,0.0
HS2ST1,1.3187237340792874
HS3ST1,0.0
HS3ST2,0.0
HS3ST3A1,0.0
HS3ST3B1,0.0
HS3ST4,0.0
HS3ST5,1.5739182395996751
HS3ST6,0.0
HS6ST1,1.591918701844707
HS6ST1P1,0.0
HS6ST2,0.0
HS6ST2-AS1,0.0
HS6ST3,0.0
HSBP1,1.9257912163520183
HSBP1L1,0.0
HSBP1P1,0.0
HSBP1P2,0.0
HSCB,0.6204550963106681
HSD11B1,0.0
HSD11B1L,0.0
HSD11B2,0.0
HSD17B1,0.0
HSD17B10,0.0
HSD17B10,0.0
HSD17B11,0.0
HSD17B12,1.7461308297538636
HSD17B13,0.0
HSD17B14,1.470668879757139
HSD17B1P1,0.0
HSD17B2,0.0
HSD17B3,0.0
HSD17B4,2.297811408112942
HSD17B6,2.0463546340021432
HSD17B7,0.0
HSD17B7P1,0.0
HSD17B7P2,0.0
HSD17B8,0.0
HSD17B8,0.0
HSD17B8,0.0
HSD17B8,0.0
HSD17B8,0.0
HSD17B8,0.0
HSD3B1,0.0
HSD3B2,0.0
HSD3B7,0.0
HSD3BP1,0.0
HSD3BP2,0.0
HSD3BP3,0.0
HSD3BP4,0.0
HSD3BP5,0.0
HSDL1,0.0
HSDL2,1.6175933905056985
HSF1,0.0
HSF1,0.0
HSF2,2.8031927014474567
HSF2BP,0.0
HSF4,1.0219824427879696
HSF5,0.0
HSFX1,0.0
HSFX1,0.0
HSFX1,0.0
HSFX2,0.0
HSFY1,0.0
HSFY1P1,0.0
HSFY2,0.0
HSFY3P,0.0
HSFY4P,0.0
HSFY5P,0.0
HSFY6P,0.0
HSFY7P,0.0
HSFY8P,0.0
HSH2D,0.0
HSP90AA1,3.573476881482243
HSP90AA4P,0.0
HSP90AA5P,0.0
HSP90AA6P,0.0
HSP90AB1,3.0784708033108426
HSP90AB2P,0.4127178969233909
HSP90AB3P,0.6960356275201428
HSP90AB6P,0.0
HSP90AB7P,0.0
HSP90B1,2.357694987451276
HSP90B2P,0.0
HSP90B3P,0.0
HSPA12A,0.0
HSPA12A,0.0
HSPA12B,0.0
HSPA13,2.8557125212417693
HSPA14,0.4127178969233909
HSPA1A,0.0
HSPA1A,0.0
HSPA1A,0.0
HSPA1A,0.0
HSPA1A,0.0
HSPA1B,0.0
HSPA1B,0.0
HSPA1B,0.0
HSPA1B,0.0
HSPA1B,1.0535570409588524
HSPA1L,0.0
HSPA1L,0.0
HSPA1L,0.0
HSPA1L,0.0
HSPA1L,0.0
HSPA2,1.2060714458283772
HSPA4,0.0
HSPA4L,0.5288907918624668
HSPA5,3.442401176235505
HSPA6,0.0
HSPA7,0.0
HSPA8,3.361556342133576
HSPA8P1,0.6204550963106681
HSPA8P11,0.0
HSPA8P13,0.0
HSPA8P14,0.0
HSPA8P15,0.0
HSPA8P16,0.0
HSPA8P17,0.0
HSPA8P18,0.0
HSPA8P19,0.0
HSPA8P20,0.0
HSPA8P3,0.0
HSPA8P4,0.0
HSPA8P5,0.4127178969233909
HSPA8P6,0.0
HSPA8P7,0.0
HSPA8P7,0.0
HSPA8P8,0.253644744093139
HSPA8P9,0.0
HSPA9,2.453617969810736
HSPA9P1,0.253644744093139
HSPB1,0.5288907918624668
HSPB11,0.0
HSPB1P1,0.0
HSPB1P2,0.0
HSPB1P2,0.0
HSPB2,0.0
HSPB2,0.0
HSPB2-C11orf52,0.0
HSPB2-C11orf52,0.0
HSPB3,0.0
HSPB6,0.0
HSPB7,0.0
HSPB8,2.061566774144846
HSPB9,0.0
HSPB9,0.0
HSPBAP1,0.0
HSPBP1,0.0
HSPD1,2.278290115030305
HSPD1P1,0.0
HSPD1P10,0.0
HSPD1P11,0.0
HSPD1P14,0.0
HSPD1P15,0.0
HSPD1P16,0.0
HSPD1P18,0.0
HSPD1P2,0.0
HSPD1P21,0.0
HSPD1P3,0.0
HSPD1P5,0.0
HSPD1P6,0.0
HSPD1P7,0.0
HSPD1P8,0.0
HSPD1P9,0.0
HSPE1,1.6794524383704983
HSPE1-MOB4,0.0
HSPEP1,0.0
HSPG2,0.0
HSPH1,2.0041129115992096
HTATIP2,0.0
HTATSF1,1.1840889676042927
HTATSF1P,0.0
HTATSF1P,0.0
HTATSF1P,0.0
HTATSF1P,0.0
HTATSF1P,0.0
HTATSF1P,0.0
HTATSF1P,0.0
HTATSF1P2,0.0
HTN1,0.0
HTN3,0.0
HTR1A,0.0
HTR1B,0.0
HTR1D,0.0
HTR1E,0.0
HTR1F,0.0
HTR2A,0.0
HTR2A-AS1,0.0
HTR2B,0.4127178969233909
HTR2C,0.0
HTR2C,0.0
HTR3A,0.0
HTR3B,0.0
HTR3C,0.0
HTR3D,0.0
HTR3E,0.0
HTR3E-AS1,0.0
HTR4,0.0
HTR4-IT1,0.0
HTR5A,1.2469559880685197
HTR5A-AS1,0.0
HTR5BP,0.0
HTR6,0.0
HTR7,0.0
HTR7P1,0.0
HTRA1,2.4425685170000646
HTRA2,0.5288907918624668
HTRA3,0.0
HTRA4,0.0
HTT,0.0
HTT-AS,0.0
HUG1,0.0
HULC,0.0
HUNK,0.0
HUNK-AS1,0.0
HUS1,1.0219824427879696
HUS1B,0.0
HUWE1,2.1123003250777685
HUWE1,0.0
HVCN1,2.297811408112942
HYAL1,0.0
HYAL1,0.0
HYAL2,0.0
HYAL2,0.0
HYAL3,0.0
HYAL3,0.0
HYAL4,0.0
HYALP1,0.0
HYDIN,0.0
HYDIN2,0.0
HYDIN2,0.0
HYI,0.0
HYI-AS1,0.0
HYKK,0.0
HYLS1,0.0
HYOU1,0.0
HYOU1,0.0
HYPK,1.2469559880685197
IAH1,0.0
IAPP,0.0
IARS,1.564630272110482
IARS2,0.866058549240148
IBA57,0.0
IBA57-AS1,0.0
IBSP,0.0
IBTK,2.84501579792034
ICA1,0.0
ICA1L,2.2616385603063045
ICAM1,0.0
ICAM2,0.0
ICAM3,0.0
ICAM4,0.0
ICAM5,0.0
ICK,0.0
ICMT,0.0
ICOS,0.0
ICOSLG,0.0
ICT1,0.0
ID1,0.9105921305334987
ID2,2.50500471137764
ID3,0.0
ID4,2.375468465871766
IDE,1.76428944396994
IDH1,2.66824978020254
IDH1-AS1,0.0
IDH2,1.6092026860167012
IDH3A,0.0
IDH3B,2.178767794671365
IDH3G,0.0
IDH3G,0.0
IDI1,2.2691181792527324
IDI2,0.0
IDI2-AS1,1.6572748854262789
IDNK,0.0
IDO1,0.0
IDO2,0.0
IDS,0.6204550963106681
IDS,0.0
IDS,0.0
IDS,1.3944163697813394
IDSP1,0.0
IDSP1,0.0
IDUA,0.0
IER2,1.5739182395996751
IER3,0.0
IER3,0.0
IER3,0.0
IER3,0.0
IER3,0.0
IER3,0.0
IER3IP1,0.0
IER3IP1,0.0
IER5,0.0
IER5L,0.0
IFFO1,1.6721850324842915
IFFO2,0.0
IFI16,0.0
IFI27,0.0
IFI27L1,1.2060714458283772
IFI27L2,1.3349544931480026
IFI30,0.0
IFI35,0.0
IFI44,0.0
IFI44L,2.6842220092506404
IFI6,0.7603920768618123
IFIH1,1.380296600302216
IFIT1,0.0
IFIT1B,0.0
IFIT1P1,0.0
IFIT2,0.0
IFIT3,2.3500691848725044
IFIT5,0.0
IFIT6P,0.0
IFITM1,0.0
IFITM10,0.0
IFITM2,1.1840889676042927
IFITM3,1.9257912163520183
IFITM4P,0.0
IFITM4P,0.0
IFITM4P,0.0
IFITM4P,0.0
IFITM4P,0.0
IFITM4P,0.0
IFITM4P,0.0
IFITM5,0.0
IFITM8P,0.0
IFITM9P,0.0
IFLTD1,0.0
IFNA1,0.0
IFNA10,0.0
IFNA11P,0.0
IFNA12P,0.0
IFNA13,0.0
IFNA14,0.0
IFNA16,0.0
IFNA17,0.0
IFNA2,0.0
IFNA20P,0.0
IFNA21,0.0
IFNA22P,0.0
IFNA4,0.0
IFNA5,0.0
IFNA6,0.0
IFNA7,0.0
IFNA8,0.0
IFNAR1,0.0
IFNAR2,0.0
IFNB1,0.0
IFNE,0.0
IFNG,0.0
IFNG-AS1,0.0
IFNGR1,1.6092026860167012
IFNGR2,0.0
IFNK,0.0
IFNL1,0.0
IFNL2,0.0
IFNL3,0.0
IFNL3P1,0.0
IFNL4,0.0
IFNLR1,0.0
IFNNP1,0.0
IFNW1,0.0
IFNWP15,0.0
IFNWP18,0.0
IFNWP19,0.0
IFNWP2,0.0
IFNWP4,0.0
IFNWP5,0.0
IFNWP9,0.0
IFRD1,2.794985427096833
IFRD2,0.0
IFRD2,0.0
IFRD2,0.0
IFRG15,0.0
IFT122,0.6204550963106681
IFT140,0.0
IFT172,0.0
IFT20,0.0
IFT20,0.0
IFT27,0.8164310788769841
IFT43,2.552882863920527
IFT46,0.0
IFT46,0.0
IFT52,1.1105557679530071
IFT57,1.3349544931480026
IFT74,2.549007463289132
IFT80,1.1840889676042927
IFT81,0.5288907918624668
IFT88,0.5288907918624668
IGBP1,1.6339035873850103
IGBP1-AS1,0.0
IGBP1-AS2,0.0
IGBP1P1,0.0
IGBP1P3,0.0
IGBP1P4,0.0
IGBP1P5,0.0
IGDCC3,0.0
IGDCC4,0.5288907918624668
IGF1,1.2469559880685197
IGF1R,1.900549254498717
IGF2,0.0
IGF2-AS,0.0
IGF2BP1,0.0
IGF2BP2,0.0
IGF2BP3,0.0
IGF2R,0.0
IGFALS,0.0
IGFBP1,0.0
IGFBP2,0.0
IGFBP3,0.0
IGFBP4,0.0
IGFBP5,1.8737491581138752
IGFBP6,0.0
IGFBP7,1.5551393200304595
IGFBP7-AS1,0.0
IGFBPL1,0.0
IGFL1,0.0
IGFL1P1,0.0
IGFL1P2,0.0
IGFL2,0.0
IGFL3,0.0
IGFL4,0.0
IGFLR1,0.4127178969233909
IGFN1,0.0
IGHA1,0.0
IGHA1,0.0
IGHA2,0.0
IGHA2,0.0
IGHD,0.0
IGHD,0.0
IGHD1-1,0.0
IGHD1-1,0.0
IGHD1-14,0.0
IGHD1-14,0.0
IGHD1-20,0.0
IGHD1-20,0.0
IGHD1-26,0.0
IGHD1-26,0.0
IGHD1-7,0.0
IGHD1-7,0.0
IGHD1OR15-1A,0.0
IGHD1OR15-1B,0.0
IGHD2-15,0.0
IGHD2-15,0.0
IGHD2-2,0.0
IGHD2-2,0.0
IGHD2-21,0.0
IGHD2-21,0.0
IGHD2-8,0.0
IGHD2-8,0.0
IGHD2OR15-2A,0.0
IGHD2OR15-2B,0.0
IGHD3-10,0.0
IGHD3-10,0.0
IGHD3-16,0.0
IGHD3-16,0.0
IGHD3-22,0.0
IGHD3-22,0.0
IGHD3-3,0.0
IGHD3-3,0.0
IGHD3-9,0.0
IGHD3-9,0.0
IGHD3OR15-3A,0.0
IGHD3OR15-3B,0.0
IGHD4-11,0.0
IGHD4-11,0.0
IGHD4-17,0.0
IGHD4-17,0.0
IGHD4-23,0.0
IGHD4-23,0.0
IGHD4-4,0.0
IGHD4-4,0.0
IGHD4OR15-4A,0.0
IGHD4OR15-4B,0.0
IGHD5-12,0.0
IGHD5-12,0.0
IGHD5-18,0.0
IGHD5-18,0.0
IGHD5-24,0.0
IGHD5-24,0.0
IGHD5-5,0.0
IGHD5-5,0.0
IGHD5OR15-5A,0.0
IGHD5OR15-5B,0.0
IGHD6-13,0.0
IGHD6-13,0.0
IGHD6-19,0.0
IGHD6-19,0.0
IGHD6-25,0.0
IGHD6-25,0.0
IGHD6-6,0.0
IGHD6-6,0.0
IGHD7-27,0.0
IGHD7-27,0.0
IGHE,0.0
IGHE,0.0
IGHEP1,0.0
IGHEP1,0.0
IGHEP2,0.0
IGHG1,0.0
IGHG1,0.0
IGHG2,0.0
IGHG2,0.0
IGHG3,0.0
IGHG3,0.0
IGHG4,0.0
IGHG4,0.0
IGHGP,0.0
IGHGP,0.0
IGHJ1,0.0
IGHJ1,0.0
IGHJ1P,0.0
IGHJ1P,0.0
IGHJ2,0.0
IGHJ2,0.0
IGHJ2P,0.0
IGHJ2P,0.0
IGHJ3,0.0
IGHJ3,0.0
IGHJ3P,0.0
IGHJ3P,0.0
IGHJ4,0.0
IGHJ4,0.0
IGHJ5,0.0
IGHJ5,0.0
IGHJ6,0.0
IGHJ6,0.0
IGHM,0.0
IGHM,0.0
IGHMBP2,0.8164310788769841
IGHV1-12,0.0
IGHV1-12,0.0
IGHV1-14,0.0
IGHV1-14,0.0
IGHV1-17,0.0
IGHV1-17,0.0
IGHV1-18,0.0
IGHV1-18,0.0
IGHV1-2,0.0
IGHV1-2,0.0
IGHV1-24,0.0
IGHV1-24,0.0
IGHV1-3,0.0
IGHV1-3,0.0
IGHV1-45,0.0
IGHV1-45,0.0
IGHV1-46,0.0
IGHV1-46,0.0
IGHV1-58,0.0
IGHV1-58,0.0
IGHV1-67,0.0
IGHV1-67,0.0
IGHV1-68,0.0
IGHV1-68,0.0
IGHV1-69,0.0
IGHV1-69,0.0
IGHV1-8,0.0
IGHV1OR15-1,0.0
IGHV1OR15-2,0.0
IGHV1OR15-3,0.0
IGHV1OR15-4,0.0
IGHV1OR15-6,0.0
IGHV1OR15-9,0.0
IGHV1OR16-1,0.0
IGHV1OR16-2,0.0
IGHV1OR16-3,0.0
IGHV1OR16-4,0.0
IGHV1OR21-1,0.0
IGHV2-10,0.0
IGHV2-26,0.0
IGHV2-26,0.0
IGHV2-5,0.0
IGHV2-5,0.0
IGHV2-70,0.0
IGHV2-70,0.0
IGHV2OR16-5,0.0
IGHV3-11,0.0
IGHV3-11,0.0
IGHV3-13,0.0
IGHV3-13,0.0
IGHV3-15,0.0
IGHV3-15,0.0
IGHV3-16,0.0
IGHV3-16,0.0
IGHV3-19,0.0
IGHV3-19,0.0
IGHV3-20,0.0
IGHV3-20,0.0
IGHV3-21,0.0
IGHV3-21,0.0
IGHV3-22,0.0
IGHV3-22,0.0
IGHV3-23,0.0
IGHV3-23,0.0
IGHV3-25,0.0
IGHV3-25,0.0
IGHV3-29,0.0
IGHV3-29,0.0
IGHV3-30,0.0
IGHV3-30,0.0
IGHV3-30-2,0.0
IGHV3-30-2,0.0
IGHV3-32,0.0
IGHV3-32,0.0
IGHV3-33,0.0
IGHV3-33,0.0
IGHV3-33-2,0.0
IGHV3-33-2,0.0
IGHV3-35,0.0
IGHV3-35,0.0
IGHV3-36,0.0
IGHV3-36,0.0
IGHV3-37,0.0
IGHV3-37,0.0
IGHV3-38,0.0
IGHV3-38,0.0
IGHV3-41,0.0
IGHV3-42,0.0
IGHV3-42,0.0
IGHV3-43,0.0
IGHV3-43,0.0
IGHV3-47,0.0
IGHV3-47,0.0
IGHV3-48,0.0
IGHV3-48,0.0
IGHV3-49,0.0
IGHV3-49,0.0
IGHV3-50,0.0
IGHV3-50,0.0
IGHV3-52,0.0
IGHV3-52,0.0
IGHV3-53,0.0
IGHV3-53,0.0
IGHV3-54,0.0
IGHV3-57,0.0
IGHV3-57,0.0
IGHV3-6,0.0
IGHV3-6,0.0
IGHV3-60,0.0
IGHV3-60,0.0
IGHV3-62,0.0
IGHV3-62,0.0
IGHV3-63,0.0
IGHV3-63,0.0
IGHV3-64,0.0
IGHV3-64,0.0
IGHV3-65,0.0
IGHV3-65,0.0
IGHV3-66,0.0
IGHV3-66,0.0
IGHV3-7,0.0
IGHV3-7,0.0
IGHV3-71,0.0
IGHV3-71,0.0
IGHV3-72,0.0
IGHV3-72,0.0
IGHV3-73,0.0
IGHV3-73,0.0
IGHV3-74,0.0
IGHV3-74,0.0
IGHV3-75,0.0
IGHV3-75,0.0
IGHV3-76,0.0
IGHV3-76,0.0
IGHV3-79,0.0
IGHV3-9,0.0
IGHV3OR15-7,0.0
IGHV3OR16-10,0.0
IGHV3OR16-11,0.0
IGHV3OR16-12,0.0
IGHV3OR16-13,0.0
IGHV3OR16-13,0.0
IGHV3OR16-15,0.0
IGHV3OR16-6,0.0
IGHV3OR16-7,0.0
IGHV3OR16-8,0.0
IGHV3OR16-9,0.0
IGHV4-28,0.0
IGHV4-28,0.0
IGHV4-31,0.0
IGHV4-31,0.0
IGHV4-34,0.0
IGHV4-34,0.0
IGHV4-39,0.0
IGHV4-39,0.0
IGHV4-4,0.0
IGHV4-55,0.0
IGHV4-55,0.0
IGHV4-59,0.0
IGHV4-59,0.0
IGHV4-61,0.0
IGHV4-61,0.0
IGHV4-80,0.0
IGHV4OR15-8,0.0
IGHV5-51,0.0
IGHV5-51,0.0
IGHV5-78,0.0
IGHV5-78,0.0
IGHV6-1,0.0
IGHV6-1,0.0
IGHV7-27,0.0
IGHV7-27,0.0
IGHV7-34-1,0.0
IGHV7-34-1,0.0
IGHV7-40,0.0
IGHV7-40,0.0
IGHV7-56,0.0
IGHV7-56,0.0
IGHV7-81,0.0
IGHVII-1-1,0.0
IGHVII-1-1,0.0
IGHVII-15-1,0.0
IGHVII-15-1,0.0
IGHVII-20-1,0.0
IGHVII-22-1,0.0
IGHVII-22-1,0.0
IGHVII-26-2,0.0
IGHVII-26-2,0.0
IGHVII-28-1,0.0
IGHVII-30-1,0.0
IGHVII-30-1,0.0
IGHVII-31-1,0.0
IGHVII-31-1,0.0
IGHVII-33-1,0.0
IGHVII-33-1,0.0
IGHVII-40-1,0.0
IGHVII-40-1,0.0
IGHVII-43-1,0.0
IGHVII-44-2,0.0
IGHVII-44-2,0.0
IGHVII-46-1,0.0
IGHVII-46-1,0.0
IGHVII-49-1,0.0
IGHVII-49-1,0.0
IGHVII-51-2,0.0
IGHVII-51-2,0.0
IGHVII-53-1,0.0
IGHVII-53-1,0.0
IGHVII-60-1,0.0
IGHVII-60-1,0.0
IGHVII-62-1,0.0
IGHVII-62-1,0.0
IGHVII-65-1,0.0
IGHVII-65-1,0.0
IGHVII-67-1,0.0
IGHVII-67-1,0.0
IGHVII-74-1,0.0
IGHVII-74-1,0.0
IGHVII-78-1,0.0
IGHVIII-11-1,0.0
IGHVIII-11-1,0.0
IGHVIII-13-1,0.0
IGHVIII-13-1,0.0
IGHVIII-16-1,0.0
IGHVIII-2-1,0.0
IGHVIII-2-1,0.0
IGHVIII-22-2,0.0
IGHVIII-22-2,0.0
IGHVIII-25-1,0.0
IGHVIII-25-1,0.0
IGHVIII-26-1,0.0
IGHVIII-26-1,0.0
IGHVIII-38-1,0.0
IGHVIII-38-1,0.0
IGHVIII-44,0.0
IGHVIII-44,0.0
IGHVIII-47-1,0.0
IGHVIII-47-1,0.0
IGHVIII-5-1,0.0
IGHVIII-5-1,0.0
IGHVIII-5-2,0.0
IGHVIII-5-2,0.0
IGHVIII-51-1,0.0
IGHVIII-51-1,0.0
IGHVIII-67-2,0.0
IGHVIII-67-2,0.0
IGHVIII-67-3,0.0
IGHVIII-67-3,0.0
IGHVIII-67-4,0.0
IGHVIII-67-4,0.0
IGHVIII-76-1,0.0
IGHVIII-76-1,0.0
IGHVIII-82,0.0
IGHVIV-44-1,0.0
IGHVIV-44-1,0.0
IGIP,0.0
IGJ,0.0
IGJCOR18,0.0
IGJP1,0.0
IGKC,0.0
IGKJ1,0.0
IGKJ2,0.0
IGKJ3,0.0
IGKJ4,0.0
IGKJ5,0.0
IGKV1-12,0.0
IGKV1-13,0.0
IGKV1-16,0.0
IGKV1-17,0.0
IGKV1-22,0.0
IGKV1-27,0.0
IGKV1-32,0.0
IGKV1-33,0.0
IGKV1-35,0.0
IGKV1-37,0.0
IGKV1-39,0.0
IGKV1-5,0.0
IGKV1-6,0.0
IGKV1-8,0.0
IGKV1-9,0.0
IGKV1D-12,0.0
IGKV1D-13,0.0
IGKV1D-16,0.0
IGKV1D-17,0.0
IGKV1D-22,0.0
IGKV1D-27,0.0
IGKV1D-32,0.0
IGKV1D-33,0.0
IGKV1D-35,0.0
IGKV1D-37,0.0
IGKV1D-39,0.0
IGKV1D-42,0.0
IGKV1D-43,0.0
IGKV1D-8,0.0
IGKV1OR-1,0.0
IGKV1OR-2,0.0
IGKV1OR-3,0.0
IGKV1OR10-1,0.0
IGKV1OR2-108,0.0
IGKV1OR2-11,0.0
IGKV1OR2-118,0.0
IGKV1OR2-3,0.0
IGKV1OR2-6,0.0
IGKV1OR2-9,0.0
IGKV1OR22-1,0.0
IGKV1OR22-5,0.0
IGKV2-10,0.0
IGKV2-14,0.0
IGKV2-18,0.0
IGKV2-19,0.0
IGKV2-23,0.0
IGKV2-24,0.0
IGKV2-26,0.0
IGKV2-28,0.0
IGKV2-29,0.0
IGKV2-30,0.0
IGKV2-36,0.0
IGKV2-38,0.0
IGKV2-4,0.0
IGKV2-40,0.0
IGKV2D-10,0.0
IGKV2D-14,0.0
IGKV2D-18,0.0
IGKV2D-19,0.0
IGKV2D-23,0.0
IGKV2D-24,0.0
IGKV2D-26,0.0
IGKV2D-28,0.0
IGKV2D-29,0.0
IGKV2D-30,0.0
IGKV2D-36,0.0
IGKV2D-38,0.0
IGKV2D-40,0.0
IGKV2OR2-1,0.0
IGKV2OR2-10,0.0
IGKV2OR2-2,0.0
IGKV2OR2-7,0.0
IGKV2OR2-7D,0.0
IGKV2OR2-8,0.0
IGKV2OR22-3,0.0
IGKV2OR22-4,0.0
IGKV3-11,0.0
IGKV3-15,0.0
IGKV3-20,0.0
IGKV3-25,0.0
IGKV3-31,0.0
IGKV3-34,0.0
IGKV3-7,0.0
IGKV3D-11,0.0
IGKV3D-15,0.0
IGKV3D-20,0.0
IGKV3D-25,0.0
IGKV3D-31,0.0
IGKV3D-34,0.0
IGKV3D-7,0.0
IGKV3OR2-268,0.0
IGKV3OR2-5,0.0
IGKV3OR22-2,0.0
IGKV4-1,0.0
IGKV5-2,0.0
IGKV6-21,0.0
IGKV6D-21,0.0
IGKV6D-41,0.0
IGKV7-3,0.0
IGLC1,0.0
IGLC2,0.0
IGLC3,0.0
IGLC4,0.0
IGLC5,0.0
IGLC6,0.0
IGLC7,0.0
IGLCOR22-1,0.0
IGLCOR22-2,0.0
IGLJ1,0.0
IGLJ2,0.0
IGLJ3,0.0
IGLJ4,0.0
IGLJ5,0.0
IGLJ6,0.0
IGLJ7,0.0
IGLL1,0.0
IGLL3P,0.0
IGLL5,0.0
IGLON5,0.0
IGLV1-36,0.0
IGLV1-40,0.0
IGLV1-41,0.0
IGLV1-44,0.0
IGLV1-47,0.0
IGLV1-50,0.0
IGLV1-51,0.0
IGLV1-62,0.0
IGLV10-54,0.0
IGLV10-67,0.0
IGLV11-55,0.0
IGLV2-11,0.0
IGLV2-14,0.0
IGLV2-18,0.0
IGLV2-23,0.0
IGLV2-28,0.0
IGLV2-33,0.0
IGLV2-34,0.0
IGLV2-5,0.0
IGLV2-8,0.0
IGLV3-1,0.0
IGLV3-10,0.0
IGLV3-12,0.0
IGLV3-13,0.0
IGLV3-15,0.0
IGLV3-16,0.0
IGLV3-17,0.0
IGLV3-19,0.0
IGLV3-2,0.0
IGLV3-21,0.0
IGLV3-22,0.0
IGLV3-24,0.0
IGLV3-25,0.0
IGLV3-26,0.0
IGLV3-27,0.0
IGLV3-29,0.0
IGLV3-30,0.0
IGLV3-31,0.0
IGLV3-32,0.0
IGLV3-4,0.0
IGLV3-6,0.0
IGLV3-7,0.0
IGLV3-9,0.0
IGLV4-3,0.0
IGLV4-60,0.0
IGLV4-69,0.0
IGLV5-37,0.0
IGLV5-45,0.0
IGLV5-48,0.0
IGLV5-52,0.0
IGLV6-57,0.0
IGLV7-35,0.0
IGLV7-43,0.0
IGLV7-46,0.0
IGLV8-61,0.0
IGLV8OR8-1,0.0
IGLV9-49,0.0
IGLVI-20,0.0
IGLVI-38,0.0
IGLVI-42,0.0
IGLVI-56,0.0
IGLVI-63,0.0
IGLVI-68,0.0
IGLVI-70,0.0
IGLVIV-53,0.0
IGLVIV-59,0.0
IGLVIV-64,0.0
IGLVIV-65,0.0
IGLVIV-66-1,0.0
IGLVIVOR22-1,0.0
IGLVIVOR22-2,0.0
IGLVV-58,0.0
IGLVV-66,0.0
IGLVVI-22-1,0.0
IGLVVI-25-1,0.0
IGLVVII-41-1,0.0
IGSF1,0.0
IGSF10,0.4127178969233909
IGSF11,2.643915774215454
IGSF11-AS1,0.253644744093139
IGSF21,0.0
IGSF22,0.0
IGSF23,0.0
IGSF3,0.0
IGSF5,0.0
IGSF6,0.0
IGSF8,1.964851508604246
IGSF9,0.0
IGSF9B,0.0
IHH,0.0
IK,2.302986557861576
IKBIP,0.0
IKBKAP,0.0
IKBKB,0.6204550963106681
IKBKE,0.0
IKBKE,0.0
IKBKG,0.0
IKBKG,0.0
IKBKGP1,0.0
IKZF1,0.0
IKZF2,1.7522684493138374
IKZF3,0.0
IKZF4,0.0
IKZF5,2.084849460186147
IL10,0.0
IL10RA,0.0
IL10RB,0.0
IL10RB-AS1,0.0
IL11,0.0
IL11RA,0.0
IL12A,0.0
IL12A-AS1,0.0
IL12B,0.0
IL12RB1,0.0
IL12RB2,0.0
IL13,0.0
IL13RA1,0.0
IL13RA2,0.0
IL13RA2,0.0
IL15,0.0
IL15RA,0.0
IL16,0.0
IL17A,0.0
IL17B,0.0
IL17C,0.0
IL17D,0.866058549240148
IL17F,0.0
IL17RA,0.253644744093139
IL17RB,0.0
IL17RC,0.0
IL17RD,0.0
IL17RE,0.0
IL17REL,0.0
IL18,0.0
IL18BP,0.0
IL18R1,0.0
IL18RAP,0.0
IL19,0.0
IL1A,0.0
IL1B,0.0
IL1F10,0.0
IL1R1,0.4127178969233909
IL1R2,0.0
IL1RAP,1.1840889676042927
IL1RAPL1,2.3651891954641298
IL1RAPL2,0.0
IL1RL1,0.0
IL1RL2,0.253644744093139
IL1RN,0.0
IL2,0.0
IL20,0.0
IL20RA,0.0
IL20RB,0.0
IL20RB-AS1,0.0
IL21,0.0
IL21-AS1,0.0
IL21R,0.0
IL21R-AS1,0.0
IL22,0.0
IL22RA1,0.0
IL22RA2,0.0
IL23A,0.0
IL23R,0.0
IL24,0.0
IL25,0.0
IL26,0.0
IL27,0.0
IL27RA,0.0
IL2RA,0.0
IL2RB,0.0
IL2RG,0.0
IL3,0.0
IL31,0.0
IL31RA,0.0
IL32,0.0
IL33,2.174178371429241
IL34,0.0
IL36A,0.0
IL36B,0.0
IL36G,0.0
IL36RN,0.0
IL37,0.0
IL3RA,0.0
IL3RA,0.0
IL4,0.0
IL4I1,0.0
IL4R,0.0
IL5,0.0
IL5RA,0.0
IL6,0.0
IL6R,0.0
IL6RP1,0.0
IL6ST,2.3769172715811697
IL6STP1,0.0
IL7,0.0
IL7R,0.0
IL8,0.0
IL9,0.0
IL9R,0.0
IL9R,0.0
IL9RP2,0.0
IL9RP2,0.0
IL9RP3,0.0
IL9RP4,0.0
ILDR1,0.0
ILDR2,0.0
ILF2,1.408091496025075
ILF2P1,0.0
ILF2P2,0.0
ILF3,0.4127178969233909
ILF3-AS1,0.0
ILK,0.253644744093139
ILKAP,1.9685710603681643
ILVBL,0.0
IMMP1L,1.1840889676042927
IMMP2L,0.0
IMMP2L-IT1,0.0
IMMT,1.0829908296976
IMMTP1,0.0
IMMTP1,0.0
IMP3,1.89179836789066
IMP4,0.0
IMPA1,1.89179836789066
IMPA1P,0.0
IMPA2,0.0
IMPACT,1.5551393200304595
IMPAD1,0.0
IMPDH1,0.0
IMPDH1P10,0.0
IMPDH1P11,0.0
IMPDH1P4,0.0
IMPDH1P6,0.0
IMPDH2,2.4235041102690027
IMPG1,0.0
IMPG2,1.0829908296976
INA,0.0
INADL,1.0829908296976
INCA1,0.0
INCENP,0.0
INE1,0.0
INE1,0.0
INF2,0.0
ING1,0.0
ING2,0.0
ING3,0.0
ING4,0.0
ING5,1.408091496025075
INGX,0.0
INHA,1.7005522897870602
INHBA,0.0
INHBA-AS1,0.0
INHBB,0.0
INHBC,0.0
INHBE,0.0
INIP,1.1364750726028654
INMT,0.0
INMT-FAM188B,0.0
INO80,0.0
INO80B,0.0
INO80C,0.0
INO80D,0.253644744093139
INO80E,0.0
INPP1,0.0
INPP4A,0.253644744093139
INPP4B,1.7005522897870602
INPP5A,1.664793942489872
INPP5B,0.0
INPP5D,0.0
INPP5E,0.0
INPP5F,1.3944163697813394
INPP5J,0.0
INPP5K,1.591918701844707
INPPL1,2.164851414502081
INS,0.0
INS-IGF2,0.0
INSC,0.0
INSIG1,0.7603920768618123
INSIG2,0.6204550963106681
INSL3,0.0
INSL4,0.0
INSL5,0.0
INSL6,0.0
INSM1,0.0
INSM2,0.0
INSR,2.2616385603063045
INSRR,0.0
INTS1,0.0
INTS10,2.570833009316186
INTS12,0.0
INTS2,0.4127178969233909
INTS3,0.0
INTS3,0.0
INTS4,0.0
INTS4L1,0.0
INTS4L2,0.0
INTS4L2,0.0
INTS5,0.0
INTS6,2.6470331404030776
INTS6-AS1,0.0
INTS6P1,0.253644744093139
INTS7,0.0
INTS8,0.9879310210915638
INTS9,0.0
INTU,2.3622070126904435
INVS,0.0
IP6K1,0.0
IP6K2,2.4363062427831657
IP6K3,0.0
IPCEF1,1.664793942489872
IPMK,0.0
IPMKP1,0.0
IPO11,0.0
IPO13,0.0
IPO4,0.0
IPO5,1.9496463091932343
IPO7,2.6940885886657857
IPO7P1,0.0
IPO7P1,0.0
IPO7P2,0.0
IPO8,1.470668879757139
IPO8P1,0.0
IPO9,2.93415185939882
IPO9-AS1,0.0
IPP,2.2746445520460137
IPPK,0.0
IPPKP1,0.0
IQCA1,2.25402786314266
IQCA1P1,0.0
IQCB1,0.0
IQCB2P,0.0
IQCC,0.0
IQCD,0.0
IQCE,0.0
IQCF1,0.0
IQCF2,0.0
IQCF3,0.0
IQCF5,0.0
IQCF5-AS1,0.0
IQCF6,0.0
IQCG,2.617306180066977
IQCH,1.591918701844707
IQCH-AS1,1.434214011430753
IQCJ,0.0
IQCJ-SCHIP1,0.0
IQCJ-SCHIP1-AS1,0.0
IQCK,1.4933759616707991
IQGAP1,2.5470567171356926
IQGAP2,0.0
IQGAP3,0.0
IQSEC1,2.27647115873368
IQSEC2,0.0
IQSEC2,0.0
IQSEC3,0.0
IQUB,0.0
IRAK1,0.0
IRAK1,0.0
IRAK1BP1,1.4213491305518202
IRAK2,0.0
IRAK3,0.0
IRAK4,0.0
IREB2,2.240379527567605
IRF1,1.6092026860167012
IRF2,1.664793942489872
IRF2BP1,0.0
IRF2BP2,3.1605057886224723
IRF2BPL,1.0535570409588524
IRF3,0.866058549240148
IRF4,0.0
IRF5,0.0
IRF5P1,0.0
IRF6,0.0
IRF7,0.0
IRF8,0.0
IRF9,0.6204550963106681
IRG1,0.0
IRGC,0.0
IRGM,0.0
IRGQ,1.0219824427879696
IRS1,0.0
IRS2,1.803921369136032
IRS4,0.0
IRX1,0.0
IRX1P1,0.0
IRX2,0.0
IRX3,0.0
IRX4,0.0
IRX5,0.0
IRX6,0.0
ISCA1,0.0
ISCA1P1,0.0
ISCA1P2,0.0
ISCA1P3,0.0
ISCA1P4,0.0
ISCA1P6,0.0
ISCA2,2.224237439077597
ISCA2P1,0.0
ISCU,1.3506004547184218
ISCUP1,0.0
ISG15,0.0
ISG20,0.0
ISG20L2,0.0
ISL1,0.0
ISL2,0.0
ISLR,0.0
ISLR2,0.0
ISM1,0.0
ISM1-AS1,0.0
ISM2,0.0
ISOC1,0.9105921305334987
ISOC2,0.0
ISPD,0.0
ISPD-AS1,0.0
IST1,1.5551393200304595
ISX,0.0
ISY1,0.0
ISY1-RAB43,0.0
ISYNA1,0.0
ITCH,2.928908449872003
ITCH-AS1,0.0
ITCH-IT1,0.0
ITFG1,0.0
ITFG2,0.0
ITFG3,0.0
ITFG3,0.253644744093139
ITGA1,0.0
ITGA10,0.0
ITGA10,0.0
ITGA11,0.0
ITGA2,0.0
ITGA2B,0.0
ITGA3,0.0
ITGA4,0.0
ITGA5,0.0
ITGA6,2.3725562736934447
ITGA7,0.0
ITGA8,0.253644744093139
ITGA9,0.4127178969233909
ITGAD,0.0
ITGAE,0.6960356275201428
ITGAL,0.0
ITGAM,0.0
ITGAV,2.0463546340021432
ITGAX,0.0
ITGB1,2.2691181792527324
ITGB1BP1,0.0
ITGB1BP2,0.0
ITGB1P1,0.6204550963106681
ITGB2,0.0
ITGB2-AS1,0.0
ITGB3,0.0
ITGB3,0.0
ITGB3BP,1.9133535980403211
ITGB4,2.84304231314191
ITGB5,0.0
ITGB5-AS1,0.0
ITGB6,0.0
ITGB7,0.0
ITGB8,2.6884780200059533
ITGBL1,0.0
ITIH1,0.0
ITIH2,0.0
ITIH3,0.0
ITIH4,0.8164310788769841
ITIH4-AS1,0.0
ITIH5,0.0
ITIH6,0.0
ITK,0.0
ITLN1,0.0
ITLN2,0.0
ITM2A,0.0
ITM2B,2.27647115873368
ITM2BP1,0.0
ITM2C,2.4725930298358136
ITPA,0.0
ITPK1,1.5454363124656982
ITPK1-AS1,0.0
ITPKA,0.0
ITPKB,0.6960356275201428
ITPKB-AS1,0.0
ITPKB-IT1,2.138118749168065
ITPKC,1.0829908296976
ITPR1,1.664793942489872
ITPR1-AS1,0.0
ITPR2,2.289046713426242
ITPR3,0.253644744093139
ITPRIP,0.0
ITPRIPL1,0.0
ITPRIPL2,0.0
ITSN1,2.3391629771226428
ITSN2,2.415637681097236
IVD,2.263520576304028
IVL,0.0
IVNS1ABP,0.0
IWS1,0.0
IYD,0.0
IZUMO1,0.0
IZUMO2,0.0
IZUMO3,0.0
IZUMO4,0.0
JAG1,0.0
JAG1,0.0
JAG2,0.0
JAGN1,1.564630272110482
JAK1,2.698939073717091
JAK2,0.253644744093139
JAK3,0.0
JAKMIP1,0.0
JAKMIP2,0.6960356275201428
JAKMIP3,0.0
JAM2,2.9373473872190465
JAM3,0.0
JARID2,1.4467087411059607
JARID2-AS1,0.0
JAZF1,0.0
JAZF1-AS1,1.9048594511354124
JDP2,0.0
JH8,0.0
JHDM1D,0.0
JHDM1D-AS1,0.0
JKAMP,0.9879310210915638
JMJD1C,2.3391629771226428
JMJD1C-AS1,0.0
JMJD4,0.0
JMJD6,0.0
JMJD7,0.0
JMJD7-PLA2G4B,0.0
JMJD8,0.0
JMY,1.9378825323901545
JOSD1,0.5288907918624668
JOSD2,0.0
JPH1,0.0
JPH2,0.0
JPH3,0.0
JPH4,0.0
JPX,1.434214011430753
JRK,0.6204550963106681
JRKL,1.1364750726028654
JRKL-AS1,0.0
JSRP1,0.253644744093139
JTB,0.0
JTBP1,0.0
JUN,1.7873770459247007
JUNB,1.896195851746716
JUND,1.2269946489498065
JUP,0.0
JUP,0.0
KAAG1,0.0
KAL1,2.734640448419029
KALP,0.0
KALRN,0.0
KANK1,1.9937523923170493
KANK2,0.0
KANK3,0.0
KANK4,0.0
KANSL1,1.0535570409588524
KANSL1-AS1,0.0
KANSL1L,2.588959160907995
KANSL2,1.3944163697813394
KANSL3,0.0
KARS,1.1840889676042927
KARSP1,0.0
KARSP2,0.0
KARSP3,0.0
KAT2A,0.0
KAT2A,0.0
KAT2B,0.0
KAT5,0.0
KAT6A,0.5288907918624668
KAT6B,0.0
KAT7,2.3897435171492103
KAT8,0.6960356275201428
KATNA1,1.9867054694268544
KATNAL1,0.866058549240148
KATNAL2,0.0
KATNB1,0.0
KATNBL1,2.220106396611784
KATNBL1P1,0.0
KATNBL1P2,0.0
KATNBL1P3,0.0
KATNBL1P4,0.0
KATNBL1P5,0.0
KATNBL1P6,0.0
KAZALD1,0.0
KAZN,0.0
KB-1000E4.2,0.0
KB-1027C11.4,0.0
KB-1042C11.1,0.0
KB-1043D8.6,0.0
KB-1043D8.8,0.0
KB-1047C11.1,0.0
KB-1047C11.2,0.0
KB-1073A2.1,0.0
KB-1083B1.1,0.0
KB-1090H4.2,0.0
KB-1107E3.1,0.0
KB-1125A3.10,0.0
KB-1125A3.11,0.0
KB-1183D5.13,0.0
KB-1183D5.14,0.0
KB-1183D5.16,0.0
KB-1183D5.9,0.0
KB-1184D12.1,0.0
KB-1205A7.1,0.0
KB-1205A7.2,0.0
KB-1208A12.3,0.253644744093139
KB-1247B1.1,0.0
KB-1254G8.1,0.0
KB-1269D1.8,0.0
KB-1299A7.1,0.0
KB-1299A7.2,0.0
KB-1410C5.1,0.0
KB-1410C5.2,0.0
KB-1410C5.3,0.0
KB-1410C5.4,0.0
KB-1410C5.5,0.0
KB-1440D3.13,0.0
KB-1440D3.14,0.0
KB-1448A5.1,0.0
KB-1458E12.1,0.0
KB-1460A1.1,0.0
KB-1460A1.2,0.0
KB-1460A1.3,0.0
KB-1460A1.5,0.4127178969233909
KB-1466C5.1,0.0
KB-1471A8.1,0.0
KB-1507C5.2,0.253644744093139
KB-1507C5.3,0.0
KB-1507C5.4,0.0
KB-1517D11.2,0.0
KB-1517D11.4,0.0
KB-1562D12.1,0.0
KB-1562D12.2,0.0
KB-1562D12.3,0.0
KB-1568E2.1,0.0
KB-1572G7.2,0.0
KB-1572G7.3,0.0
KB-1582A10.1,0.0
KB-1582A10.2,0.0
KB-1589B1.3,0.0
KB-1589B1.4,0.0
KB-1592A4.13,0.0
KB-1592A4.14,0.0
KB-1592A4.15,0.0
KB-1608C10.2,0.0
KB-1615E4.2,0.0
KB-1615E4.3,0.0
KB-1639H6.2,0.0
KB-1639H6.4,0.0
KB-1639H6.7,0.0
KB-1639H6.8,0.0
KB-1683C8.1,0.0
KB-1732A1.1,0.4127178969233909
KB-173C10.1,0.0
KB-173C10.2,0.0
KB-1836B5.1,0.0
KB-1836B5.3,0.0
KB-1836B5.4,0.0
KB-1907C4.2,0.0
KB-1930G5.3,0.0
KB-1930G5.4,0.0
KB-1958F4.1,0.4127178969233909
KB-1958F4.2,0.0
KB-1980E6.2,0.0
KB-1980E6.3,0.0
KB-1980E6.4,0.0
KB-1991G8.1,0.0
KB-208E9.1,0.0
KB-226F1.1,0.0
KB-226F1.2,0.0
KB-288A10.17,0.0
KB-288A10.19,0.0
KB-318B8.7,0.0
KB-431C1.3,0.0
KB-431C1.4,0.0
KB-431C1.5,0.0
KB-67B5.12,0.0
KB-67B5.17,0.0
KB-7G2.8,0.0
KB-7G2.9,0.0
KBTBD11,1.664793942489872
KBTBD11-OT1,0.0
KBTBD12,0.0
KBTBD13,0.0
KBTBD2,0.4127178969233909
KBTBD3,0.0
KBTBD4,0.0
KBTBD4,0.0
KBTBD6,0.0
KBTBD7,0.9509808635159877
KBTBD8,0.0
KCMF1,0.0
KCNA1,0.0
KCNA10,0.0
KCNA2,1.864435233988068
KCNA3,0.0
KCNA4,0.0
KCNA5,0.0
KCNA6,0.0
KCNA7,0.0
KCNAB1,0.0
KCNAB1-AS1,0.0
KCNAB1-AS2,0.0
KCNAB2,0.0
KCNAB3,0.0
KCNB1,0.0
KCNB2,0.0
KCNC1,0.6960356275201428
KCNC2,0.866058549240148
KCNC3,0.0
KCNC4,0.0
KCNC4-AS1,0.0
KCND1,0.0
KCND1,0.0
KCND2,0.5288907918624668
KCND3,2.5689780801082973
KCND3-AS1,0.0
KCND3-IT1,0.0
KCNE1,0.0
KCNE1L,0.0
KCNE2,0.0
KCNE3,0.0
KCNE4,0.0
KCNF1,0.0
KCNG1,0.0
KCNG2,0.0
KCNG3,0.253644744093139
KCNG4,0.0
KCNH1,0.0
KCNH1-IT1,0.0
KCNH2,0.0
KCNH3,0.0
KCNH4,0.0
KCNH5,0.0
KCNH6,0.0
KCNH7,0.0
KCNH8,0.0
KCNIP1,0.0
KCNIP2,0.0
KCNIP2-AS1,0.0
KCNIP3,0.0
KCNIP4,0.0
KCNJ1,0.0
KCNJ10,2.0876739547681398
KCNJ11,0.0
KCNJ12,0.0
KCNJ12,0.0
KCNJ12,0.0
KCNJ13,1.7461308297538636
KCNJ14,0.0
KCNJ15,0.0
KCNJ16,2.09879174565615
KCNJ2,0.6204550963106681
KCNJ2-AS1,0.0
KCNJ3,0.0
KCNJ4,0.0
KCNJ5,0.0
KCNJ6,1.7271797157291466
KCNJ6-IT1,0.0
KCNJ8,0.0
KCNJ9,0.0
KCNK1,0.5288907918624668
KCNK10,0.0
KCNK12,0.0
KCNK13,0.0
KCNK15,0.0
KCNK16,0.0
KCNK17,0.0
KCNK18,0.0
KCNK2,0.0
KCNK3,0.0
KCNK4,0.0
KCNK5,0.0
KCNK6,0.0
KCNK7,0.0
KCNK9,0.0
KCNMA1,2.645477254360429
KCNMB1,0.0
KCNMB2,1.990243223759475
KCNMB3,0.0
KCNMB3P1,0.0
KCNMB4,0.0
KCNN1,0.0
KCNN2,0.0
KCNN3,1.8402371571691645
KCNN4,0.0
KCNQ1,0.0
KCNQ1-AS1,0.0
KCNQ1DN,0.0
KCNQ1OT1,0.253644744093139
KCNQ2,0.0
KCNQ3,0.866058549240148
KCNQ4,1.380296600302216
KCNQ5,0.0
KCNQ5-AS1,2.259748353078942
KCNQ5-IT1,1.3187237340792874
KCNRG,0.0
KCNS1,0.0
KCNS2,2.0273675268345333
KCNS3,0.0
KCNT1,0.0
KCNT2,0.0
KCNU1,0.0
KCNV1,0.0
KCNV2,0.0
KCP,0.0
KCTD1,1.8146108385283355
KCTD10,0.0
KCTD11,0.0
KCTD12,1.365702298095103
KCTD13,0.0
KCTD14,0.0
KCTD15,2.5808958766241687
KCTD16,0.253644744093139
KCTD17,0.0
KCTD18,0.0
KCTD19,0.0
KCTD2,0.0
KCTD20,2.12797481183765
KCTD21,0.0
KCTD21-AS1,0.0
KCTD3,0.0
KCTD4,1.8737491581138752
KCTD5,0.0
KCTD6,0.4127178969233909
KCTD7,0.6204550963106681
KCTD8,0.0
KCTD9,1.4467087411059607
KCTD9P1,0.0
KCTD9P2,0.0
KDELC1,0.0
KDELC1P1,0.0
KDELC2,0.0
KDELR1,0.0
KDELR2,2.117588261664702
KDELR3,0.0
KDM1A,1.266040025979822
KDM1B,0.0
KDM2A,1.864435233988068
KDM2B,0.0
KDM2B,0.0
KDM3A,1.7522684493138374
KDM3B,1.9534978077301333
KDM4A,0.0
KDM4A-AS1,0.0
KDM4B,0.0
KDM4C,0.5288907918624668
KDM4D,0.0
KDM4D,0.0
KDM4E,0.0
KDM4E,0.0
KDM5A,1.9418393023284208
KDM5B,1.9795423135776309
KDM5C,0.0
KDM5C,0.0
KDM5C-IT1,0.0
KDM5C-IT1,0.0
KDM5D,1.408091496025075
KDM6A,0.0
KDM6B,0.0
KDM8,0.0
KDR,0.0
KDSR,0.253644744093139
KEAP1,0.6960356275201428
KEL,0.0
KEL,0.0
KERA,0.0
KHDC1,0.9509808635159877
KHDC1L,0.0
KHDC1P1,0.0
KHDC3L,0.0
KHDRBS1,2.014232018514904
KHDRBS2,0.0
KHDRBS3,0.8164310788769841
KHK,0.0
KHNYN,0.0
KHSRP,0.4127178969233909
KHSRPP1,0.0
KIAA0020,0.0
KIAA0040,0.0
KIAA0087,0.8164310788769841
KIAA0100,1.1840889676042927
KIAA0101,0.0
KIAA0125,0.0
KIAA0125P2,0.0
KIAA0141,1.0535570409588524
KIAA0195,0.5288907918624668
KIAA0196,1.3944163697813394
KIAA0196-AS1,0.0
KIAA0226,1.9216847941836637
KIAA0226L,2.043247203864058
KIAA0232,1.0535570409588524
KIAA0247,0.0
KIAA0319,2.2837017157830157
KIAA0319L,2.5381682749374206
KIAA0355,0.0
KIAA0368,1.6175933905056985
KIAA0391,0.0
KIAA0391,0.0
KIAA0408,0.0
KIAA0430,0.0
KIAA0513,0.0
KIAA0556,1.6092026860167012
KIAA0586,0.0
KIAA0753,0.0
KIAA0754,2.404922435441751
KIAA0825,0.0
KIAA0895,2.332805643215876
KIAA0895L,1.7206743438370773
KIAA0907,0.6204550963106681
KIAA0922,0.866058549240148
KIAA0930,2.348527823444325
KIAA0947,2.2672603164487475
KIAA1009,1.470668879757139
KIAA1024,0.9105921305334987
KIAA1024L,0.0
KIAA1033,1.7271797157291466
KIAA1045,1.4933759616707991
KIAA1107,1.380296600302216
KIAA1109,1.9216847941836637
KIAA1143,0.0
KIAA1147,0.0
KIAA1147,0.0
KIAA1161,0.0
KIAA1191,0.8164310788769841
KIAA1199,0.0
KIAA1210,0.0
KIAA1211,0.6960356275201428
KIAA1211L,0.0
KIAA1217,1.945760348159504
KIAA1239,0.0
KIAA1244,2.438821998606407
KIAA1257,0.0
KIAA1279,2.114952341510742
KIAA1324,0.0
KIAA1324L,0.0
KIAA1328,1.825043511578913
KIAA1377,0.4127178969233909
KIAA1407,1.1364750726028654
KIAA1429,0.253644744093139
KIAA1430,1.7929621417944026
KIAA1432,1.2269946489498065
KIAA1456,1.1609342125054871
KIAA1462,2.1455741788240514
KIAA1467,2.883162709345434
KIAA1468,1.7073637581471683
KIAA1522,0.0
KIAA1524,0.0
KIAA1549,0.0
KIAA1549L,0.0
KIAA1551,0.4127178969233909
KIAA1586,0.0
KIAA1598,1.0535570409588524
KIAA1614,0.0
KIAA1644,0.0
KIAA1658,0.0
KIAA1671,1.77598664737081
KIAA1683,0.4127178969233909
KIAA1715,0.0
KIAA1731,2.187803657942469
KIAA1737,0.0
KIAA1755,1.1105557679530071
KIAA1841,0.0
KIAA1875,0.0
KIAA1919,0.0
KIAA1958,0.0
KIAA1984,0.0
KIAA1984-AS1,0.0
KIAA2013,1.0535570409588524
KIAA2018,1.5739182395996751
KIAA2022,1.434214011430753
KIAA2026,1.4821708087520635
KIDINS220,2.1305330951471686
KIF11,0.0
KIF12,0.0
KIF13A,1.8198585011625843
KIF13B,1.9418393023284208
KIF14,0.0
KIF15,0.0
KIF16B,1.591918701844707
KIF17,0.0
KIF18A,0.0
KIF18B,0.0
KIF19,0.0
KIF1A,2.6954799782416377
KIF1B,2.473751888923041
KIF1C,1.7817191880906658
KIF20A,0.0
KIF20B,1.0219824427879696
KIF21A,2.3812349132130217
KIF21B,0.0
KIF22,1.5454363124656982
KIF23,0.0
KIF24,0.0
KIF25,0.0
KIF25-AS1,0.0
KIF26A,0.0
KIF26B,0.0
KIF27,0.0
KIF2A,2.0904801984897694
KIF2B,0.0
KIF2C,0.4127178969233909
KIF3A,1.7817191880906658
KIF3B,1.1364750726028654
KIF3C,1.9759159375793864
KIF4A,0.0
KIF4B,0.0
KIF4CP,0.0
KIF5A,1.0829908296976
KIF5B,2.148031149513286
KIF5C,1.8352314375814356
KIF6,0.9509808635159877
KIF7,0.0
KIF9,0.0
KIF9-AS1,0.0
KIFAP3,2.8600136344693885
KIFC1,0.0
KIFC1,0.0
KIFC1,0.0
KIFC1,0.0
KIFC2,0.0
KIFC3,0.0
KIN,0.0
KIR2DL1,0.0
KIR2DL1,0.0
KIR2DL1,0.0
KIR2DL1,0.0
KIR2DL2,0.0
KIR2DL2,0.0
KIR2DL3,0.0
KIR2DL3,0.0
KIR2DL3,0.0
KIR2DL3,0.0
KIR2DL4,0.0
KIR2DL4,0.0
KIR2DL4,0.0
KIR2DL4,0.0
KIR2DP1,0.0
KIR2DP1,0.0
KIR2DP1,0.0
KIR2DP1,0.0
KIR2DP1,0.0
KIR2DS1,0.0
KIR2DS2,0.0
KIR2DS4,0.0
KIR2DS4,0.0
KIR2DS4,0.0
KIR2DS5,0.0
KIR3DL1,0.0
KIR3DL1,0.0
KIR3DL1,0.0
KIR3DL2,0.0
KIR3DL2,0.0
KIR3DL2,0.0
KIR3DL2,0.0
KIR3DL2,0.0
KIR3DL2,0.0
KIR3DL2,0.0
KIR3DL3,0.0
KIR3DL3,0.0
KIR3DL3,0.0
KIR3DL3,0.0
KIR3DL3,0.0
KIR3DL3,0.0
KIR3DP1,0.0
KIR3DP1,0.0
KIR3DP1,0.0
KIR3DP1,0.0
KIR3DP1,0.0
KIR3DX1,0.0
KIR3DX1,0.0
KIR3DX1,0.0
KIRREL,0.253644744093139
KIRREL-IT1,0.0
KIRREL2,0.0
KIRREL3,0.0
KIRREL3-AS1,0.0
KIRREL3-AS2,0.0
KIRREL3-AS3,0.0
KISS1,0.0
KISS1R,0.0
KIT,0.0
KITLG,0.0
KL,0.0
KLB,0.0
KLC1,1.8352314375814356
KLC2,1.803921369136032
KLC3,0.0
KLC4,0.5288907918624668
KLF1,0.0
KLF10,0.0
KLF11,0.0
KLF12,2.5808958766241687
KLF13,0.0
KLF14,0.0
KLF14,0.0
KLF15,0.9509808635159877
KLF16,0.0
KLF17,0.0
KLF17P1,0.0
KLF17P2,0.0
KLF2,0.0
KLF3,1.1840889676042927
KLF3P1,0.0
KLF3P2,0.0
KLF4,2.2691181792527324
KLF5,0.0
KLF6,0.253644744093139
KLF7,1.4933759616707991
KLF7-IT1,0.0
KLF7P1,0.0
KLF8,0.0
KLF8P1,0.0
KLF9,2.9227786353971084
KLHDC1,0.0
KLHDC10,1.5454363124656982
KLHDC2,0.0
KLHDC3,0.0
KLHDC4,0.5288907918624668
KLHDC7A,0.0
KLHDC7B,0.0
KLHDC8A,0.0
KLHDC8B,0.0
KLHDC9,0.0
KLHL1,0.0
KLHL10,0.0
KLHL10,0.0
KLHL11,0.0
KLHL11,0.0
KLHL12,0.0
KLHL13,0.0
KLHL14,0.0
KLHL15,0.0
KLHL17,0.0
KLHL18,1.4213491305518202
KLHL2,0.0
KLHL20,1.8402371571691645
KLHL21,0.0
KLHL22,0.0
KLHL22-IT1,0.0
KLHL23,1.6496233519400156
KLHL24,1.8737491581138752
KLHL25,0.0
KLHL26,1.693632285926403
KLHL28,2.459637216657294
KLHL29,0.0
KLHL2P1,0.0
KLHL3,0.0
KLHL30,0.0
KLHL31,0.0
KLHL32,0.0
KLHL33,0.0
KLHL34,0.0
KLHL35,0.0
KLHL36,1.3944163697813394
KLHL38,0.0
KLHL4,0.0
KLHL40,0.0
KLHL41,0.0
KLHL42,1.2060714458283772
KLHL5,1.8549171766299344
KLHL6,0.0
KLHL6-AS1,0.0
KLHL7,2.1330763966762865
KLHL7-AS1,0.0
KLHL8,0.0
KLHL9,2.41827568760464
KLK1,0.0
KLK10,0.0
KLK11,0.0
KLK12,0.0
KLK13,0.0
KLK14,0.0
KLK15,0.0
KLK2,0.0
KLK3,0.0
KLK4,0.0
KLK5,0.0
KLK6,0.0
KLK7,0.0
KLK8,0.0
KLK9,0.0
KLK9,0.0
KLKB1,2.81706125399199
KLKP1,0.0
KLLN,0.0
KLRAP1,0.0
KLRB1,0.0
KLRC1,0.0
KLRC2,0.0
KLRC3,0.0
KLRC4,0.0
KLRC4-KLRK1,0.0
KLRD1,0.0
KLRF1,0.0
KLRF2,0.0
KLRG1,0.0
KLRG2,0.0
KLRK1,0.0
KM-PA-2,0.0
KMO,0.0
KMT2A,0.0
KMT2A,0.0
KMT2B,0.0
KMT2B,0.0
KMT2C,2.2746445520460137
KMT2D,0.0
KMT2E,2.5853939482800112
KMT2E-AS1,1.0219824427879696
KNCN,0.0
KNDC1,0.0
KNG1,0.0
KNOP1,2.5039264164968915
KNOP1P1,0.0
KNOP1P2,0.0
KNOP1P3,0.0
KNOP1P4,0.0
KNOP1P5,0.0
KNSTRN,0.0
KNTC1,0.0
KPNA1,0.6204550963106681
KPNA2,0.0
KPNA2,0.0
KPNA3,2.4995862632624104
KPNA4,2.55863188529967
KPNA5,1.0535570409588524
KPNA6,2.7826603847595712
KPNA7,0.0
KPNB1,2.443810208500159
KPRP,0.0
KPTN,0.0
KRAS,0.0
KRASP1,0.0
KRBA1,0.0
KRBA2,0.0
KRBOX1,0.0
KRBOX1,0.0
KRBOX1-AS1,0.0
KRBOX4,0.0
KRCC1,1.2269946489498065
KREMEN1,1.1364750726028654
KREMEN2,0.0
KRI1,0.0
KRIT1,2.721103114227474
KRR1,1.3944163697813394
KRR1P1,0.0
KRT1,0.0
KRT10,0.0
KRT12,0.0
KRT12,0.0
KRT121P,0.0
KRT124P,0.0
KRT125P,0.0
KRT126P,0.0
KRT127P,0.0
KRT128P,0.0
KRT13,0.0
KRT14,0.0
KRT15,0.0
KRT16,0.0
KRT16P1,0.0
KRT16P2,0.0
KRT16P3,0.0
KRT16P4,0.0
KRT16P5,0.0
KRT17,0.0
KRT17P1,0.0
KRT17P2,0.0
KRT17P3,0.0
KRT18,0.0
KRT18P1,0.0
KRT18P1,0.0
KRT18P1,0.0
KRT18P1,0.0
KRT18P1,0.0
KRT18P10,0.0
KRT18P11,0.0
KRT18P12,0.0
KRT18P13,0.0
KRT18P14,0.0
KRT18P15,0.0
KRT18P16,0.0
KRT18P17,0.0
KRT18P18,0.0
KRT18P19,0.0
KRT18P2,0.0
KRT18P20,0.0
KRT18P21,0.0
KRT18P22,0.0
KRT18P23,0.0
KRT18P24,0.0
KRT18P25,0.0
KRT18P26,0.0
KRT18P27,0.0
KRT18P28,0.0
KRT18P29,0.0
KRT18P3,0.0
KRT18P31,2.4235041102690027
KRT18P32,0.0
KRT18P33,0.0
KRT18P34,0.0
KRT18P35,0.0
KRT18P36,0.0
KRT18P37,0.0
KRT18P38,0.0
KRT18P39,0.0
KRT18P4,0.0
KRT18P40,0.0
KRT18P40,0.0
KRT18P41,0.0
KRT18P42,0.0
KRT18P43,0.0
KRT18P44,0.0
KRT18P45,0.0
KRT18P46,0.0
KRT18P47,0.0
KRT18P48,0.0
KRT18P48,0.0
KRT18P49,0.0
KRT18P5,0.0
KRT18P50,0.0
KRT18P51,0.0
KRT18P52,0.0
KRT18P53,0.0
KRT18P53,0.0
KRT18P54,0.0
KRT18P55,0.0
KRT18P56,0.0
KRT18P57,0.0
KRT18P58,0.0
KRT18P59,0.0
KRT18P6,0.0
KRT18P60,0.0
KRT18P61,0.0
KRT18P62,0.0
KRT18P62,0.0
KRT18P63,0.0
KRT18P64,0.0
KRT18P65,0.0
KRT18P66,0.0
KRT18P67,0.0
KRT18P68,0.0
KRT18P7,0.0
KRT18P8,0.0
KRT18P9,0.0
KRT19,0.0
KRT19P1,0.0
KRT19P2,0.0
KRT19P3,0.0
KRT19P4,0.0
KRT19P6,0.0
KRT2,0.0
KRT20,0.0
KRT20,0.0
KRT222,0.0
KRT222,0.0
KRT223P,0.0
KRT23,0.0
KRT23,0.0
KRT24,0.0
KRT25,0.0
KRT26,0.0
KRT27,0.0
KRT28,0.0
KRT3,0.0
KRT31,0.0
KRT31,0.0
KRT32,0.0
KRT33A,0.0
KRT33A,0.0
KRT33B,0.0
KRT33B,0.0
KRT34,0.0
KRT35,0.0
KRT36,0.0
KRT37,0.0
KRT37,0.0
KRT38,0.0
KRT39,0.0
KRT39,0.0
KRT4,0.0
KRT40,0.0
KRT40,0.0
KRT41P,0.0
KRT42P,0.0
KRT43P,0.0
KRT5,0.0
KRT6A,0.0
KRT6B,0.0
KRT6C,0.0
KRT7,0.0
KRT71,0.0
KRT72,0.0
KRT73,0.0
KRT74,0.0
KRT75,0.0
KRT76,0.0
KRT77,0.0
KRT78,0.0
KRT79,0.0
KRT8,0.0
KRT80,0.0
KRT81,0.0
KRT82,0.0
KRT83,0.0
KRT84,0.0
KRT85,0.0
KRT86,0.0
KRT8P1,0.0
KRT8P10,0.0
KRT8P11,0.0
KRT8P12,0.5288907918624668
KRT8P13,0.0
KRT8P14,0.0
KRT8P15,0.0
KRT8P17,0.0
KRT8P18,0.0
KRT8P19,0.0
KRT8P2,0.0
KRT8P20,0.0
KRT8P21,0.0
KRT8P22,0.0
KRT8P23,0.0
KRT8P24,0.0
KRT8P25,0.0
KRT8P26,0.0
KRT8P27,0.0
KRT8P28,0.0
KRT8P29,0.0
KRT8P3,0.0
KRT8P30,0.0
KRT8P31,0.0
KRT8P32,0.0
KRT8P33,0.0
KRT8P34,0.0
KRT8P35,0.0
KRT8P36,0.0
KRT8P37,0.0
KRT8P38,0.0
KRT8P39,0.0
KRT8P4,0.0
KRT8P40,0.0
KRT8P41,0.0
KRT8P42,0.0
KRT8P43,0.253644744093139
KRT8P44,0.0
KRT8P45,0.0
KRT8P46,0.0
KRT8P47,0.0
KRT8P48,0.0
KRT8P49,0.0
KRT8P5,0.0
KRT8P50,0.0
KRT8P51,0.0
KRT8P6,0.0
KRT8P7,0.0
KRT8P8,0.0
KRT8P9,0.0
KRT9,0.0
KRTAP1-1,0.0
KRTAP1-1,0.0
KRTAP1-3,0.0
KRTAP1-3,0.0
KRTAP1-4,0.0
KRTAP1-4,0.0
KRTAP1-5,0.0
KRTAP1-5,0.0
KRTAP10-1,0.0
KRTAP10-1,0.0
KRTAP10-10,0.0
KRTAP10-10,0.0
KRTAP10-11,0.0
KRTAP10-11,0.0
KRTAP10-12,0.0
KRTAP10-12,0.0
KRTAP10-13P,0.0
KRTAP10-13P,0.0
KRTAP10-2,0.0
KRTAP10-2,0.0
KRTAP10-3,0.0
KRTAP10-3,0.0
KRTAP10-4,0.0
KRTAP10-4,0.0
KRTAP10-5,0.0
KRTAP10-5,0.0
KRTAP10-6,0.0
KRTAP10-6,0.0
KRTAP10-7,0.0
KRTAP10-8,0.0
KRTAP10-8,0.0
KRTAP10-9,0.0
KRTAP10-9,0.0
KRTAP11-1,0.0
KRTAP12-1,0.0
KRTAP12-1,0.0
KRTAP12-2,0.0
KRTAP12-2,0.0
KRTAP12-3,0.0
KRTAP12-3,0.0
KRTAP12-4,0.0
KRTAP12-4,0.0
KRTAP13-1,0.0
KRTAP13-2,0.0
KRTAP13-3,0.0
KRTAP13-4,0.0
KRTAP13-5P,0.0
KRTAP13-6P,0.0
KRTAP15-1,0.0
KRTAP16-1,0.0
KRTAP16-1,0.0
KRTAP17-1,0.0
KRTAP17-1,0.0
KRTAP19-1,0.0
KRTAP19-10P,0.0
KRTAP19-11P,0.0
KRTAP19-2,0.0
KRTAP19-3,0.0
KRTAP19-4,0.0
KRTAP19-5,0.0
KRTAP19-6,0.0
KRTAP19-7,0.0
KRTAP19-8,0.0
KRTAP19-9P,0.0
KRTAP2-1,0.0
KRTAP2-1,0.0
KRTAP2-1,0.0
KRTAP2-2,0.0
KRTAP2-3,0.0
KRTAP2-3,0.0
KRTAP2-4,0.0
KRTAP2-4,0.0
KRTAP2-5P,0.0
KRTAP2-5P,0.0
KRTAP20-1,0.0
KRTAP20-2,0.0
KRTAP20-3,0.0
KRTAP20-4,0.0
KRTAP21-1,0.0
KRTAP21-2,0.0
KRTAP21-3,0.0
KRTAP21-4P,0.0
KRTAP22-1,0.0
KRTAP22-2,0.0
KRTAP23-1,0.0
KRTAP24-1,0.0
KRTAP25-1,0.0
KRTAP26-1,0.0
KRTAP27-1,0.0
KRTAP29-1,0.0
KRTAP29-1,0.0
KRTAP29-1,0.0
KRTAP3-1,0.0
KRTAP3-1,0.0
KRTAP3-2,0.0
KRTAP3-2,0.0
KRTAP3-3,0.0
KRTAP3-3,0.0
KRTAP3-4P,0.0
KRTAP3-4P,0.0
KRTAP4-1,0.0
KRTAP4-11,0.0
KRTAP4-11,0.0
KRTAP4-12,0.0
KRTAP4-12,0.0
KRTAP4-16P,0.0
KRTAP4-16P,0.0
KRTAP4-2,0.0
KRTAP4-3,0.0
KRTAP4-4,0.0
KRTAP4-5,0.0
KRTAP4-6,0.0
KRTAP4-7,0.0
KRTAP4-8,0.0
KRTAP4-9,0.0
KRTAP4-9,0.0
KRTAP5-1,0.0
KRTAP5-10,0.0
KRTAP5-11,0.0
KRTAP5-14P,0.0
KRTAP5-2,0.0
KRTAP5-3,0.0
KRTAP5-4,0.0
KRTAP5-5,0.0
KRTAP5-6,0.0
KRTAP5-7,0.0
KRTAP5-8,0.0
KRTAP5-9,0.0
KRTAP5-AS1,0.0
KRTAP6-1,0.0
KRTAP6-2,0.0
KRTAP6-3,0.0
KRTAP7-1,0.0
KRTAP8-1,0.0
KRTAP8-2P,0.0
KRTAP8-3P,0.0
KRTAP9-1,0.0
KRTAP9-10P,0.0
KRTAP9-10P,0.0
KRTAP9-10P,0.0
KRTAP9-11P,0.0
KRTAP9-11P,0.0
KRTAP9-12P,0.0
KRTAP9-12P,0.0
KRTAP9-2,0.0
KRTAP9-2,0.0
KRTAP9-2,0.0
KRTAP9-3,0.0
KRTAP9-3,0.0
KRTAP9-4,0.0
KRTAP9-4,0.0
KRTAP9-4,0.0
KRTAP9-6,0.0
KRTAP9-6,0.0
KRTAP9-7,0.0
KRTAP9-7,0.0
KRTAP9-8,0.0
KRTAP9-9,0.0
KRTAP9-9,0.0
KRTCAP2,2.327975816989281
KRTCAP3,0.0
KRTDAP,0.0
KSR1,0.253644744093139
KSR1P1,0.0
KSR2,0.0
KTI12,0.0
KTN1,1.2843206418841475
KTN1-AS1,0.0
KXD1,2.203177694386906
KY,0.0
KYNU,0.0
KYNUP1,0.0
KYNUP2,0.0
KYNUP3,0.0
L1CAM,0.0
L1CAM,0.0
L1TD1,0.0
L29074.3,0.0
L29074.3,0.0
L2HGDH,0.0
L34079.2,0.0
L34079.3,0.0
L34079.4,0.0
L3HYPDH,1.4933759616707991
L3MBTL1,0.0
L3MBTL2,1.8451858371752416
L3MBTL3,0.0
L3MBTL4,0.0
L47234.1,0.0
LA16c-13E4.3,0.0
LA16c-13E4.3,0.0
LA16c-17H1.3,0.0
LA16c-23H5.4,0.0
LA16c-2F2.5,0.0
LA16c-2F2.8,0.0
LA16c-306A4.1,0.0
LA16c-306A4.2,0.0
LA16c-306E5.1,0.0
LA16c-306E5.3,0.0
LA16c-312E8.2,0.0
LA16c-313D11.12,0.0
LA16c-313D11.9,0.0
LA16c-316G12.2,0.0
LA16c-321D4.1,0.0
LA16c-321D4.2,0.0
LA16c-325D7.1,0.0
LA16c-325D7.2,0.0
LA16c-329F2.1,0.0
LA16c-349E10.1,0.0
LA16c-349E11.1,0.0
LA16c-352F10.1,0.0
LA16c-358B7.3,0.0
LA16c-360H6.2,0.0
LA16c-360H6.3,0.0
LA16c-361A3.3,0.0
LA16c-366D1.3,0.0
LA16c-366D3.1,0.0
LA16c-380A1.1,0.0
LA16c-380H5.2,0.0
LA16c-380H5.3,0.0
LA16c-380H5.4,0.0
LA16c-380H5.5,0.0
LA16c-381G6.1,0.0
LA16c-385E7.1,0.0
LA16c-390E6.3,0.0
LA16c-390E6.4,0.0
LA16c-390E6.5,0.0
LA16c-390H2.4,0.0
LA16c-395F10.1,0.0
LA16c-395F10.2,0.0
LA16c-3G11.7,0.0
LA16c-425C2.1,0.0
LA16c-429E7.1,0.0
LA16c-431H6.6,0.0
LA16c-444G7.1,0.0
LA16c-444G7.2,0.0
LA16c-4G1.3,0.0
LA16c-4G1.3,0.0
LA16c-4G1.4,0.0
LA16c-4G1.4,0.0
LA16c-4G1.5,0.0
LA16c-4G1.5,0.0
LA16c-60G3.5,0.0
LA16c-60G3.6,0.0
LA16c-60G3.7,0.0
LA16c-60G3.8,0.0
LA16c-60H5.7,0.0
LA16c-83F12.6,0.0
LA16c-OS12.2,0.0
LACC1,0.0
LACE1,0.0
LACRT,0.0
LACTB,0.5288907918624668
LACTB2,0.0
LACTBL1,0.0
LAD1,0.0
LAG3,0.0
LAGE3,0.0
LAGE3,0.0
LAIR1,0.0
LAIR1,0.0
LAIR1,0.0
LAIR1,0.0
LAIR2,0.0
LAIR2,0.0
LAIR2,0.0
LAIR2,0.0
LALBA,0.0
LAMA1,2.348527823444325
LAMA2,0.0
LAMA3,1.0535570409588524
LAMA4,0.0
LAMA4,0.0
LAMA5,0.0
LAMB1,0.0
LAMB2,1.7140700431083098
LAMB3,0.0
LAMB4,0.0
LAMC1,0.0
LAMC2,0.0
LAMC3,0.0
LAMP1,0.6204550963106681
LAMP2,2.185562255814066
LAMP3,0.0
LAMP5,0.0
LAMTOR1,0.9879310210915638
LAMTOR2,1.5454363124656982
LAMTOR3,0.0
LAMTOR3P1,0.0
LAMTOR3P2,0.0
LAMTOR4,2.1042457017450573
LAMTOR5,1.9216847941836637
LAMTOR5-AS1,0.0
LAMTOR5P1,0.0
LANCL1,0.253644744093139
LANCL2,0.0
LANCL3,0.0
LANCL3,0.0
LAP3,1.4588540253591942
LAP3P1,0.0
LAP3P2,0.0
LAPTM4A,2.2616385603063045
LAPTM4B,1.525354679322857
LAPTM5,0.0
LARGE,0.0
LARGE-AS1,0.0
LARGE-IT1,0.0
LARP1,2.162488037762603
LARP1B,0.0
LARP1BP1,0.0
LARP1BP2,0.0
LARP1BP3,0.0
LARP1P1,0.0
LARP4,2.446282991622408
LARP4B,1.514954562424701
LARP4P,0.0
LARP6,0.0
LARP7,1.3944163697813394
LARS,1.4467087411059607
LARS2,0.0
LARS2-AS1,0.0
LAS1L,0.7603920768618123
LASP1,0.0
LAT,0.0
LAT2,0.0
LAT2,0.0
LATS1,2.201014444446189
LATS2,0.5288907918624668
LATS2-AS1,0.0
LAX1,0.0
LAYN,0.0
LBH,0.0
LBP,0.0
LBR,0.7603920768618123
LBX1,0.0
LBX1-AS1,0.0
LBX2,0.0
LBX2-AS1,0.0
LCA10,0.0
LCA10,0.0
LCA5,1.6794524383704983
LCA5L,0.0
LCAT,0.0
LCE1A,0.0
LCE1B,0.0
LCE1C,0.0
LCE1D,0.0
LCE1E,0.0
LCE1F,0.0
LCE2A,0.0
LCE2B,0.0
LCE2C,0.0
LCE2D,0.0
LCE3A,0.0
LCE3B,0.0
LCE3C,0.0
LCE3D,0.0
LCE3E,0.0
LCE4A,0.0
LCE5A,0.0
LCE6A,0.0
LCK,0.0
LCLAT1,2.7634910885632924
LCMT1,0.0
LCMT2,0.0
LCN1,0.0
LCN10,0.0
LCN12,0.0
LCN15,0.0
LCN1P1,0.0
LCN1P1,0.0
LCN1P2,0.0
LCN1P2,0.0
LCN2,0.0
LCN6,0.0
LCN6,0.0
LCN8,0.0
LCN9,0.0
LCNL1,0.0
LCOR,0.0
LCORL,0.0
LCP1,0.0
LCP2,0.0
LCT,1.964851508604246
LCTL,0.0
LDB1,1.408091496025075
LDB2,0.866058549240148
LDB3,0.0
LDHA,1.3944163697813394
LDHAL6A,0.0
LDHAL6B,0.0
LDHAL6CP,0.0
LDHAL6DP,0.0
LDHAL6EP,0.0
LDHAL6FP,0.0
LDHAL6FP,0.0
LDHAP1,0.0
LDHAP2,0.0
LDHAP3,0.0
LDHAP4,0.0
LDHAP5,0.0
LDHAP7,0.0
LDHB,3.26626392669083
LDHBP1,0.0
LDHBP2,0.0
LDHBP2,0.0
LDHBP3,0.0
LDHC,0.0
LDHD,0.0
LDLR,1.365702298095103
LDLRAD1,0.0
LDLRAD2,0.0
LDLRAD3,0.0
LDLRAD4,2.1123003250777685
LDLRAD4-AS1,0.0
LDLRAP1,0.0
LDOC1,0.0
LDOC1,0.0
LDOC1L,0.7603920768618123
LEAP2,0.0
LECT1,0.0
LECT2,0.0
LEF1,0.0
LEF1-AS1,0.0
LEFTY1,0.0
LEFTY2,0.0
LEKR1,0.0
LELP1,0.0
LEMD1,0.0
LEMD1-AS1,0.0
LEMD2,0.0
LEMD3,0.9509808635159877
LENEP,0.0
LENG1,0.0
LENG1,0.0
LENG1,0.0
LENG1,0.0
LENG1,0.0
LENG1,0.0
LENG1,0.0
LENG1,0.0
LENG1,0.0
LENG1,0.0
LENG8,0.0
LENG8,0.0
LENG8-AS1,0.0
LENG8-AS1,0.0
LENG8-AS1,0.0
LENG8-AS1,0.0
LENG9,0.0
LENG9,0.0
LEO1,0.0
LEP,0.0
LEPR,0.0
LEPRE1,0.0
LEPREL1,0.0
LEPREL1-AS1,0.0
LEPREL2,0.0
LEPREL2,0.0
LEPREL4,0.0
LEPREL4,0.0
LEPROT,2.5745192676552264
LEPROTL1,0.0
LETM1,2.0555457066445686
LETM1P2,0.0
LETM2,0.0
LETMD1,0.0
LEUTX,0.0
LFNG,2.196655347825859
LGALS1,1.9795423135776309
LGALS12,0.0
LGALS13,0.0
LGALS14,0.0
LGALS16,0.0
LGALS17A,0.0
LGALS2,0.0
LGALS3,0.0
LGALS3BP,2.27647115873368
LGALS4,0.0
LGALS7,0.0
LGALS7B,0.0
LGALS8,1.7399052260407448
LGALS8-AS1,0.0
LGALS9,0.0
LGALS9B,0.0
LGALS9C,0.0
LGALSL,1.7399052260407448
LGI1,2.5960029668384905
LGI2,1.2843206418841475
LGI3,0.0
LGI4,0.8164310788769841
LGMN,0.0
LGMNP1,0.0
LGR4,1.5830117235334478
LGR5,0.0
LGR6,0.0
LGSN,0.0
LHB,0.0
LHCGR,0.0
LHFP,1.9133535980403211
LHFPL1,0.0
LHFPL2,0.0
LHFPL3,0.0
LHFPL3-AS1,0.0
LHFPL4,0.0
LHFPL5,0.0
LHPP,0.0
LHX1,0.0
LHX2,1.7073637581471683
LHX3,0.0
LHX4,0.0
LHX5,0.0
LHX6,0.0
LHX8,0.0
LHX9,0.0
LIAS,0.0
LIF,0.0
LIFR,2.915306793854347
LIFR-AS1,0.0
LIG1,1.0535570409588524
LIG3,0.0
LIG4,1.6572748854262789
LILRA1,0.0
LILRA1,0.0
LILRA1,0.0
LILRA1,0.0
LILRA2,0.0
LILRA2,0.0
LILRA2,0.0
LILRA2,0.0
LILRA3,0.0
LILRA3,0.0
LILRA3,0.0
LILRA3,0.0
LILRA4,0.0
LILRA4,0.0
LILRA4,0.0
LILRA4,0.0
LILRA5,0.0
LILRA5,0.0
LILRA5,0.0
LILRA5,0.0
LILRA6,0.0
LILRA6,0.0
LILRA6,0.0
LILRB1,0.0
LILRB1,0.0
LILRB1,0.0
LILRB1,0.0
LILRB2,0.0
LILRB2,0.0
LILRB3,0.0
LILRB3,0.0
LILRB3,0.0
LILRB3,0.0
LILRB4,0.0
LILRB4,0.0
LILRB4,0.0
LILRB4,0.0
LILRB4,0.0
LILRB5,0.0
LILRB5,0.0
LILRP1,0.0
LILRP1,0.0
LILRP1,0.0
LILRP1,0.0
LILRP1,0.0
LILRP2,0.0
LILRP2,0.0
LILRP2,0.0
LILRP2,0.0
LILRP2,0.0
LIM2,0.0
LIMA1,0.0
LIMCH1,2.586287999023207
LIMD1,0.0
LIMD1-AS1,0.0
LIMD2,0.0
LIME1,0.0
LIMK1,0.0
LIMK1,0.0
LIMK2,1.4467087411059607
LIMS1,1.9338893813999691
LIMS2,0.0
LIMS3,0.0
LIMS3L,0.0
LIMS3L,0.0
LIN28A,0.0
LIN28AP1,0.0
LIN28AP2,0.0
LIN28B,0.0
LIN37,0.0
LIN52,1.4213491305518202
LIN54,0.0
LIN7A,0.0
LIN7B,0.0
LIN7C,0.7603920768618123
LIN9,0.0
LINC-ROR,0.0
LINC00028,0.0
LINC00029,0.0
LINC00032,0.0
LINC00035,0.0
LINC00035,0.0
LINC00051,0.0
LINC00052,0.0
LINC00083,0.0
LINC00085,0.6204550963106681
LINC00086,0.0
LINC00086,0.0
LINC00087,0.0
LINC00087,0.0
LINC00092,2.3312016618466327
LINC00094,0.0
LINC00102,0.0
LINC00102,0.0
LINC00106,0.0
LINC00106,0.0
LINC00111,0.0
LINC00112,0.0
LINC00113,0.0
LINC00114,0.0
LINC00115,1.470668879757139
LINC00116,0.0
LINC00152,0.0
LINC00158,0.0
LINC00159,0.0
LINC00160,0.0
LINC00161,0.0
LINC00162,0.0
LINC00163,0.0
LINC00167,0.0
LINC00173,1.8301673481627088
LINC00174,0.0
LINC00176,0.0
LINC00184,0.0
LINC00189,0.0
LINC00200,0.0
LINC00202-1,0.0
LINC00202-2,0.0
LINC00205,1.9795423135776309
LINC00207,0.0
LINC00208,0.0
LINC00210,0.0
LINC00211,0.0
LINC00221,0.0
LINC00222,0.0
LINC00226,0.0
LINC00229,0.0
LINC00237,0.0
LINC00238,0.0
LINC00240,0.0
LINC00242,0.0
LINC00243,0.0
LINC00243,0.0
LINC00243,0.0
LINC00243,0.0
LINC00243,0.0
LINC00243,0.0
LINC00261,0.0
LINC00263,1.7984763234491472
LINC00264,0.0
LINC00265,0.0
LINC00265-2P,0.0
LINC00265-3P,0.0
LINC00266-1,0.0
LINC00266-2P,0.0
LINC00266-3,0.0
LINC00266-4P,0.0
LINC00269,0.0
LINC00271,0.0
LINC00272,0.0
LINC00273,0.0
LINC00276,0.0
LINC00277,0.0
LINC00278,0.0
LINC00279,0.0
LINC00280,0.0
LINC00283,0.0
LINC00284,0.0
LINC00290,0.0
LINC00293,0.0
LINC00297,0.0
LINC00299,2.549007463289132
LINC00301,0.0
LINC00302,0.0
LINC00303,0.0
LINC00304,0.0
LINC00305,0.0
LINC00307,0.0
LINC00308,0.0
LINC00309,0.0
LINC00310,0.0
LINC00311,0.0
LINC00312,0.0
LINC00313,0.0
LINC00314,0.0
LINC00315,0.0
LINC00316,0.0
LINC00317,0.0
LINC00319,0.0
LINC00320,0.0
LINC00322,0.0
LINC00323,0.0
LINC00324,0.0
LINC00326,0.0
LINC00327,0.0
LINC00328-2P,0.0
LINC00330,0.0
LINC00331,0.0
LINC00332,0.0
LINC00333,0.0
LINC00334,0.0
LINC00336,0.0
LINC00337,0.0
LINC00338,0.9509808635159877
LINC00339,0.0
LINC00341,0.0
LINC00342,0.0
LINC00343,0.0
LINC00345,0.0
LINC00346,0.0
LINC00347,0.0
LINC00348,0.0
LINC00349,0.0
LINC00350,0.0
LINC00351,0.0
LINC00352,0.0
LINC00353,0.0
LINC00354,0.0
LINC00355,0.0
LINC00358,0.0
LINC00359,0.0
LINC00362,0.0
LINC00363,0.0
LINC00364,0.0
LINC00365,0.0
LINC00366,0.0
LINC00368,0.0
LINC00370,0.0
LINC00371,0.0
LINC00374,0.0
LINC00375,0.0
LINC00376,0.0
LINC00378,0.0
LINC00379,0.0
LINC00380,0.0
LINC00381,0.0
LINC00382,0.0
LINC00383,0.0
LINC00384,0.0
LINC00385,0.0
LINC00387,0.0
LINC00388,0.0
LINC00390,0.0
LINC00391,0.253644744093139
LINC00392,0.0
LINC00393,0.0
LINC00395,0.0
LINC00396,0.0
LINC00397,0.0
LINC00398,0.0
LINC00399,0.0
LINC00400,0.0
LINC00401,1.2843206418841475
LINC00402,0.0
LINC00403,0.0
LINC00404,0.0
LINC00407,0.0
LINC00408,0.0
LINC00410,0.0
LINC00411,0.0
LINC00412,0.0
LINC00415,0.0
LINC00418,0.0
LINC00421,0.0
LINC00423,0.0
LINC00424,0.0
LINC00426,0.0
LINC00427,0.0
LINC00428,0.0
LINC00430,0.0
LINC00431,0.0
LINC00433,0.0
LINC00434,0.0
LINC00437,0.0
LINC00440,0.0
LINC00441,0.0
LINC00442,0.0
LINC00443,0.0
LINC00444,0.0
LINC00445,0.0
LINC00446,0.0
LINC00448,0.0
LINC00449,0.0
LINC00452,0.0
LINC00454,0.0
LINC00456,0.0
LINC00457,0.0
LINC00458,0.0
LINC00459,0.0
LINC00460,0.0
LINC00461,2.386925797402599
LINC00462,0.0
LINC00466,0.0
LINC00467,0.0
LINC00469,0.0
LINC00470,0.0
LINC00471,1.408091496025075
LINC00472,0.0
LINC00473,0.0
LINC00474,0.0
LINC00475,0.0
LINC00476,0.4127178969233909
LINC00477,0.0
LINC00478,2.302986557861576
LINC00479,0.0
LINC00482,0.0
LINC00483,0.0
LINC00484,0.0
LINC00485,1.5042992690810633
LINC00486,0.0
LINC00487,0.0
LINC00488,0.0
LINC00489,0.0
LINC00491,0.0
LINC00492,0.0
LINC00493,0.0
LINC00494,0.0
LINC00498,0.4127178969233909
LINC00499,2.4725930298358136
LINC00500,0.4127178969233909
LINC00501,0.0
LINC00502,0.0
LINC00504,0.0
LINC00505,0.0
LINC00507,0.0
LINC00508,0.0
LINC00511,0.4127178969233909
LINC00514,0.0
LINC00515,0.0
LINC00517,0.0
LINC00518,0.0
LINC00519,0.0
LINC00520,0.0
LINC00521,0.0
LINC00523,0.0
LINC00524,0.0
LINC00525,0.0
LINC00526,0.0
LINC00528,0.0
LINC00529,0.0
LINC00533,0.0
LINC00533,0.0
LINC00534,0.0
LINC00535,0.0
LINC00536,0.0
LINC00537,0.0
LINC00539,1.8146108385283355
LINC00543,0.0
LINC00544,0.0
LINC00545,0.0
LINC00551,0.0
LINC00552,0.0
LINC00554,0.0
LINC00555,0.0
LINC00556,0.0
LINC00557,0.0
LINC00558,0.0
LINC00559,0.0
LINC00560,0.0
LINC00561,0.0
LINC00562,0.0
LINC00563,0.0
LINC00564,0.0
LINC00565,0.0
LINC00566,0.0
LINC00567,0.0
LINC00568,0.0
LINC00570,0.0
LINC00571,0.0
LINC00572,0.0
LINC00574,0.0
LINC00575,0.0
LINC00577,0.0
LINC00578,0.0
LINC00582,0.0
LINC00583,0.0
LINC00587,0.0
LINC00588,0.0
LINC00589,0.0
LINC00592,0.0
LINC00593,0.0
LINC00594,0.0
LINC00595,0.253644744093139
LINC00596,0.0
LINC00598,0.0
LINC00599,0.5288907918624668
LINC00601,0.0
LINC00603,0.0
LINC00604,0.0
LINC00605,0.0
LINC00606,0.0
LINC00607,0.0
LINC00608,0.0
LINC00609,0.0
LINC00610,0.0
LINC00612,0.0
LINC00613,0.0
LINC00614,0.0
LINC00615,0.0
LINC00616,0.0
LINC00617,0.0
LINC00618,0.0
LINC00619,0.0
LINC00620,0.0
LINC00621,0.0
LINC00622,0.0
LINC00623,0.0
LINC00624,0.0
LINC00626,0.0
LINC00629,0.0
LINC00630,0.0
LINC00632,0.253644744093139
LINC00633,0.0
LINC00633,0.0
LINC00634,0.0
LINC00635,2.459637216657294
LINC00636,0.0
LINC00637,0.0
LINC00638,0.0
LINC00639,0.253644744093139
LINC00640,0.0
LINC00641,0.0
LINC00642,0.0
LINC00643,0.0
LINC00644,0.0
LINC00645,0.0
LINC00648,0.0
LINC00649,0.4127178969233909
LINC00652,0.0
LINC00654,0.0
LINC00656,0.0
LINC00657,1.4821708087520635
LINC00658,0.0
LINC00659,0.0
LINC00661,0.0
LINC00662,1.3944163697813394
LINC00663,0.866058549240148
LINC00664,0.0
LINC00665,1.408091496025075
LINC00667,1.5454363124656982
LINC00668,0.0
LINC00669,0.0
LINC00670,0.0
LINC00671,0.0
LINC00672,0.0
LINC00674,0.0
LINC00674,0.0
LINC00675,0.0
LINC00676,0.0
LINC00677,0.0
LINC00678,0.0
LINC00680,0.0
LINC00681,0.0
LINC00682,0.0
LINC00683,0.0
LINC00684,0.0
LINC00685,0.0
LINC00685,0.0
LINC00686,0.0
LINC00687,0.0
LINC00689,0.0
LINC00690,0.0
LINC00691,0.0
LINC00692,0.0
LINC00693,2.579083521916952
LINC00694,0.0
LINC00696,0.0
LINC00698,0.0
LINC00700,0.0
LINC00701,0.0
LINC00702,0.0
LINC00703,0.0
LINC00704,0.0
LINC00705,0.0
LINC00707,0.0
LINC00708,0.0
LINC00709,0.0
LINC00710,0.0
LINC00837,0.0
LINC00838,0.0
LINC00839,0.0
LINC00840,0.0
LINC00841,0.0
LINC00842,0.0
LINC00843,0.0
LINC00843,0.0
LINC00844,1.2269946489498065
LINC00845,0.0
LINC00846,0.0
LINC00847,0.253644744093139
LINC00851,0.0
LINC00852,0.0
LINC00853,0.0
LINC00854,0.0
LINC00856,0.0
LINC00857,0.0
LINC00858,0.0
LINC00861,0.0
LINC00862,0.0
LINC00863,0.0
LINC00864,0.0
LINC00865,0.0
LINC00866,0.0
LINC00867,0.0
LINC00868,0.0
LINC00870,0.0
LINC00871,0.0
LINC00877,0.0
LINC00879,0.0
LINC00880,0.0
LINC00881,0.0
LINC00882,1.6794524383704983
LINC00883,0.0
LINC00884,0.0
LINC00885,0.0
LINC00886,0.0
LINC00887,0.0
LINC00888,0.0
LINC00890,0.0
LINC00892,0.0
LINC00893,0.0
LINC00894,0.0
LINC00894,0.0
LINC00896,0.0
LINC00898,0.0
LINC00899,0.0
LINC00900,1.0219824427879696
LINC00901,1.4213491305518202
LINC00903,0.0
LINC00904,0.0
LINC00905,0.0
LINC00906,0.0
LINC00907,0.0
LINC00908,0.0
LINC00909,1.803921369136032
LINC00910,1.0219824427879696
LINC00911,0.0
LINC00917,0.0
LINC00919,0.0
LINC00920,0.0
LINC00922,0.0
LINC00923,0.0
LINC00924,0.0
LINC00925,0.0
LINC00926,0.0
LINC00927,0.0
LINC00928,0.0
LINC00929,0.0
LINC00930,0.0
LINC00933,0.0
LINC00935,0.0
LINC00936,1.470668879757139
LINC00937,0.0
LINC00938,2.0006867942048503
LINC00939,0.0
LINC00940,0.0
LINC00941,0.0
LINC00942,0.0
LINC00943,0.0
LINC00944,0.0
LINC00945,0.0
LINC00948,0.0
LINC00951,0.0
LINC00954,0.0
LINC00955,0.0
LINC00957,0.0
LINC00958,0.0
LINC00959,0.0
LINC00960,0.0
LINC00961,0.0
LINC00963,0.5288907918624668
LINC00964,0.0
LINC00966,0.0
LINC00967,0.0
LINC00968,0.0
LINC00969,2.3114770817288792
LINC00970,0.0
LINC00971,0.0
LINC00972,0.0
LINC00973,0.0
LINC00974,0.0
LINC00977,0.0
LINC00982,2.1988403652486808
LINC00984,0.0
LINC00987,0.0
LINC00989,0.0
LINC00992,0.0
LINC00993,0.0
LINC00994,0.0
LINC00996,0.0
LINC00998,0.0
LINC00999,0.6204550963106681
LINC01001,0.6960356275201428
LINC01002,0.0
LINC01003,0.0
LINC01004,0.5288907918624668
LINC01005,0.0
LINC01006,1.7701774257562413
LINC01007,0.0
LINC01010,0.0
LINC01011,0.0
LINC01013,0.253644744093139
LINC01014,0.0
LINC01015,0.0
LINC01015,0.0
LINC01015,0.0
LINC01015,0.0
LINC01015,0.0
LINC01015,0.0
LINC01015,0.0
LINC01015,0.0
LINC01016,0.0
LINC01018,0.0
LINC01019,0.0
LINC01020,0.0
LINC01021,0.0
LINC01022,0.0
LINC01023,0.0
LINC01024,0.0
LINC01028,0.0
LINC01029,0.0
LINC01030,0.0
LINC01031,0.0
LINC01032,0.0
LINC01033,0.0
LINC01034,0.0
LINC01035,0.0
LINC01036,0.0
LINC01037,0.0
LINC01038,0.0
LINC01039,0.0
LINC01040,0.0
LINC01043,0.0
LINC01044,0.0
LINC01046,0.0
LINC01047,0.0
LINC01048,0.0
LINC01049,0.0
LINC01050,0.0
LINC01052,0.0
LINC01053,0.0
LINC01054,0.0
LINC01054,0.0
LINC01055,0.0
LINC01056,0.0
LINC01057,1.6418345900426288
LINC01058,0.0
LINC01059,0.0
LINC01060,0.0
LINC01063,0.0
LINC01065,0.0
LINC01066,0.0
LINC01067,0.0
LINC01068,0.0
LINC01069,0.0
LINC01070,0.0
LINC01071,0.0
LINC01072,0.0
LINC01073,0.0
LINC01074,0.0
LINC01075,0.0
LINC01076,0.0
LINC01077,0.0
LINC01078,0.0
LINC01079,0.0
LINC01081,0.0
LINC01082,0.0
LINC01085,0.0
LINC01087,0.0
LINC01088,0.0
LINGO1,0.0
LINGO2,0.0
LINGO3,0.0
LINGO4,0.0
LINS,0.0
LIPA,2.844030176498286
LIPC,0.0
LIPE,1.5551393200304595
LIPE-AS1,0.0
LIPF,0.0
LIPG,0.0
LIPH,0.0
LIPI,0.0
LIPJ,0.0
LIPK,0.0
LIPM,0.0
LIPN,0.0
LIPT1,0.253644744093139
LIPT1P1,0.0
LIPT2,0.0
LITAF,0.0
LIX1,1.878332270313977
LIX1L,0.5288907918624668
LL09NC01-139C3.1,0.0
LL09NC01-139C3.1,0.0
LL09NC01-251B2.3,0.0
LL09NC01-254D11.1,0.0
LL0XNC01-105G4.3,0.0
LL0XNC01-116E7.1,0.0
LL0XNC01-116E7.1,0.0
LL0XNC01-116E7.2,0.0
LL0XNC01-116E7.4,0.0
LL0XNC01-116E7.4,0.0
LL0XNC01-131B10.2,0.0
LL0XNC01-16G2.1,0.0
LL0XNC01-16G2.1,0.0
LL0XNC01-177E8.2,0.0
LL0XNC01-19D8.1,0.0
LL0XNC01-221F2.2,0.0
LL0XNC01-237H1.2,0.0
LL0XNC01-237H1.3,0.0
LL0XNC01-240C2.1,0.0
LL0XNC01-240C2.1,0.0
LL0XNC01-250H12.3,0.0
LL0XNC01-37G1.2,0.0
LL0XNC01-37G1.2,0.0
LL0XNC01-39B3.1,0.0
LL0XNC01-73E8.1,0.0
LL0XNC01-7P3.1,0.0
LL0XNC01-7P3.1,0.0
LL0YNC03-29C1.1,0.0
LL0YNC03-29C1.1,0.0
LL21NC02-1C16.1,0.0
LL21NC02-1C16.2,0.0
LL22NC01-116C6.1,0.0
LL22NC01-81G9.3,0.0
LL22NC03-102D1.16,0.0
LL22NC03-102D1.18,0.0
LL22NC03-104C7.1,0.0
LL22NC03-121E8.3,0.0
LL22NC03-121E8.4,0.0
LL22NC03-123E1.5,0.0
LL22NC03-13G6.2,0.0
LL22NC03-22A12.12,0.0
LL22NC03-22A12.9,0.0
LL22NC03-23C6.12,0.0
LL22NC03-23C6.13,0.0
LL22NC03-23C6.15,0.0
LL22NC03-24A12.8,0.0
LL22NC03-2H8.4,0.0
LL22NC03-2H8.5,0.0
LL22NC03-30E12.10,0.0
LL22NC03-30E12.11,0.0
LL22NC03-30E12.13,0.0
LL22NC03-32F9.1,0.0
LL22NC03-63E9.3,0.0
LL22NC03-75A1.9,0.0
LL22NC03-75H12.2,0.0
LL22NC03-80A10.11,0.0
LL22NC03-80A10.6,0.0
LL22NC03-84E4.11,0.0
LL22NC03-84E4.8,0.0
LL22NC03-86D4.1,0.0
LL22NC03-86G7.1,1.514954562424701
LL22NC03-88E1.17,0.0
LL22NC03-N14H11.1,0.0
LL22NC03-N27C7.1,0.0
LL22NC03-N64E9.1,0.0
LLGL1,0.253644744093139
LLGL2,0.0
LLNLF-65H9.1,0.0
LLNLR-246C6.1,0.0
LLNLR-249E10.1,0.0
LLNLR-299G3.1,0.0
LLPH,0.0
LLfos-48D6.1,0.0
LMAN1,2.3651891954641298
LMAN1L,0.0
LMAN2,1.8352314375814356
LMAN2L,1.2060714458283772
LMBR1,0.9879310210915638
LMBR1L,0.0
LMBRD1,1.6721850324842915
LMBRD2,1.878332270313977
LMCD1,0.0
LMCD1-AS1,2.185562255814066
LMF1,0.0
LMF2,0.0
LMLN,0.0
LMLN-AS1,0.0
LMNA,0.0
LMNB1,0.0
LMNB2,0.0
LMO1,0.9105921305334987
LMO2,0.4127178969233909
LMO3,3.0053582734636763
LMO4,1.6572748854262789
LMO7,0.0
LMOD1,0.0
LMOD2,0.0
LMOD3,1.803921369136032
LMTK2,2.462021748829196
LMTK3,0.0
LMX1A,0.0
LMX1B,0.0
LNP1,0.0
LNPEP,2.8080436347410904
LNX1,0.0
LNX1-AS1,0.0
LNX1-AS2,0.0
LNX2,0.0
LOC100421166,0.0
LOC124685,0.0
LOC401913,0.0
LOC440461,0.0
LOC440461,0.0
LOC732538,0.0
LOC732538,0.0
LOH12CR1,1.1609342125054871
LOH12CR2,0.0
LONP1,0.6960356275201428
LONP2,2.2363999041364866
LONRF1,0.4127178969233909
LONRF2,0.5288907918624668
LONRF2P1,0.0
LONRF2P2,0.0
LONRF3,0.0
LOR,0.0
LOX,0.0
LOXHD1,0.0
LOXL1,0.0
LOXL1-AS1,0.0
LOXL2,0.0
LOXL3,0.0
LOXL4,0.0
LPA,3.1659470774760163
LPAL2,0.0
LPAR1,0.0
LPAR2,0.0
LPAR3,0.0
LPAR4,0.0
LPAR5,0.0
LPAR6,0.0
LPCAT1,0.0
LPCAT2,0.0
LPCAT2BP,0.0
LPCAT3,0.0
LPCAT3,0.0
LPCAT4,0.0
LPGAT1,2.737171823261149
LPHN1,0.0
LPHN2,0.0
LPHN3,0.866058549240148
LPIN1,2.502845437689538
LPIN2,1.887355901089917
LPIN3,0.0
LPL,0.0
LPO,0.0
LPP,0.8164310788769841
LPP-AS1,0.0
LPP-AS2,0.9879310210915638
LPPR1,0.0
LPPR3,0.0
LPPR4,0.0
LPPR5,0.5288907918624668
LPXN,0.0
LRAT,0.9879310210915638
LRBA,0.5288907918624668
LRCH1,0.0
LRCH2,0.0
LRCH2,0.0
LRCH3,2.3561805014815937
LRCH4,0.0
LRCOL1,0.0
LRFN1,0.0
LRFN2,0.0
LRFN3,0.0
LRFN4,0.0
LRFN5,0.0
LRG1,0.0
LRGUK,0.0
LRIF1,0.0
LRIG1,2.8227979671609464
LRIG2,0.8164310788769841
LRIG3,0.0
LRIT1,0.0
LRIT2,0.0
LRIT3,0.0
LRLE1,0.0
LRMP,0.0
LRP1,2.033789239579625
LRP10,0.0
LRP11,0.0
LRP12,1.77598664737081
LRP1B,2.871742392218512
LRP2,0.0
LRP2BP,1.9298591741236093
LRP3,0.0
LRP4,1.7461308297538636
LRP4-AS1,0.0
LRP5,0.0
LRP5L,0.0
LRP6,2.171865343653194
LRP8,1.990243223759475
LRPAP1,0.0
LRPPRC,2.321451342363825
LRR1,0.0
LRRC1,0.7603920768618123
LRRC10,0.0
LRRC10B,0.0
LRRC14,0.0
LRRC14B,0.0
LRRC15,0.0
LRRC16A,2.7888666267148814
LRRC16B,0.0
LRRC17,0.0
LRRC18,0.0
LRRC19,0.0
LRRC2,0.0
LRRC20,0.0
LRRC23,0.0
LRRC23,0.0
LRRC24,0.0
LRRC25,0.0
LRRC26,0.0
LRRC27,0.0
LRRC28,0.0
LRRC29,0.0
LRRC3,0.0
LRRC3-AS1,0.0
LRRC30,0.0
LRRC31,0.0
LRRC32,0.0
LRRC34,0.0
LRRC36,0.0
LRRC37A,0.253644744093139
LRRC37A11P,0.0
LRRC37A12P,0.0
LRRC37A13P,0.0
LRRC37A14P,0.0
LRRC37A15P,0.0
LRRC37A16P,0.0
LRRC37A16P,0.0
LRRC37A17P,0.9509808635159877
LRRC37A2,0.0
LRRC37A3,2.0305902524630275
LRRC37A4P,0.0
LRRC37A5P,0.0
LRRC37A6P,0.253644744093139
LRRC37A7P,0.0
LRRC37A9P,0.0
LRRC37A9P,0.0
LRRC37B,0.6960356275201428
LRRC37BP1,1.693632285926403
LRRC38,0.0
LRRC39,0.0
LRRC3B,2.052503577203945
LRRC3C,0.0
LRRC3DN,0.0
LRRC4,1.6258250518828512
LRRC40,2.2559430775347025
LRRC41,0.0
LRRC42,0.4127178969233909
LRRC43,0.0
LRRC45,0.0
LRRC46,0.0
LRRC47,0.0
LRRC48,0.253644744093139
LRRC49,1.5551393200304595
LRRC4B,0.0
LRRC4C,1.0535570409588524
LRRC52,0.0
LRRC53,0.0
LRRC55,0.0
LRRC56,0.0
LRRC57,0.253644744093139
LRRC58,1.408091496025075
LRRC59,0.0
LRRC6,0.0
LRRC61,0.0
LRRC63,0.0
LRRC66,0.0
LRRC69,0.0
LRRC7,1.1364750726028654
LRRC70,0.0
LRRC71,0.0
LRRC72,0.4127178969233909
LRRC73,0.0
LRRC8A,2.740315433154496
LRRC8B,1.0535570409588524
LRRC8C,1.3506004547184218
LRRC8D,0.0
LRRC8E,0.0
LRRC9,0.0
LRRCC1,0.0
LRRD1,0.0
LRRFIP1,1.7073637581471683
LRRFIP1P1,0.0
LRRFIP2,1.3187237340792874
LRRIQ1,0.0
LRRIQ3,0.0
LRRIQ4,0.0
LRRK1,0.0
LRRK2,0.0
LRRN1,0.0
LRRN2,2.1042457017450573
LRRN3,0.0
LRRN4,0.0
LRRN4CL,0.0
LRRTM1,0.6204550963106681
LRRTM2,1.9133535980403211
LRRTM3,0.0
LRRTM4,2.155319746361917
LRSAM1,1.4213491305518202
LRTM1,0.0
LRTM2,0.0
LRTOMT,0.0
LRWD1,0.0
LSAMP,3.0629561338771825
LSAMP-AS1,0.5288907918624668
LSG1,0.0
LSM1,0.0
LSM10,0.0
LSM11,0.0
LSM12,1.1105557679530071
LSM12P1,0.0
LSM14A,0.0
LSM14A,0.0
LSM14B,0.0
LSM2,0.0
LSM2,0.0
LSM2,0.0
LSM2,0.0
LSM2,0.0
LSM2,0.0
LSM3,1.7522684493138374
LSM3P2,0.0
LSM3P3,0.0
LSM3P4,0.0
LSM3P5,0.0
LSM4,0.0
LSM5,2.014232018514904
LSM6,1.8352314375814356
LSM6P2,0.0
LSM7,0.0
LSMD1,0.7603920768618123
LSMEM1,0.0
LSMEM2,0.0
LSMEM2,0.0
LSP1,0.253644744093139
LSP1,0.0
LSP1P2,0.0
LSP1P3,0.0
LSR,0.0
LSS,1.3506004547184218
LST1,0.0
LST1,0.0
LST1,0.0
LST1,0.0
LST1,0.0
LST1,0.0
LST1,0.0
LST1,0.0
LST3,0.0
LTA,0.0
LTA,0.0
LTA,0.0
LTA,0.0
LTA,0.0
LTA,0.0
LTA,0.0
LTA4H,0.253644744093139
LTB,0.0
LTB,0.0
LTB,0.0
LTB,0.0
LTB,0.0
LTB,0.0
LTB,0.0
LTB,0.0
LTB4R,0.0
LTB4R2,0.0
LTB4R2,0.0
LTBP1,0.253644744093139
LTBP2,0.0
LTBP3,0.0
LTBP4,0.0
LTBR,1.4467087411059607
LTC4S,0.0
LTF,0.0
LTK,0.0
LTN1,2.1042457017450573
LTV1,0.0
LTV1P1,0.0
LUC7L,1.3349544931480026
LUC7L2,0.0
LUC7L3,2.9750609694076355
LUCAT1,0.0
LUM,0.0
LURAP1,0.0
LURAP1L,0.0
LUZP1,2.164851414502081
LUZP2,1.1364750726028654
LUZP4,0.0
LUZP4,0.0
LUZP4P1,0.0
LUZP6,0.0
LUZPP1,0.0
LXN,0.0
LY6D,0.0
LY6E,1.3349544931480026
LY6G5B,0.0
LY6G5B,0.0
LY6G5B,0.0
LY6G5B,0.0
LY6G5B,0.0
LY6G5B,0.0
LY6G5B,0.0
LY6G5C,0.0
LY6G5C,0.0
LY6G5C,0.0
LY6G5C,0.0
LY6G5C,0.0
LY6G5C,0.0
LY6G5C,0.0
LY6G6C,0.0
LY6G6C,0.0
LY6G6C,0.0
LY6G6C,0.0
LY6G6C,0.0
LY6G6C,0.0
LY6G6C,0.0
LY6G6D,0.0
LY6G6D,0.0
LY6G6D,0.0
LY6G6D,0.0
LY6G6D,0.0
LY6G6D,0.0
LY6G6D,0.0
LY6G6E,0.0
LY6G6E,0.0
LY6G6E,0.0
LY6G6E,0.0
LY6G6E,0.0
LY6G6E,0.0
LY6G6E,0.0
LY6G6F,0.0
LY6G6F,0.0
LY6G6F,0.0
LY6G6F,0.0
LY6G6F,0.0
LY6G6F,0.0
LY6G6F,0.0
LY6H,0.0
LY6K,0.0
LY6K,0.0
LY75,0.0
LY75-CD302,0.0
LY86,0.0
LY86-AS1,0.0
LY9,0.0
LY96,0.0
LYAR,0.253644744093139
LYG1,0.0
LYG2,0.0
LYL1,0.0
LYN,0.0
LYNX1,0.0
LYPD1,0.9509808635159877
LYPD2,0.0
LYPD3,0.0
LYPD4,0.0
LYPD4,0.0
LYPD5,0.0
LYPD6,0.0
LYPD6B,0.0
LYPD8,0.0
LYPLA1,0.0
LYPLA1P1,0.0
LYPLA1P2,0.0
LYPLA1P3,0.0
LYPLA2,0.0
LYPLA2P1,0.0
LYPLA2P1,0.0
LYPLA2P1,0.0
LYPLA2P1,0.0
LYPLA2P1,0.0
LYPLAL1,1.1364750726028654
LYRM1,0.0
LYRM2,2.562422717231533
LYRM4,0.6960356275201428
LYRM5,1.9298591741236093
LYRM7,0.9509808635159877
LYRM9,0.0
LYSMD1,1.4933759616707991
LYSMD2,0.0
LYSMD3,0.0
LYSMD4,0.0
LYST,2.2672603164487475
LYST-AS1,0.0
LYVE1,0.0
LYZ,0.0
LYZL1,0.0
LYZL2,0.0
LYZL4,0.0
LYZL6,0.0
LZIC,1.864435233988068
LZTFL1,1.380296600302216
LZTR1,0.0
LZTS1,0.0
LZTS1-AS1,0.0
LZTS2,0.0
LZTS3,0.0
M1AP,0.0
M6PR,2.0305902524630275
MAATS1,2.845999187561076
MAB21L1,0.0
MAB21L2,0.0
MAB21L3,0.0
MACC1,0.0
MACC1-AS1,0.0
MACF1,3.471041641687813
MACROD1,0.6960356275201428
MACROD2,0.0
MACROD2-AS1,0.0
MACROD2-IT1,0.0
MAD1L1,0.0
MAD2L1,0.0
MAD2L1BP,0.0
MAD2L2,0.0
MADCAM1,0.0
MADD,0.253644744093139
MAEA,0.4127178969233909
MAEL,0.0
MAF,2.079144757918472
MAF1,0.0
MAFA,0.0
MAFB,0.0
MAFF,0.0
MAFG,0.4127178969233909
MAFG-AS1,0.0
MAFK,0.0
MAG,0.0
MAGEA1,0.0
MAGEA1,0.0
MAGEA10,0.0
MAGEA11,0.0
MAGEA11,0.0
MAGEA12,0.0
MAGEA12,0.0
MAGEA13P,0.0
MAGEA2,0.0
MAGEA2,0.0
MAGEA2,0.0
MAGEA2B,0.0
MAGEA3,0.0
MAGEA3,0.0
MAGEA4,0.0
MAGEA5,0.0
MAGEA6,0.0
MAGEA6,0.0
MAGEA7P,0.0
MAGEA7P,0.0
MAGEA8,0.0
MAGEA8,0.0
MAGEA8-AS1,0.0
MAGEA8-AS1,0.0
MAGEA9,0.0
MAGEA9,0.0
MAGEA9B,0.0
MAGEA9B,0.0
MAGEB1,0.0
MAGEB10,0.0
MAGEB16,0.0
MAGEB17,0.0
MAGEB18,0.0
MAGEB2,0.0
MAGEB3,0.0
MAGEB4,0.0
MAGEB5,0.0
MAGEB6,0.0
MAGEB6P1,0.0
MAGEC1,0.0
MAGEC2,0.0
MAGEC3,0.0
MAGED1,0.0
MAGED1,0.0
MAGED2,2.326353864510643
MAGED4,0.0
MAGED4B,0.0
MAGED4B,0.0
MAGEE1,0.0
MAGEE1,0.0
MAGEE2,0.0
MAGEF1,1.6721850324842915
MAGEH1,0.866058549240148
MAGEL2,0.0
MAGI1,2.252104165337004
MAGI1-AS1,0.0
MAGI1-IT1,0.0
MAGI2,2.187803657942469
MAGI2-AS1,0.0
MAGI2-AS2,0.0
MAGI2-AS3,0.0
MAGI2-IT1,0.0
MAGI3,2.3769172715811697
MAGIX,0.0
MAGOH,1.803921369136032
MAGOH2,0.253644744093139
MAGOHB,1.9867054694268544
MAGT1,0.0
MAGT1,0.0
MAK,0.0
MAK16,0.253644744093139
MAL,1.266040025979822
MAL2,0.0
MALAT1,4.4731519802934105
MALL,0.0
MALSU1,0.0
MALT1,0.253644744093139
MAMDC2,0.0
MAMDC2-AS1,0.0
MAMDC2-AS1,0.0
MAMDC4,0.0
MAML1,1.1364750726028654
MAML2,1.4213491305518202
MAML3,0.0
MAMLD1,0.0
MAMLD1,0.0
MAMSTR,0.0
MAN1A1,0.0
MAN1A2,2.181044446408736
MAN1B1,0.0
MAN1C1,0.0
MAN2A1,0.0
MAN2A2,2.017553329078163
MAN2B1,0.0
MAN2B2,0.0
MAN2C1,0.4127178969233909
MANBA,0.0
MANBAL,0.0
MANEA,0.0
MANEA-AS1,0.253644744093139
MANEAL,0.0
MANF,0.0
MANF,0.0
MANSC1,0.9509808635159877
MANSC4,0.0
MAOA,2.0876739547681398
MAOB,0.0
MAP10,0.0
MAP1A,2.348527823444325
MAP1B,3.00296971035906
MAP1LC3A,0.0
MAP1LC3B,2.9165610620057505
MAP1LC3B2,0.253644744093139
MAP1LC3C,0.0
MAP1LC3P,0.0
MAP1S,0.0
MAP2,2.733369206421456
MAP2K1,0.5288907918624668
MAP2K1P1,0.0
MAP2K2,1.2469559880685197
MAP2K3,0.0
MAP2K4,0.0
MAP2K4P1,0.0
MAP2K5,0.0
MAP2K6,0.0
MAP2K7,0.0
MAP3K1,0.0
MAP3K10,0.0
MAP3K11,0.253644744093139
MAP3K12,0.0
MAP3K13,0.5288907918624668
MAP3K14,0.0
MAP3K14-AS1,0.0
MAP3K15,0.0
MAP3K19,0.0
MAP3K2,1.2060714458283772
MAP3K3,0.0
MAP3K4,0.253644744093139
MAP3K5,2.721103114227474
MAP3K6,0.0
MAP3K7,2.096038866256799
MAP3K7CL,0.0
MAP3K8,1.7206743438370773
MAP3K9,0.253644744093139
MAP4,2.805355363843242
MAP4K1,0.0
MAP4K2,0.0
MAP4K3,2.0041129115992096
MAP4K4,0.866058549240148
MAP4K5,2.306402712015204
MAP6,0.253644744093139
MAP6D1,0.0
MAP7,0.0
MAP7D1,1.3349544931480026
MAP7D2,0.9509808635159877
MAP7D3,0.0
MAP9,0.6960356275201428
MAPK1,2.6719317578994013
MAPK10,2.419588706139097
MAPK11,0.0
MAPK12,0.0
MAPK13,0.866058549240148
MAPK14,2.185562255814066
MAPK15,0.0
MAPK15,0.0
MAPK1IP1L,0.6204550963106681
MAPK3,0.0
MAPK4,0.4127178969233909
MAPK6,2.392543073202304
MAPK6PS2,0.0
MAPK6PS3,0.0
MAPK6PS4,0.0
MAPK7,0.0
MAPK8,2.0305902524630275
MAPK8IP1,0.866058549240148
MAPK8IP2,0.0
MAPK8IP3,0.8164310788769841
MAPK9,0.866058549240148
MAPKAP1,0.0
MAPKAPK2,0.0
MAPKAPK2,0.0
MAPKAPK3,0.0
MAPKAPK5,0.6960356275201428
MAPKAPK5-AS1,0.0
MAPKAPK5P1,0.0
MAPKBP1,1.0219824427879696
MAPRE1,2.2559430775347025
MAPRE1P1,0.0
MAPRE1P3,0.0
MAPRE2,0.253644744093139
MAPRE3,0.7603920768618123
MAPT,1.7817191880906658
MAPT-AS1,0.0
MARC1,0.5288907918624668
MARC2,0.6204550963106681
MARCH1,0.253644744093139
MARCH10,0.0
MARCH11,0.0
MARCH2,0.0
MARCH3,0.0
MARCH4,0.0
MARCH5,0.0
MARCH6,3.103880928253308
MARCH7,2.12020827975257
MARCH8,0.0
MARCH9,0.0
MARCKS,2.7826603847595712
MARCKSL1,1.5551393200304595
MARCKSL1P1,0.0
MARCKSL1P2,0.0
MARCO,0.0
MARK1,0.0
MARK2,0.0
MARK2P10,0.0
MARK2P11,0.0
MARK2P12,0.0
MARK2P13,0.0
MARK2P14,0.0
MARK2P14,0.0
MARK2P15,0.0
MARK2P4,0.0
MARK2P5,0.0
MARK2P6,0.0
MARK2P8,0.0
MARK2P9,0.0
MARK3,2.5239697608949863
MARK4,0.0
MARS,2.6312176070179523
MARS2,0.0
MARVELD1,0.0
MARVELD2,0.0
MARVELD2,0.0
MARVELD3,0.0
MAS1,0.0
MAS1L,0.0
MAS1L,0.0
MAS1L,0.0
MAS1L,0.0
MAS1L,0.0
MAS1L,0.0
MAS1L,0.0
MAS1L,0.0
MAS1LP1,0.0
MAS1LP1,0.0
MAS1LP1,0.0
MAS1LP1,0.0
MAS1LP1,0.0
MAS1LP1,0.0
MAS1LP1,0.0
MAS1LP1,0.0
MASP1,0.0
MASP2,0.0
MAST1,0.6204550963106681
MAST2,0.0
MAST3,0.866058549240148
MAST4,2.0704446931415355
MAST4-AS1,0.0
MAST4-IT1,0.0
MASTL,0.0
MAT1A,0.0
MAT2A,2.4260949053436867
MAT2B,0.5288907918624668
MATK,0.0
MATN1,0.0
MATN1-AS1,0.0
MATN2,0.0
MATN3,0.0
MATN4,0.0
MATR3,2.2819053309240016
MAU2,2.0006867942048503
MAVS,0.0
MAX,1.9048594511354124
MAZ,0.253644744093139
MB,0.0
MB21D1,0.0
MB21D2,0.0
MBD1,0.0
MBD2,0.0
MBD3,0.0
MBD3L1,0.0
MBD3L2,0.0
MBD3L3,0.0
MBD3L4,0.0
MBD3L5,0.0
MBD4,2.0463546340021432
MBD5,0.0
MBD6,0.0
MBIP,1.1840889676042927
MBL1P,0.4127178969233909
MBL2,0.0
MBL3P,0.0
MBLAC1,0.0
MBLAC2,0.0
MBNL1,0.4127178969233909
MBNL1-AS1,0.0
MBNL2,1.7984763234491472
MBNL3,0.0
MBOAT1,0.0
MBOAT2,0.7603920768618123
MBOAT4,0.0
MBOAT7,0.0
MBOAT7,0.0
MBOAT7,0.0
MBOAT7,0.0
MBOAT7,0.0
MBOAT7,0.0
MBOAT7,0.0
MBOAT7,0.0
MBOAT7,0.0
MBOAT7,0.0
MBP,0.0
MBTD1,0.866058549240148
MBTPS1,2.393936112729872
MBTPS2,0.6960356275201428
MC1R,0.0
MC2R,0.0
MC3R,0.0
MC4R,0.0
MC5R,0.0
MCAM,0.0
MCAT,0.0
MCC,1.8352314375814356
MCCC1,0.4127178969233909
MCCC1-AS1,0.0
MCCC2,0.9105921305334987
MCCD1,0.0
MCCD1,0.0
MCCD1,0.0
MCCD1,0.0
MCCD1,0.0
MCCD1,0.0
MCCD1,0.0
MCCD1,0.0
MCCD1P1,0.0
MCCD1P1,0.0
MCCD1P1,0.0
MCCD1P1,0.0
MCCD1P1,0.0
MCCD1P1,0.0
MCCD1P1,0.0
MCCD1P1,0.0
MCCD1P1,0.0
MCCD1P2,0.0
MCCD1P2,0.0
MCCD1P2,0.0
MCCD1P2,0.0
MCCD1P2,0.0
MCCD1P2,0.0
MCCD1P2,0.0
MCCD1P2,0.0
MCEE,0.0
MCF2,0.0
MCF2L,0.253644744093139
MCF2L-AS1,0.0
MCF2L2,2.50500471137764
MCFD2,1.60064667142076
MCFD2P1,0.253644744093139
MCHR1,0.0
MCHR2,0.0
MCHR2-AS1,0.0
MCIDAS,0.0
MCL1,1.2469559880685197
MCM10,0.0
MCM2,0.0
MCM3,0.0
MCM3AP,1.5042992690810633
MCM3AP-AS1,1.408091496025075
MCM4,0.0
MCM5,0.0
MCM6,0.7603920768618123
MCM7,0.0
MCM8,0.0
MCM9,0.0
MCMBP,1.2469559880685197
MCMDC2,0.0
MCOLN1,0.0
MCOLN2,0.0
MCOLN3,0.0
MCPH1,1.7522684493138374
MCRS1,0.0
MCTP1,0.6204550963106681
MCTP2,0.0
MCTS1,0.0
MCU,0.0
MCUR1,0.0
MDC1,0.0
MDC1,0.0
MDC1,0.0
MDC1,0.0
MDC1,0.0
MDC1,0.0
MDC1,0.0
MDC1,0.0
MDC1-AS1,0.0
MDC1-AS1,0.0
MDC1-AS1,0.0
MDC1-AS1,0.0
MDC1-AS1,0.0
MDC1-AS1,0.0
MDC1-AS1,0.0
MDC1-AS1,0.0
MDFI,0.0
MDFIC,2.21383520748566
MDGA1,0.0
MDGA2,0.0
MDGA2,0.0
MDH1,2.5480331854966933
MDH1B,1.7206743438370773
MDH2,0.0
MDH2,0.0
MDK,0.0
MDM1,0.253644744093139
MDM2,2.9260586330991485
MDM4,2.2908138602417827
MDN1,1.664793942489872
MDP1,0.0
MDS2,0.0
ME1,2.148031149513286
ME2,1.0829908296976
ME3,0.0
MEA1,1.85007876288628
MEAF6,2.422202893790851
MEAF6P1,0.0
MECOM,0.0
MECP2,0.0
MECP2,0.0
MECR,0.0
MED1,2.033789239579625
MED10,2.014232018514904
MED11,0.0
MED12,0.0
MED12L,1.2269946489498065
MED13,2.458440022850267
MED13L,2.3980886204891965
MED13P1,0.0
MED14,0.0
MED14-AS1,0.0
MED14P1,0.0
MED15,0.0
MED15P1,0.0
MED15P3,0.0
MED15P4,0.0
MED15P5,0.0
MED15P6,0.0
MED15P7,0.0
MED15P8,0.0
MED15P9,0.0
MED16,0.4127178969233909
MED17,0.0
MED18,0.0
MED19,0.0
MED20,2.7434364516780527
MED21,0.0
MED22,0.0
MED22,0.0
MED23,2.226288317599943
MED24,1.266040025979822
MED25,0.0
MED26,1.3018627585701523
MED27,1.564630272110482
MED28,1.6339035873850103
MED28P1,0.0
MED28P2,0.0
MED28P3,0.0
MED28P4,0.0
MED28P5,0.0
MED28P6,0.0
MED28P7,0.0
MED28P8,0.0
MED29,2.007512212023229
MED30,0.0
MED31,2.4725930298358136
MED4,0.0
MED4-AS1,0.0
MED6,1.564630272110482
MED6P1,0.0
MED7,2.201014444446189
MED8,0.0
MED9,1.3018627585701523
MEDAG,0.0
MEF2A,2.2482310165175106
MEF2AP1,0.0
MEF2B,0.0
MEF2BNB,0.0
MEF2BNB-MEF2B,0.0
MEF2C,1.2843206418841475
MEF2C-AS1,0.253644744093139
MEF2D,0.0
MEFV,0.0
MEG3,2.4299523474751914
MEG8,0.6960356275201428
MEG9,0.0
MEGF10,2.823832913116323
MEGF11,0.0
MEGF6,0.0
MEGF8,0.0
MEGF9,1.9338893813999691
MEGT1,0.0
MEGT1,0.0
MEGT1,0.0
MEI1,0.0
MEI4,0.0
MEIG1,0.0
MEIOB,0.0
MEIS1,2.4725930298358136
MEIS1-AS1,0.0
MEIS1-AS2,0.0
MEIS1-AS3,0.0
MEIS2,0.4127178969233909
MEIS3,0.0
MEIS3P1,0.0
MEIS3P2,0.0
MELK,0.0
MEMO1,2.0932684256984704
MEMO1P1,0.7603920768618123
MEMO1P3,0.0
MEMO1P4,0.0
MEMO1P5,0.0
MEN1,0.0
MEOX1,0.0
MEOX2,0.0
MEP1A,0.0
MEP1AP1,0.0
MEP1AP2,0.0
MEP1AP3,0.0
MEP1AP4,0.0
MEP1B,0.0
MEPCE,0.0
MEPE,0.0
MERTK,2.6336269666511054
MESDC1,0.0
MESDC2,1.1840889676042927
MESP1,0.0
MESP2,0.0
MEST,0.0
MEST,0.0
MESTP1,0.0
MESTP2,0.0
MESTP3,0.0
MESTP4,0.0
MET,0.0
METAP1,1.8737491581138752
METAP1D,0.0
METAP2,1.591918701844707
METRN,1.5042992690810633
METRNL,0.0
METTL1,0.0
METTL10,0.0
METTL11B,0.0
METTL12,0.0
METTL13,0.253644744093139
METTL14,0.4127178969233909
METTL15,0.0
METTL15P1,0.0
METTL15P3,0.0
METTL16,0.253644744093139
METTL17,1.878332270313977
METTL18,0.0
METTL20,0.6204550963106681
METTL21A,0.0
METTL21AP1,0.0
METTL21B,0.0
METTL21C,0.0
METTL21EP,0.0
METTL22,0.0
METTL23,1.3944163697813394
METTL24,0.0
METTL25,0.0
METTL2A,0.0
METTL2B,1.0829908296976
METTL3,2.5907308516147545
METTL4,0.0
METTL5,0.0
METTL6,0.0
METTL7A,2.5772635723654984
METTL7AP1,0.0
METTL7B,0.0
METTL8,0.0
METTL9,1.9496463091932343
MEX3A,0.0
MEX3B,0.0
MEX3C,0.0
MEX3D,0.0
MFAP1,0.0
MFAP1P1,0.0
MFAP2,0.0
MFAP3,1.4588540253591942
MFAP3L,0.253644744093139
MFAP4,1.0219824427879696
MFAP5,0.0
MFF,1.878332270313977
MFGE8,1.8691171639943336
MFHAS1,0.253644744093139
MFI2,0.0
MFI2-AS1,0.0
MFN1,2.342307083531166
MFN2,0.253644744093139
MFNG,0.0
MFRP,0.0
MFRP,0.0
MFSD1,1.7271797157291466
MFSD10,0.0
MFSD11,2.6711978554104885
MFSD12,0.0
MFSD2A,0.0
MFSD2B,0.0
MFSD3,0.0
MFSD4,0.253644744093139
MFSD5,0.0
MFSD6,0.0
MFSD6L,0.0
MFSD7,0.0
MFSD8,0.0
MFSD9,0.0
MGA,0.0
MGAM,0.0
MGAM,0.0
MGARP,0.0
MGAT1,0.0
MGAT2,0.0
MGAT3,0.7603920768618123
MGAT4A,0.0
MGAT4B,0.0
MGAT4C,2.8894293022286077
MGAT5,0.0
MGAT5B,0.0
MGC10955,0.0
MGC2752,0.0
MGC39584,0.0
MGC4294,0.0
MGC4771,0.0
MGEA5,2.8227979671609464
MGLL,2.486299330711329
MGME1,0.6204550963106681
MGMT,0.0
MGP,0.0
MGRN1,1.0535570409588524
MGST1,2.0645462909179955
MGST2,0.0
MGST3,2.5450971691500617
MIA,0.0
MIA-RAB4B,0.0
MIA2,0.0
MIA3,2.3097922043345585
MIAT,2.50500471137764
MIB1,0.6204550963106681
MIB2,0.0
MICA,0.0
MICA,0.0
MICA,0.0
MICA,0.0
MICA,0.0
MICAL1,0.253644744093139
MICAL2,0.0
MICAL3,0.9509808635159877
MICALCL,0.0
MICALL1,0.0
MICALL2,1.0535570409588524
MICB,0.0
MICB,0.0
MICB,0.0
MICB,0.0
MICB,0.0
MICB,0.0
MICB,0.0
MICB,0.0
MICC,0.0
MICC,0.0
MICC,0.0
MICC,0.0
MICC,0.0
MICC,0.0
MICC,0.0
MICC,0.0
MICD,0.0
MICD,0.0
MICD,0.0
MICD,0.0
MICD,0.0
MICD,0.0
MICD,0.0
MICE,0.0
MICE,0.0
MICE,0.0
MICE,0.0
MICE,0.0
MICE,0.0
MICE,0.0
MICF,0.0
MICF,0.0
MICF,0.0
MICF,0.0
MICF,0.0
MICF,0.0
MICF,0.0
MICG,0.0
MICG,0.0
MICG,0.0
MICG,0.0
MICG,0.0
MICG,0.0
MICG,0.0
MICG,0.0
MICG,0.0
MICU1,0.9509808635159877
MICU2,0.8164310788769841
MICU3,1.564630272110482
MID1,1.7984763234491472
MID1IP1,0.253644744093139
MID1IP1-AS1,0.0
MID2,0.0
MIDN,0.4127178969233909
MIEF1,0.0
MIEF2,0.0
MIEN1,1.4933759616707991
MIER1,2.728890324959273
MIER2,0.4127178969233909
MIER3,1.6339035873850103
MIF,0.0
MIF4GD,0.0
MIIP,0.0
MILR1,0.0
MILR1,0.0
MIMT1,0.0
MINA,0.0
MINK1,0.0
MINOS1,1.2060714458283772
MINOS1-NBL1,0.0
MINOS1P2,0.0
MINOS1P3,0.0
MINOS1P4,0.0
MINPP1,0.5288907918624668
MIOS,0.0
MIOX,0.253644744093139
MIP,0.0
MIPEP,1.1609342125054871
MIPEPP1,0.0
MIPEPP2,0.0
MIPEPP3,0.0
MIPOL1,2.1305330951471686
MIR1-1,0.0
MIR1-1,0.0
MIR100,0.0
MIR101-1,0.5288907918624668
MIR101-2,0.0
MIR103A1,0.0
MIR103A2,0.0
MIR105-1,0.0
MIR105-2,0.0
MIR106A,0.0
MIR106B,0.0
MIR107,0.0
MIR10A,0.0
MIR10B,0.0
MIR1178,0.0
MIR1179,0.0
MIR1180,0.0
MIR1181,0.0
MIR1182,0.0
MIR1183,0.0
MIR1184-1,0.0
MIR1184-1,0.0
MIR1184-2,0.0
MIR1184-2,0.0
MIR1184-2,0.0
MIR1184-3,0.0
MIR1185-1,0.0
MIR1185-2,0.0
MIR1193,0.0
MIR1197,0.0
MIR1200,0.0
MIR1202,0.0
MIR1203,0.0
MIR1205,0.0
MIR1207,0.0
MIR1208,0.0
MIR122,0.0
MIR1224,0.0
MIR1225,0.0
MIR1226,0.0
MIR1227,0.0
MIR1228,0.0
MIR1229,0.0
MIR1231,0.0
MIR1233-1,0.0
MIR1233-2,0.0
MIR1234,0.0
MIR1236,0.0
MIR1237,0.0
MIR1238,0.0
MIR124-2,0.0
MIR124-3,0.0
MIR1245A,0.0
MIR1249,0.0
MIR1250,0.0
MIR1251,0.253644744093139
MIR1252,0.0
MIR1253,0.0
MIR1254-1,0.0
MIR1254-2,0.0
MIR1255A,0.0
MIR1255B1,0.0
MIR1255B2,0.0
MIR1256,0.0
MIR1257,0.0
MIR1258,0.0
MIR125A,0.0
MIR125B1,0.0
MIR125B2,0.0
MIR126,0.0
MIR1260A,0.0
MIR1260B,0.0
MIR1261,0.0
MIR1262,0.0
MIR1263,0.0
MIR1265,0.0
MIR1266,0.0
MIR1267,0.0
MIR1268A,0.0
MIR1269A,0.0
MIR1269B,0.0
MIR127,0.0
MIR1270-1,0.0
MIR1270-1,0.0
MIR1270-2,0.0
MIR1271,0.0
MIR1272,0.0
MIR1273A,0.0
MIR1273C,0.0
MIR1273D,0.0
MIR1273F,0.0
MIR1273G,0.0
MIR1275,0.0
MIR1276,0.0
MIR1277,0.0
MIR1278,0.0
MIR128-1,0.0
MIR128-2,0.0
MIR1280,0.0
MIR1281,0.0
MIR1282,0.0
MIR1283-1,0.0
MIR1283-2,0.0
MIR1284,0.0
MIR1285-1,0.0
MIR1285-2,0.0
MIR1286,0.0
MIR1287,0.0
MIR1288,0.0
MIR1289-1,0.0
MIR1289-2,0.0
MIR129-1,0.0
MIR129-2,0.0
MIR1290,0.0
MIR1292,0.0
MIR1293,0.0
MIR1294,0.0
MIR1295A,0.0
MIR1296,0.0
MIR1298,0.0
MIR1298,0.0
MIR1299,0.0
MIR1301,0.0
MIR1302-1,0.0
MIR1302-10,0.0
MIR1302-11,0.0
MIR1302-2,0.0
MIR1302-3,0.0
MIR1302-4,0.0
MIR1302-5,0.0
MIR1302-6,0.0
MIR1302-8,0.0
MIR1302-9,0.0
MIR1303,0.0
MIR1304,0.0
MIR1305,0.0
MIR1306,0.0
MIR1307,0.0
MIR130A,0.0
MIR130B,0.0
MIR132,0.0
MIR1323,0.0
MIR1324,0.0
MIR133A1,0.0
MIR133A2,0.0
MIR133A2,0.0
MIR133B,0.0
MIR133BHG,0.0
MIR134,0.0
MIR1343,0.0
MIR135A1,0.0
MIR135A2,0.0
MIR135B,0.0
MIR136,0.0
MIR137HG,0.0
MIR138-1,0.0
MIR138-2,0.0
MIR139,0.0
MIR140,0.0
MIR141,0.0
MIR141,0.0
MIR142,0.0
MIR143,0.0
MIR143HG,0.0
MIR144,0.0
MIR145,0.0
MIR1468,0.0
MIR1468,0.0
MIR1469,0.0
MIR146A,0.0
MIR146B,0.0
MIR1470,0.0
MIR1471,0.0
MIR147A,0.0
MIR147B,0.0
MIR148A,0.0
MIR148B,0.0
MIR149,0.0
MIR150,0.0
MIR151A,0.0
MIR151B,0.0
MIR152,0.0
MIR153-1,0.0
MIR153-2,0.0
MIR1537,0.0
MIR1538,0.0
MIR1539,0.0
MIR154,0.0
MIR155HG,0.0
MIR1587,0.0
MIR1587,0.0
MIR15B,0.0
MIR16-1,0.0
MIR16-2,0.0
MIR17HG,0.0
MIR181A1,0.0
MIR181A1HG,0.0
MIR181A2,0.0
MIR181A2HG,0.0
MIR181B1,0.0
MIR181B2,0.0
MIR181C,0.0
MIR181D,0.0
MIR182,0.0
MIR1825,0.0
MIR1827,0.0
MIR183,0.0
MIR184,0.0
MIR185,0.0
MIR186,0.0
MIR187,0.0
MIR188,0.0
MIR188,0.0
MIR18B,0.0
MIR1908,0.0
MIR1909,0.0
MIR190A,0.0
MIR190B,0.0
MIR191,0.0
MIR1910,0.0
MIR1911,0.0
MIR1911,0.0
MIR1912,0.0
MIR1912,0.0
MIR1913,0.0
MIR1914,0.0
MIR1915,0.0
MIR192,0.0
MIR193A,0.0
MIR193B,0.0
MIR194-1,0.0
MIR194-2,0.0
MIR196A1,0.0
MIR196A2,0.0
MIR196B,0.0
MIR197,0.0
MIR1972-1,0.0
MIR1972-2,0.0
MIR1976,0.0
MIR199A1,0.0
MIR199A2,0.0
MIR199B,0.0
MIR19B2,0.0
MIR200A,0.0
MIR200B,0.0
MIR200C,0.0
MIR200C,0.0
MIR202,0.0
MIR203,0.0
MIR204,0.0
MIR2053,0.0
MIR205HG,0.0
MIR206,0.0
MIR208A,0.0
MIR208B,0.0
MIR20B,0.0
MIR21,0.0
MIR210,0.0
MIR210HG,0.0
MIR211,0.0
MIR2110,0.0
MIR2113,0.0
MIR2114,0.0
MIR2114,0.0
MIR2115,0.0
MIR2116,0.0
MIR2117,0.0
MIR212,0.0
MIR214,0.0
MIR215,0.0
MIR216A,0.0
MIR216B,0.0
MIR217,0.0
MIR218-1,0.0
MIR218-2,0.0
MIR219-1,0.0
MIR219-2,0.0
MIR221,0.0
MIR221,0.0
MIR222,0.0
MIR222,0.0
MIR223,0.0
MIR224,0.0
MIR2276,0.0
MIR2277,0.0
MIR2278,0.0
MIR22HG,0.0
MIR2355,0.0
MIR2392,0.0
MIR23A,0.0
MIR23B,0.0
MIR23C,0.0
MIR24-2,0.0
MIR2467,0.0
MIR25,0.0
MIR2681,0.0
MIR26A1,0.0
MIR26A2,0.0
MIR26B,0.0
MIR27A,0.0
MIR27B,0.0
MIR28,0.0
MIR2909,0.0
MIR296,0.0
MIR297,0.0
MIR298,0.0
MIR299,0.0
MIR29A,0.0
MIR29B1,0.253644744093139
MIR300,0.0
MIR301A,0.0
MIR301B,0.0
MIR302A,0.0
MIR302B,0.0
MIR302C,0.0
MIR302D,0.0
MIR302E,0.0
MIR3064,0.0
MIR3064,0.0
MIR3074,0.0
MIR30A,0.0
MIR30B,0.0
MIR30C1,0.0
MIR30C2,0.0
MIR30D,0.0
MIR30E,0.0
MIR31,0.0
MIR3115,0.0
MIR3116-1,0.0
MIR3117,0.0
MIR3118-1,0.0
MIR3118-2,0.0
MIR3118-3,0.0
MIR3118-4,0.0
MIR3118-5,0.0
MIR3118-5,0.0
MIR3118-6,0.0
MIR3119-2,0.0
MIR3121,0.0
MIR3122,0.0
MIR3123,0.0
MIR3124,0.0
MIR3125,0.0
MIR3126,0.0
MIR3127,0.0
MIR3128,0.0
MIR3129,0.0
MIR3130-1,0.0
MIR3131,0.0
MIR3132,0.0
MIR3133,0.0
MIR3134,0.0
MIR3135A,0.0
MIR3135B,0.0
MIR3135B,0.0
MIR3135B,0.0
MIR3135B,0.0
MIR3136,0.0
MIR3137,0.0
MIR3138,0.0
MIR3139,0.0
MIR3140,0.0
MIR3141,0.0
MIR3142,0.0
MIR3143,0.0
MIR3144,0.0
MIR3145,0.0
MIR3146,0.0
MIR3147,0.0
MIR3147,0.0
MIR3148,0.0
MIR3150B,0.0
MIR3151,0.0
MIR3152,0.0
MIR3153,0.0
MIR3154,0.0
MIR3155A,0.0
MIR3156-1,0.0
MIR3156-2,0.0
MIR3156-3,0.0
MIR3157,0.0
MIR3158-1,0.0
MIR3159,0.0
MIR3160-2,0.0
MIR3161,0.0
MIR3162,0.0
MIR3163,0.0
MIR3164,0.0
MIR3165,0.0
MIR3166,0.0
MIR3167,0.0
MIR3168,0.0
MIR3169,0.0
MIR3170,0.0
MIR3173,0.0
MIR3174,0.0
MIR3175,0.0
MIR3176,0.0
MIR3177,0.0
MIR3178,0.0
MIR3179-1,0.0
MIR3179-2,0.0
MIR3179-3,0.0
MIR3179-3,0.0
MIR3180-1,0.0
MIR3180-2,0.0
MIR3180-3,0.0
MIR3180-4,1.8092989910424864
MIR3180-5,0.0
MIR3182,0.0
MIR3183,0.0
MIR3184,0.0
MIR3185,0.0
MIR3186,0.0
MIR3186,0.0
MIR3187,0.0
MIR3188,0.0
MIR3189,0.0
MIR3191,0.0
MIR3192,0.0
MIR3193,0.0
MIR3194,0.0
MIR3196,0.0
MIR3197,0.0
MIR3198-1,0.0
MIR3198-2,0.0
MIR3199-2,0.0
MIR31HG,0.0
MIR32,0.0
MIR3200,0.0
MIR3201,0.0
MIR3202-1,0.0
MIR3202-2,0.0
MIR320A,0.0
MIR320B1,0.0
MIR320B2,0.0
MIR320C1,0.0
MIR320C2,0.0
MIR320D1,0.0
MIR320D2,0.0
MIR320D2,0.0
MIR320E,0.0
MIR323A,0.0
MIR323B,0.0
MIR324,0.0
MIR325,0.0
MIR325,0.0
MIR326,0.0
MIR328,0.0
MIR329-1,0.0
MIR329-2,0.0
MIR330,0.0
MIR331,0.0
MIR335,0.0
MIR335,0.0
MIR337,0.0
MIR338,0.0
MIR339,0.0
MIR33A,0.0
MIR33B,0.0
MIR340,0.0
MIR342,0.0
MIR345,0.0
MIR346,0.0
MIR34A,0.0
MIR34B,0.0
MIR34C,0.0
MIR3605,0.0
MIR3607,0.0
MIR3609,0.0
MIR3609,0.0
MIR361,0.0
MIR3610,0.0
MIR3611,0.0
MIR3612,0.0
MIR3613,0.0
MIR3614,0.0
MIR3615,0.0
MIR3615,0.0
MIR3616,0.0
MIR3617,0.0
MIR3618,0.0
MIR3619,0.0
MIR362,0.0
MIR362,0.0
MIR3620,0.0
MIR3621,0.0
MIR3622A,0.0
MIR363,0.0
MIR3646,0.0
MIR3648,0.0
MIR3649,0.0
MIR3650,0.0
MIR3652,0.0
MIR3654,0.0
MIR3655,0.0
MIR3656,0.0
MIR3656,0.0
MIR3657,0.0
MIR3659,0.0
MIR365A,0.0
MIR365B,0.0
MIR3660,0.0
MIR3661,0.0
MIR3663,0.0
MIR3664,0.0
MIR3664,0.0
MIR3665,0.0
MIR3666,0.0
MIR3667,0.0
MIR3668,0.0
MIR367,0.0
MIR3670-1,0.0
MIR3670-2,0.0
MIR3671,0.0
MIR3672,0.0
MIR3675,0.0
MIR3676,0.0
MIR3677,0.0
MIR3678,0.0
MIR3679,0.0
MIR3680-1,0.0
MIR3680-2,0.0
MIR3681,0.0
MIR3682,0.6204550963106681
MIR3683,0.0
MIR3684,0.0
MIR3685,0.0
MIR3686,0.0
MIR3687,0.0
MIR3688-2,0.0
MIR3689A,0.0
MIR3689B,0.0
MIR3689C,0.0
MIR3689D1,0.0
MIR3689D2,0.0
MIR3689E,0.0
MIR3689F,0.0
MIR369,0.0
MIR3690,0.0
MIR3690,0.0
MIR3691,0.0
MIR3692,0.0
MIR370,0.0
MIR3713,0.0
MIR3714,0.0
MIR371A,0.0
MIR371B,0.0
MIR372,0.0
MIR373,0.0
MIR374A,0.0
MIR374B,0.0
MIR375,0.0
MIR376A1,0.0
MIR376C,0.0
MIR377,0.0
MIR378A,0.0
MIR378B,0.0
MIR378C,0.0
MIR378D1,0.0
MIR378D2,0.0
MIR378E,0.0
MIR378F,0.0
MIR378G,0.0
MIR378H,0.0
MIR378I,0.0
MIR379,0.0
MIR380,0.0
MIR381,0.0
MIR381HG,0.0
MIR382,0.0
MIR383,0.0
MIR3907,0.0
MIR3908,0.0
MIR3909,0.0
MIR3910-1,0.0
MIR3911,0.253644744093139
MIR3912,0.0
MIR3913-2,0.0
MIR3914-1,0.0
MIR3915,0.0
MIR3916,0.0
MIR3916,0.0
MIR3917,0.0
MIR3918,0.0
MIR3919,0.0
MIR3920,0.0
MIR3921,0.0
MIR3922,0.0
MIR3923,0.0
MIR3924,0.0
MIR3925,0.0
MIR3926-2,0.0
MIR3927,0.0
MIR3928,0.0
MIR3929,0.0
MIR3934,0.0
MIR3935,0.0
MIR3936,0.0
MIR3937,0.0
MIR3938,0.0
MIR3939,0.0
MIR3940,0.0
MIR3941,0.0
MIR3942,0.0
MIR3943,0.0
MIR3944,0.0
MIR3945,0.0
MIR3960,0.0
MIR3972,0.0
MIR3973,0.0
MIR3976,0.0
MIR3978,0.0
MIR409,0.0
MIR410,0.0
MIR411,0.0
MIR412,0.0
MIR421,0.0
MIR422A,0.0
MIR423,0.0
MIR425,0.0
MIR4252,0.0
MIR4253,0.0
MIR4254,0.0
MIR4255,0.0
MIR4257,0.0
MIR4258,0.0
MIR4260,0.0
MIR4261,0.0
MIR4262,0.0
MIR4263,0.0
MIR4264,0.0
MIR4265,0.0
MIR4266,0.0
MIR4267,0.0
MIR4268,0.0
MIR4269,0.0
MIR4270,0.0
MIR4271,0.0
MIR4273,0.0
MIR4273,0.0
MIR4274,0.0
MIR4276,0.0
MIR4277,0.0
MIR4279,0.0
MIR4280,0.0
MIR4281,0.0
MIR4282,0.0
MIR4283-1,0.0
MIR4283-2,0.0
MIR4283-2,0.0
MIR4284,0.0
MIR4284,0.0
MIR4285,0.0
MIR4286,0.0
MIR4287,0.0
MIR4288,0.0
MIR4289,0.0
MIR429,0.0
MIR4290,0.0
MIR4291,0.0
MIR4292,0.0
MIR4293,0.0
MIR4294,0.0
MIR4295,0.0
MIR4296,0.0
MIR4297,0.0
MIR4298,0.0
MIR4299,0.0
MIR4300,0.0
MIR4301,0.0
MIR4303,0.0
MIR4304,0.0
MIR4305,0.0
MIR4306,0.0
MIR4307,0.0
MIR4308,0.0
MIR4309,0.0
MIR431,0.0
MIR4310,0.0
MIR4311,0.0
MIR4311,0.0
MIR4312,0.0
MIR4313,0.0
MIR4314,0.0
MIR4316,0.0
MIR4318,0.0
MIR4319,0.0
MIR432,0.0
MIR4321,0.0
MIR4322,0.0
MIR4323,0.0
MIR4324,0.0
MIR4325,0.0
MIR4326,0.0
MIR4327,0.0
MIR4329,0.0
MIR433,0.0
MIR4330,0.0
MIR4417,0.0
MIR4418,0.0
MIR4419A,0.0
MIR4419B,0.0
MIR4420,0.0
MIR4421,0.0
MIR4422,0.0
MIR4423,0.0
MIR4424,0.0
MIR4425,0.0
MIR4426,0.0
MIR4427,0.0
MIR4428,0.0
MIR4429,0.0
MIR4431,0.0
MIR4432,0.0
MIR4433,0.0
MIR4435-1,0.0
MIR4435-1HG,0.0
MIR4435-2,0.0
MIR4436A,0.0
MIR4436B1,0.0
MIR4436B2,0.0
MIR4437,0.0
MIR4438,0.0
MIR4439,0.0
MIR4440,0.0
MIR4441,0.0
MIR4442,0.0
MIR4443,0.0
MIR4444-1,0.0
MIR4444-1,0.0
MIR4445,0.0
MIR4446,0.0
MIR4447,0.0
MIR4448,0.0
MIR4449,0.0
MIR4450,0.0
MIR4451,0.0
MIR4452,0.0
MIR4453,0.0
MIR4454,0.0
MIR4455,0.0
MIR4456,0.0
MIR4457,0.0
MIR4458HG,0.0
MIR4459,0.0
MIR4460,0.0
MIR4461,0.0
MIR4461,0.253644744093139
MIR4462,0.0
MIR4463,0.0
MIR4464,0.0
MIR4465,0.0
MIR4466,0.0
MIR4467,0.0
MIR4468,0.0
MIR4469,0.0
MIR4470,0.0
MIR4471,0.0
MIR4472-1,0.0
MIR4472-2,0.0
MIR4473,0.0
MIR4474,0.0
MIR4475,0.0
MIR4476,0.0
MIR4477B,1.8198585011625843
MIR4478,0.0
MIR4479,0.0
MIR448,0.0
MIR448,0.0
MIR4480,0.0
MIR4482-1,0.0
MIR4484,0.0
MIR4486,0.0
MIR4487,0.0
MIR4488,0.0
MIR4489,0.0
MIR4490,0.0
MIR4491,0.0
MIR4492,0.0
MIR4493,0.0
MIR4494,0.0
MIR4495,0.0
MIR4497,0.0
MIR4498,0.0
MIR4499,0.0
MIR449A,0.0
MIR449B,0.0
MIR449C,0.0
MIR4500,0.0
MIR4500HG,0.0
MIR4502,0.0
MIR4503,0.0
MIR4504,0.0
MIR4505,0.0
MIR4506,0.0
MIR4508,0.0
MIR4509-1,0.0
MIR4509-1,0.0
MIR4509-2,0.0
MIR4509-3,0.0
MIR450A1,0.0
MIR450A2,0.0
MIR450B,0.0
MIR4510,0.0
MIR4511,0.0
MIR4512,0.0
MIR4513,0.0
MIR4514,0.0
MIR4515,0.0
MIR4516,0.0
MIR4517,0.0
MIR4518,0.0
MIR4519,0.0
MIR4519,0.0
MIR452,0.0
MIR4520A,0.0
MIR4522,0.0
MIR4523,0.0
MIR4523,0.0
MIR4524B,0.0
MIR4525,0.0
MIR4526,0.0
MIR4527,0.0
MIR4529,1.0829908296976
MIR4530,0.0
MIR4532,0.0
MIR4533,0.0
MIR4534,0.0
MIR4535,0.0
MIR454,0.0
MIR4540,0.0
MIR455,0.0
MIR4632,0.0
MIR4633,0.0
MIR4634,0.0
MIR4635,0.0
MIR4636,0.0
MIR4637,0.0
MIR4638,0.0
MIR4639,0.0
MIR4640,0.0
MIR4640,0.0
MIR4640,0.0
MIR4640,0.0
MIR4640,0.0
MIR4640,0.0
MIR4641,0.0
MIR4642,0.0
MIR4643,0.0
MIR4644,0.0
MIR4645,0.0
MIR4646,0.0
MIR4646,0.0
MIR4646,0.0
MIR4646,0.0
MIR4646,0.0
MIR4646,0.0
MIR4646,0.0
MIR4647,0.0
MIR4648,0.0
MIR4649,0.0
MIR4650-1,0.0
MIR4650-2,0.0
MIR4650-2,0.0
MIR4651,0.0
MIR4651,0.0
MIR4652,0.0
MIR4653,0.0
MIR4654,0.0
MIR4655,0.0
MIR4656,0.0
MIR4657,0.0
MIR4658,0.0
MIR4659B,0.0
MIR4660,0.0
MIR4661,0.0
MIR4662B,0.0
MIR4663,0.0
MIR4664,0.0
MIR4664,0.0
MIR4665,0.0
MIR4666A,0.0
MIR4666B,0.0
MIR4667,0.0
MIR4668,0.0
MIR4669,0.0
MIR4670,0.0
MIR4671,0.0
MIR4672,0.0
MIR4673,0.0
MIR4674,0.0
MIR4675,0.5288907918624668
MIR4676,0.0
MIR4677,0.0
MIR4679-2,0.0
MIR4680,0.0
MIR4681,0.0
MIR4682,0.0
MIR4683,0.0
MIR4684,0.0
MIR4685,0.0
MIR4686,0.0
MIR4687,0.0
MIR4688,0.0
MIR4689,0.0
MIR4690,0.0
MIR4691,0.0
MIR4692,0.0
MIR4693,0.0
MIR4694,0.0
MIR4695,0.0
MIR4696,0.0
MIR4697,0.0
MIR4698,0.0
MIR4699,0.0
MIR4700,0.0
MIR4701,0.0
MIR4703,0.0
MIR4704,0.0
MIR4705,0.0
MIR4706,0.0
MIR4707,0.0
MIR4708,0.0
MIR4709,0.0
MIR4710,0.0
MIR4711,0.0
MIR4712,0.0
MIR4713,0.0
MIR4714,0.0
MIR4715,0.0
MIR4716,0.0
MIR4717,0.0
MIR4718,0.0
MIR4719,0.0
MIR4720,0.0
MIR4721,0.0
MIR4722,0.0
MIR4723,0.0
MIR4723,0.0
MIR4724,0.0
MIR4725,0.0
MIR4726,0.0
MIR4727,0.0
MIR4728,0.0
MIR4729,0.0
MIR4730,0.0
MIR4731,0.0
MIR4733,0.0
MIR4734,0.0
MIR4735,0.0
MIR4736,0.0
MIR4737,0.0
MIR4738,0.0
MIR4739,0.0
MIR4739,0.0
MIR4740,0.0
MIR4740,0.0
MIR4741,0.0
MIR4742,0.0
MIR4743,0.0
MIR4744,0.0
MIR4745,0.0
MIR4746,0.0
MIR4747,0.0
MIR4748,0.0
MIR4749,0.0
MIR4750,0.0
MIR4751,0.0
MIR4752,0.0
MIR4752,0.0
MIR4752,0.0
MIR4752,0.0
MIR4753,0.0
MIR4754,0.0
MIR4755,0.0
MIR4756,0.0
MIR4757,0.0
MIR4758,0.0
MIR4759,0.0
MIR4760,0.0
MIR4761,0.0
MIR4762,0.0
MIR4763,0.0
MIR4764,0.0
MIR4765,0.0
MIR4766,0.0
MIR4767,0.0
MIR4768,0.0
MIR4769,0.0
MIR4770,0.0
MIR4771-1,0.0
MIR4771-2,0.0
MIR4772,0.0
MIR4773-1,0.0
MIR4774,0.0
MIR4775,0.0
MIR4776-2,0.0
MIR4777,0.0
MIR4778,0.0
MIR4779,0.0
MIR4780,0.0
MIR4781,0.0
MIR4782,0.0
MIR4783,0.0
MIR4784,0.0
MIR4785,0.0
MIR4786,0.0
MIR4787,0.0
MIR4788,0.0
MIR4789,0.0
MIR4790,0.0
MIR4791,0.0
MIR4792,0.0
MIR4793,0.0
MIR4794,0.0
MIR4795,0.0
MIR4796,0.0
MIR4797,0.0
MIR4798,0.0
MIR4799,0.0
MIR4800,0.0
MIR4801,0.0
MIR4802,0.0
MIR4803,0.0
MIR4804,0.0
MIR483,0.0
MIR484,0.0
MIR485,0.0
MIR486,0.0
MIR487A,0.0
MIR487B,0.0
MIR488,0.0
MIR489,0.0
MIR490,0.0
MIR491,0.0
MIR492,0.0
MIR493,0.0
MIR494,0.0
MIR495,0.0
MIR496,0.5288907918624668
MIR497HG,0.0
MIR498,0.0
MIR4999,0.0
MIR499A,0.0
MIR5000,0.0
MIR5001,0.0
MIR5002,0.0
MIR5003,0.0
MIR5004,0.0
MIR5004,0.0
MIR5006,0.0
MIR5007,0.0
MIR5008,0.0
MIR5009,0.0
MIR500A,0.0
MIR500A,0.0
MIR500B,0.0
MIR500B,0.0
MIR501,0.0
MIR501,0.0
MIR5010,0.0
MIR5011,0.0
MIR502,0.0
MIR502,0.0
MIR503,0.0
MIR503HG,0.0
MIR504,0.0
MIR5047,0.0
MIR5047,0.0
MIR505,0.0
MIR506,0.0
MIR506,0.0
MIR507,0.0
MIR507,0.0
MIR508,0.0
MIR508,0.0
MIR5088,0.0
MIR5089,0.0
MIR509-1,0.0
MIR509-1,0.0
MIR509-2,0.0
MIR509-2,0.0
MIR509-3,0.0
MIR509-3,0.0
MIR5090,0.0
MIR5091,0.0
MIR5092,0.0
MIR5093,0.0
MIR5094,0.0
MIR5095,0.0
MIR5096,0.0
MIR510,0.0
MIR510,0.0
MIR5100,0.0
MIR511-1,0.0
MIR511-2,0.0
MIR512-1,0.0
MIR512-2,0.0
MIR513A1,0.0
MIR513A1,0.0
MIR513A2,0.0
MIR513A2,0.0
MIR513B,0.0
MIR513B,0.0
MIR513C,0.0
MIR513C,0.0
MIR514A1,0.0
MIR514A1,0.0
MIR514A2,0.0
MIR514A2,0.0
MIR514A3,0.0
MIR514A3,0.0
MIR514B,0.0
MIR514B,0.0
MIR515-1,0.0
MIR515-2,0.0
MIR516A1,0.0
MIR516A2,0.0
MIR516B1,0.0
MIR516B2,0.0
MIR517A,0.0
MIR517B,0.0
MIR517C,0.0
MIR5186,0.0
MIR5187,0.0
MIR5188,0.0
MIR5189,0.0
MIR518A1,0.0
MIR518A2,0.0
MIR518B,0.0
MIR518C,0.0
MIR518D,0.0
MIR518E,0.0
MIR518F,0.0
MIR5190,0.0
MIR5191,0.0
MIR5192,0.0
MIR5193,0.0
MIR5194,0.0
MIR5196,0.0
MIR5197,0.0
MIR519A1,0.0
MIR519A2,0.0
MIR519B,0.0
MIR519C,0.0
MIR519D,0.0
MIR519E,0.0
MIR520A,0.0
MIR520B,0.0
MIR520C,0.0
MIR520D,0.0
MIR520E,0.0
MIR520F,0.0
MIR520G,0.0
MIR520H,0.0
MIR521-1,0.0
MIR521-2,0.0
MIR522,0.0
MIR523,0.0
MIR524,0.0
MIR525,0.0
MIR526A1,0.0
MIR526A2,0.0
MIR526B,0.0
MIR527,0.0
MIR532,0.0
MIR532,0.0
MIR539,0.0
MIR541,0.0
MIR542,0.0
MIR543,0.0
MIR544A,0.0
MIR544B,0.0
MIR545,0.0
MIR548A1,0.0
MIR548A2,0.0
MIR548A3,0.0
MIR548AA1,0.0
MIR548AA2,0.0
MIR548AB,0.0
MIR548AC,0.0
MIR548AD,0.0
MIR548AE1,0.0
MIR548AE2,0.0
MIR548AG1,0.0
MIR548AG2,0.0
MIR548AH,0.5288907918624668
MIR548AI,0.0
MIR548AJ1,0.0
MIR548AJ2,0.0
MIR548AK,0.0
MIR548AL,0.0
MIR548AM,0.0
MIR548AN,0.0
MIR548AO,0.0
MIR548AP,0.0
MIR548AQ,0.0
MIR548AR,0.0
MIR548AS,0.0
MIR548AT,0.0
MIR548AV,0.0
MIR548AW,0.0
MIR548AX,0.0
MIR548B,0.0
MIR548C,0.0
MIR548E,0.0
MIR548F1,0.0
MIR548F2,0.0
MIR548F3,0.0
MIR548F4,0.0
MIR548F5,0.0
MIR548G,0.0
MIR548H1,0.0
MIR548H2,0.0
MIR548H3,0.0
MIR548H4,0.0
MIR548H5,0.0
MIR548I1,0.0
MIR548I2,0.0
MIR548I3,0.0
MIR548I4,0.0
MIR548J,0.0
MIR548K,0.0
MIR548L,0.0
MIR548M,0.0
MIR548N,0.0
MIR548O,0.0
MIR548O2,0.0
MIR548P,0.0
MIR548Q,0.0
MIR548S,0.0
MIR548T,0.0
MIR548U,0.0
MIR548V,0.0
MIR548W,0.0
MIR548X,0.0
MIR548X2,0.0
MIR548Y,0.0
MIR549,0.0
MIR550A1,0.0
MIR550A2,0.0
MIR550A3,0.0
MIR551A,0.0
MIR551B,0.0
MIR552,0.0
MIR553,0.0
MIR554,0.0
MIR555,0.0
MIR556,0.0
MIR557,0.0
MIR5579,0.0
MIR558,0.0
MIR5580,0.0
MIR5581,0.0
MIR5582,0.0
MIR5583-1,0.0
MIR5584,0.0
MIR5585,0.0
MIR5586,0.0
MIR5587,0.0
MIR5589,0.0
MIR559,0.0
MIR5590,0.0
MIR5591,0.0
MIR561,0.0
MIR562,0.0
MIR563,0.0
MIR564,0.0
MIR566,0.0
MIR567,0.0
MIR568,0.253644744093139
MIR5680,0.0
MIR5681A,0.0
MIR5682,0.0
MIR5683,0.0
MIR5684,0.0
MIR5685,0.0
MIR5687,0.0
MIR5688,0.0
MIR5689,0.0
MIR569,1.1609342125054871
MIR5690,0.0
MIR5691,0.0
MIR5692A1,0.0
MIR5692A2,0.0
MIR5692B,0.0
MIR5692C1,0.0
MIR5692C2,0.0
MIR5693,0.0
MIR5694,0.0
MIR5695,0.0
MIR5696,0.0
MIR5697,0.0
MIR5698,0.0
MIR5699,0.0
MIR570,0.0
MIR5700,0.0
MIR5701-1,0.0
MIR5701-2,0.0
MIR5702,0.0
MIR5703,0.0
MIR5704,0.0
MIR5705,0.0
MIR5706,0.0
MIR5707,0.0
MIR5708,0.0
MIR571,0.0
MIR571,0.0
MIR572,0.0
MIR573,0.0
MIR574,0.0
MIR575,0.0
MIR576,0.0
MIR577,0.0
MIR578,0.253644744093139
MIR579,0.0
MIR580,0.0
MIR581,0.0
MIR582,0.0
MIR583,0.0
MIR584,0.0
MIR585,0.0
MIR586,0.0
MIR587,0.0
MIR587,0.0
MIR588,0.0
MIR589,0.0
MIR590,0.0
MIR590,0.0
MIR591,0.0
MIR592,0.0
MIR593,0.0
MIR595,0.0
MIR596,0.0
MIR597,0.0
MIR598,0.0
MIR599,0.0
MIR600HG,0.0
MIR601,0.0
MIR602,0.0
MIR603,0.0
MIR604,0.0
MIR605,0.0
MIR606,0.0
MIR607,0.0
MIR608,0.0
MIR609,0.0
MIR610,0.0
MIR611,0.0
MIR613,0.0
MIR614,0.0
MIR615,0.0
MIR616,1.7271797157291466
MIR617,0.0
MIR618,0.0
MIR619,0.0
MIR620,0.0
MIR621,0.0
MIR622,0.0
MIR623,0.0
MIR624,0.0
MIR625,0.0
MIR626,0.0
MIR627,0.0
MIR628,0.0
MIR629,0.0
MIR630,0.0
MIR631,0.0
MIR632,0.0
MIR633,0.0
MIR634,0.0
MIR635,0.0
MIR636,0.0
MIR637,0.0
MIR638,0.0
MIR639,0.0
MIR640,0.0
MIR641,0.0
MIR642A,0.0
MIR643,0.0
MIR644A,1.7005522897870602
MIR645,0.0
MIR646,0.0
MIR647,0.0
MIR648,0.0
MIR649,0.0
MIR650,0.0
MIR651,0.0
MIR652,0.0
MIR653,0.0
MIR654,0.0
MIR655,0.0
MIR656,0.0
MIR657,0.0
MIR658,0.0
MIR659,0.0
MIR660,0.0
MIR660,0.0
MIR661,0.0
MIR662,0.0
MIR663A,0.0
MIR663B,0.0
MIR665,0.0
MIR670,0.0
MIR671,0.0
MIR676,0.0
MIR7-1,0.0
MIR7-2,0.0
MIR7-3,0.0
MIR7-3HG,0.0
MIR708,0.0
MIR711,0.0
MIR718,0.0
MIR718,0.0
MIR720,0.0
MIR744,0.0
MIR758,0.0
MIR759,0.0
MIR760,0.0
MIR761,0.0
MIR762,0.0
MIR764,0.0
MIR764,0.0
MIR765,0.0
MIR766,0.0
MIR767,0.0
MIR769,0.0
MIR770,0.0
MIR802,0.0
MIR873,0.0
MIR874,0.0
MIR875,0.0
MIR876,0.0
MIR877,0.0
MIR885,0.0
MIR887,0.0
MIR888,0.0
MIR888,0.0
MIR889,0.0
MIR890,0.0
MIR890,0.0
MIR891A,0.0
MIR891A,0.0
MIR891B,0.0
MIR891B,0.0
MIR892A,0.0
MIR892A,0.0
MIR892B,0.0
MIR892B,0.0
MIR9-1,0.0
MIR9-3,0.0
MIR920,0.0
MIR921,0.0
MIR922,0.0
MIR92A2,0.0
MIR92B,0.0
MIR93,0.0
MIR933,0.0
MIR934,0.0
MIR935,0.0
MIR936,0.0
MIR937,0.0
MIR938,0.0
MIR939,0.0
MIR940,0.0
MIR941-1,0.0
MIR941-2,0.0
MIR941-3,0.0
MIR942,0.0
MIR943,0.0
MIR944,0.0
MIR95,0.0
MIR96,0.0
MIR98,0.0
MIR98,0.0
MIR99A,0.0
MIR99B,0.0
MIRLET7A1,0.0
MIRLET7A2,0.0
MIRLET7A3,0.0
MIRLET7B,0.0
MIRLET7C,0.0
MIRLET7D,0.0
MIRLET7DHG,0.0
MIRLET7E,0.0
MIRLET7F1,0.0
MIRLET7F2,0.0
MIRLET7F2,0.0
MIRLET7G,0.0
MIRLET7I,0.0
MIS12,0.0
MIS18A,0.0
MIS18A-AS1,0.0
MIS18BP1,0.0
MISP,0.0
MITD1,0.4127178969233909
MITF,0.0
MIXL1,0.0
MKI67,0.0
MKI67IP,0.0
MKI67IPP1,0.0
MKI67IPP2,0.0
MKI67IPP3,0.0
MKI67IPP4,0.0
MKI67IPP6,0.0
MKI67IPP7,0.0
MKI67IPP8,0.0
MKI67IPP9,0.0
MKKS,1.6721850324842915
MKL1,0.9105921305334987
MKL2,2.4450483599984816
MKLN1,2.979417526362668
MKLN1-AS1,0.6204550963106681
MKLN1-AS2,2.5166925489594125
MKNK1,2.4337758288841904
MKNK1-AS1,0.0
MKNK2,0.253644744093139
MKNK2P1,0.0
MKRN1,0.0
MKRN2,0.6204550963106681
MKRN3,0.0
MKRN4P,0.0
MKRN5P,0.0
MKRN7P,0.0
MKRN9P,0.0
MKRNP2,0.0
MKS1,1.0535570409588524
MKX,0.0
MLANA,0.0
MLC1,1.3187237340792874
MLEC,0.6204550963106681
MLF1,0.0
MLF1IP,0.0
MLF2,1.5551393200304595
MLH1,1.1840889676042927
MLH3,2.3114770817288792
MLIP,0.0
MLIP-AS1,0.0
MLIP-IT1,0.0
MLK4,0.0
MLK7-AS1,0.0
MLKL,0.0
MLLT1,0.0
MLLT10,0.253644744093139
MLLT10P1,0.0
MLLT10P2,0.0
MLLT10P2,0.0
MLLT11,0.0
MLLT3,2.1601117294155574
MLLT4,1.9795423135776309
MLLT4-AS1,0.0
MLLT6,0.8164310788769841
MLN,0.0
MLNR,0.0
MLPH,0.0
MLST8,2.3725562736934447
MLTK,0.0
MLX,1.8301673481627088
MLXIP,0.9509808635159877
MLXIPL,0.0
MLXIPL,0.0
MLYCD,2.1356048908760363
MMAA,0.0
MMAB,1.7522684493138374
MMACHC,0.0
MMADHC,2.304697993857165
MMD,0.0
MMD2,0.5288907918624668
MME,0.0
MME-AS1,0.0
MMEL1,0.0
MMGT1,0.0
MMGT1,0.0
MMP1,0.0
MMP10,0.0
MMP11,0.0
MMP12,0.0
MMP12,0.0
MMP13,0.0
MMP14,0.0
MMP15,0.0
MMP16,0.0
MMP17,0.0
MMP19,0.0
MMP2,0.0
MMP20,0.0
MMP21,0.0
MMP23A,0.0
MMP23B,0.0
MMP24,0.0
MMP24-AS1,0.0
MMP25,0.0
MMP26,0.0
MMP27,0.0
MMP28,0.0
MMP28,0.253644744093139
MMP3,0.0
MMP3,0.0
MMP7,0.0
MMP8,0.0
MMP9,0.0
MMRN1,0.0
MMRN2,0.0
MMS19,0.0
MMS22L,0.253644744093139
MN1,0.0
MNAT1,0.0
MND1,0.0
MNDA,0.0
MNS1,0.0
MNT,0.0
MNX1,0.0
MNX1-AS1,0.0
MNX1-AS2,0.0
MOAP1,0.0
MOB1A,1.365702298095103
MOB1AP1,0.0
MOB1AP2,0.0
MOB1AP2,0.0
MOB1B,0.0
MOB2,0.0
MOB3A,0.0
MOB3B,0.0
MOB3C,0.0
MOB4,0.0
MOBP,0.0
MOCOS,0.0
MOCS1,0.0
MOCS1P1,0.0
MOCS2,1.2469559880685197
MOCS3,0.0
MOG,0.0
MOG,0.0
MOG,0.0
MOG,0.0
MOG,0.0
MOG,0.0
MOG,0.0
MOG,0.0
MOGAT1,0.0
MOGAT2,0.0
MOGAT3,0.0
MOGS,0.0
MOK,0.0
MON1A,0.0
MON1B,0.0
MON2,0.253644744093139
MORC1,0.0
MORC1-AS1,0.0
MORC2,0.0
MORC2-AS1,0.0
MORC3,0.4127178969233909
MORC4,0.0
MORF4,0.253644744093139
MORF4L1,2.5799906446622645
MORF4L1P1,0.4127178969233909
MORF4L1P4,0.0
MORF4L1P5,0.0
MORF4L1P6,0.0
MORF4L1P7,0.0
MORF4L2,2.1096320145730845
MORF4L2-AS1,0.4127178969233909
MORF4L2P1,0.0
MORN1,0.0
MORN2,0.0
MORN3,0.0
MORN4,0.0
MORN5,0.0
MOS,0.0
MOSPD1,0.253644744093139
MOSPD2,0.4127178969233909
MOSPD3,0.0
MOV10,0.0
MOV10L1,0.0
MOXD1,0.9509808635159877
MOXD2P,0.0
MOXD2P,0.0
MPC1,1.9257912163520183
MPC1L,0.0
MPC2,0.6204550963106681
MPDU1,0.0
MPDZ,2.5450971691500617
MPEG1,0.0
MPG,0.0
MPHOSPH10,0.253644744093139
MPHOSPH6,0.0
MPHOSPH8,1.525354679322857
MPHOSPH9,2.162488037762603
MPI,0.6960356275201428
MPL,0.0
MPLKIP,1.9972334333569983
MPND,0.0
MPO,0.0
MPP1,0.0
MPP1,0.0
MPP2,1.8737491581138752
MPP3,0.0
MPP4,0.0
MPP5,0.0
MPP6,1.9795423135776309
MPP7,0.0
MPPE1,2.3622070126904435
MPPE1P1,0.0
MPPED1,0.0
MPPED2,0.0
MPRIP,1.365702298095103
MPRIP-AS1,2.1330763966762865
MPRIPP1,0.0
MPST,1.2060714458283772
MPTX1,0.0
MPV17,1.9831386597707368
MPV17L,0.8164310788769841
MPV17L2,0.0
MPZ,0.0
MPZL1,0.0
MPZL2,0.0
MPZL3,0.0
MR1,0.0
MRAP,0.0
MRAP2,0.0
MRAS,2.073364122649164
MRC1,0.0
MRC1,0.0
MRC1L1,0.0
MRC2,0.0
MRE11A,0.0
MREG,0.0
MRFAP1,1.878332270313977
MRFAP1L1,0.0
MRGBP,0.0
MRGPRD,0.0
MRGPRE,0.0
MRGPRF,0.0
MRGPRG,0.0
MRGPRG-AS1,0.0
MRGPRX1,0.0
MRGPRX2,0.0
MRGPRX3,0.0
MRGPRX4,0.0
MRI1,1.0535570409588524
MRM1,0.0
MRM1,0.0
MRO,1.4588540253591942
MROH1,0.4127178969233909
MROH2A,0.0
MROH2B,0.0
MROH3P,0.0
MROH4P,0.0
MROH5,0.0
MROH6,0.0
MROH7,1.1840889676042927
MROH7-TTC4,0.0
MROH8,0.0
MROH9,0.0
MRP63,2.148031149513286
MRP63P6,0.0
MRP63P7,0.0
MRPL1,0.0
MRPL10,0.0
MRPL11,1.9133535980403211
MRPL12,1.0829908296976
MRPL13,1.408091496025075
MRPL14,0.0
MRPL15,1.380296600302216
MRPL15P1,0.0
MRPL16,0.4127178969233909
MRPL17,0.0
MRPL18,2.224237439077597
MRPL19,0.6204550963106681
MRPL2,0.0
MRPL20,0.0
MRPL20P1,0.0
MRPL21,0.9105921305334987
MRPL22,1.365702298095103
MRPL22P1,0.0
MRPL23,0.0
MRPL23-AS1,0.0
MRPL24,0.0
MRPL27,1.0829908296976
MRPL28,0.0
MRPL2P1,0.0
MRPL3,0.0
MRPL30,0.0
MRPL30,0.0
MRPL32,0.0
MRPL32P1,0.0
MRPL32P1,0.0
MRPL33,1.6258250518828512
MRPL34,1.535511556564225
MRPL35,1.5042992690810633
MRPL35P1,0.0
MRPL35P2,0.0
MRPL35P3,0.0
MRPL35P4,0.0
MRPL36,0.0
MRPL37,1.6175933905056985
MRPL37P1,0.0
MRPL38,0.6960356275201428
MRPL39,1.964851508604246
MRPL3P1,0.0
MRPL4,0.0
MRPL40,0.0
MRPL40P1,0.0
MRPL41,0.0
MRPL42,2.5411513474384835
MRPL42P2,0.0
MRPL42P3,0.0
MRPL42P4,0.0
MRPL42P6,0.0
MRPL43,2.323091673214238
MRPL44,0.0
MRPL45,0.0
MRPL45,0.0
MRPL45P1,0.0
MRPL45P2,0.4127178969233909
MRPL46,0.8164310788769841
MRPL47,1.6339035873850103
MRPL48,1.3018627585701523
MRPL48P1,0.0
MRPL49,0.0
MRPL49P1,0.0
MRPL49P2,0.0
MRPL50,0.0
MRPL50P1,0.0
MRPL50P2,0.0
MRPL50P4,0.0
MRPL51,0.0
MRPL51P2,0.0
MRPL52,0.0
MRPL53,0.0
MRPL53P1,0.0
MRPL54,0.0
MRPL55,1.9338893813999691
MRPL9,2.0305902524630275
MRPL9P1,0.0
MRPS10,1.9338893813999691
MRPS10P1,0.0
MRPS10P2,0.0
MRPS11,0.4127178969233909
MRPS11P1,0.0
MRPS12,0.0
MRPS14,0.0
MRPS15,1.2060714458283772
MRPS15P1,0.0
MRPS16,0.7603920768618123
MRPS16P1,0.0
MRPS16P2,0.0
MRPS16P3,0.0
MRPS17,0.0
MRPS17,0.0
MRPS17P1,0.0
MRPS17P3,0.0
MRPS17P9,0.0
MRPS18A,2.240379527567605
MRPS18AP1,0.0
MRPS18B,0.0
MRPS18B,0.0
MRPS18B,0.0
MRPS18B,0.0
MRPS18B,0.0
MRPS18B,0.0
MRPS18B,0.0
MRPS18BP1,0.0
MRPS18BP2,0.0
MRPS18C,1.470668879757139
MRPS18CP4,0.0
MRPS18CP6,0.0
MRPS2,0.0
MRPS21,1.6092026860167012
MRPS21P1,0.0
MRPS21P2,0.0
MRPS21P3,0.0
MRPS21P6,0.0
MRPS21P7,0.0
MRPS21P8,0.0
MRPS21P9,0.0
MRPS22,0.253644744093139
MRPS23,0.0
MRPS24,0.0
MRPS25,0.0
MRPS26,0.0
MRPS27,0.0
MRPS28,1.470668879757139
MRPS30,2.316492845753712
MRPS31,1.470668879757139
MRPS31P2,0.0
MRPS31P4,0.0
MRPS31P5,0.0
MRPS33,0.0
MRPS33P2,0.0
MRPS33P3,0.0
MRPS33P4,0.0
MRPS34,0.0
MRPS35,0.0
MRPS35P2,0.0
MRPS35P3,0.0
MRPS36,1.3349544931480026
MRPS36,0.253644744093139
MRPS36P1,0.0
MRPS36P2,0.0
MRPS36P3,0.0
MRPS36P4,0.0
MRPS36P5,0.0
MRPS5,1.591918701844707
MRPS5P3,0.0
MRPS5P4,0.0
MRPS6,0.0
MRPS6P2,0.0
MRPS6P4,0.0
MRPS7,0.0
MRPS9,1.9573154496595009
MRRF,0.0
MRRFP1,0.0
MRS2,2.5808958766241687
MRS2P2,0.0
MRTO4,0.0
MRVI1,1.9685710603681643
MRVI1-AS1,0.0
MS4A1,0.0
MS4A10,0.0
MS4A12,0.0
MS4A13,0.0
MS4A14,0.0
MS4A15,0.0
MS4A18,0.0
MS4A2,0.0
MS4A3,0.0
MS4A4A,0.0
MS4A4E,0.0
MS4A5,0.0
MS4A6A,0.0
MS4A6E,0.0
MS4A7,0.0
MS4A8,0.0
MSANTD1,0.0
MSANTD2,0.0
MSANTD2P1,0.0
MSANTD3,1.8301673481627088
MSANTD3-TMEFF1,0.0
MSANTD4,1.564630272110482
MSC,0.0
MSGN1,0.0
MSH2,0.5288907918624668
MSH3,0.9879310210915638
MSH4,0.0
MSH5,0.0
MSH5,0.0
MSH5,0.0
MSH5,0.0
MSH5,0.0
MSH5,0.0
MSH5,0.0
MSH5,0.0
MSH5-SAPCD1,0.0
MSH5-SAPCD1,0.0
MSH5-SAPCD1,0.0
MSH5-SAPCD1,0.0
MSH5-SAPCD1,0.0
MSH5-SAPCD1,0.0
MSH6,2.420897766938723
MSI1,0.8164310788769841
MSI2,2.8048157070411457
MSL1,0.0
MSL2,1.470668879757139
MSL3,0.0
MSL3P1,0.0
MSLN,0.0
MSLNL,0.0
MSMB,0.0
MSMB,0.0
MSMO1,2.9268747764482965
MSMP,0.0
MSN,0.6960356275201428
MSNP1,0.0
MSR1,0.0
MSRA,0.0
MSRB1,0.0
MSRB1P1,0.0
MSRB2,0.0
MSRB3,0.0
MSS51,0.0
MST1,0.0
MST1L,0.0
MST1P2,0.4127178969233909
MST1R,0.0
MST4,0.0
MSTN,1.4213491305518202
MSTO1,0.0
MSTO2P,0.0
MSX1,0.0
MSX2,0.0
MSX2P1,0.0
MT-ATP6,3.4722046423100994
MT-ATP8,2.096038866256799
MT-CO1,4.252801518915765
MT-CO2,3.657138305430781
MT-CO3,3.3552167383914533
MT-CYB,3.763173504160305
MT-ND1,3.2832810404221844
MT-ND2,3.725056642737495
MT-ND3,2.140618140014368
MT-ND4,3.779217615118547
MT-ND4L,2.7452983533352886
MT-ND5,3.4316967800854288
MT-ND6,2.510356388767032
MT-RNR1,3.473711901987926
MT-RNR2,4.194815788158252
MT-TA,0.0
MT-TC,0.0
MT-TD,0.0
MT-TE,0.0
MT-TF,0.0
MT-TG,0.0
MT-TH,0.0
MT-TI,0.0
MT-TK,0.0
MT-TL1,0.0
MT-TL2,0.0
MT-TM,0.0
MT-TN,0.0
MT-TP,1.3944163697813394
MT-TQ,0.0
MT-TR,0.0
MT-TS1,0.0
MT-TS2,0.0
MT-TT,0.0
MT-TV,0.0
MT-TW,0.0
MT-TY,0.253644744093139
MT1A,0.0
MT1B,0.0
MT1CP,0.0
MT1DP,0.0
MT1E,1.9831386597707368
MT1F,1.4467087411059607
MT1G,1.878332270313977
MT1H,0.0
MT1HL1,0.0
MT1JP,0.5288907918624668
MT1L,0.0
MT1M,2.407626133745789
MT1P1,0.0
MT1P3,0.0
MT1X,2.079144757918472
MT1XP1,0.4127178969233909
MT2A,2.9506720245184543
MT2P1,0.0
MT3,2.551917250991796
MT4,0.0
MTA1,0.0
MTA1,0.0
MTA2,0.0
MTA3,2.772309426939999
MTAP,0.0
MTAPP1,0.0
MTAPP2,0.0
MTATP6P1,2.608909870742651
MTATP6P2,0.0
MTATP6P3,0.0
MTATP6P4,0.0
MTATP6P7,0.0
MTATP6P9,0.0
MTATP8P1,0.5288907918624668
MTATP8P2,0.0
MTBP,0.0
MTCH1,2.2053302224190743
MTCH2,2.0273675268345333
MTCO1P3,0.0
MTCO2P1,0.0
MTCO2P3,0.0
MTCO3P1,0.0
MTCO3P1,0.0
MTCO3P1,0.0
MTCO3P1,0.0
MTCO3P1,0.0
MTCO3P1,0.0
MTCO3P1,0.0
MTCO3P2,0.0
MTCP1,0.0
MTCP1,0.0
MTCYBP1,0.0
MTCYBP2,0.0
MTCYBP3,0.0
MTCYBP4,0.0
MTDH,1.3018627585701523
MTERF,0.9879310210915638
MTERFD1,0.0
MTERFD2,2.484044776548032
MTERFD3,0.0
MTF1,0.0
MTF2,0.9105921305334987
MTFMT,0.0
MTFP1,0.0
MTFR1,0.0
MTFR1L,2.508223624915173
MTFR2,0.0
MTG1,0.0
MTG2,1.1105557679530071
MTHFD1,0.253644744093139
MTHFD1L,0.0
MTHFD1P1,0.0
MTHFD2,0.0
MTHFD2L,0.0
MTHFD2P1,0.0
MTHFD2P2,0.0
MTHFD2P3,0.0
MTHFD2P4,0.0
MTHFD2P5,0.0
MTHFD2P6,0.0
MTHFD2P7,0.0
MTHFR,1.5042992690810633
MTHFS,0.0
MTHFSD,0.6960356275201428
MTIF2,1.0535570409588524
MTIF3,1.803921369136032
MTL5,0.0
MTM1,0.0
MTM1,0.0
MTMR1,0.0
MTMR1,0.0
MTMR10,1.8352314375814356
MTMR11,0.0
MTMR11,0.0
MTMR12,0.0
MTMR14,0.0
MTMR2,0.0
MTMR3,1.2843206418841475
MTMR4,0.253644744093139
MTMR6,1.8092989910424864
MTMR7,0.0
MTMR8,1.945760348159504
MTMR9,1.525354679322857
MTMR9LP,0.0
MTND1P1,0.0
MTND1P10,0.0
MTND1P11,0.0
MTND1P12,0.0
MTND1P13,0.0
MTND1P14,0.0
MTND1P15,0.0
MTND1P16,0.0
MTND1P17,0.0
MTND1P18,0.0
MTND1P19,0.0
MTND1P2,0.0
MTND1P20,0.0
MTND1P21,0.0
MTND1P22,0.0
MTND1P23,0.866058549240148
MTND1P24,0.0
MTND1P26,0.0
MTND1P27,0.0
MTND1P28,0.0
MTND1P29,0.0
MTND1P3,0.0
MTND1P30,0.0
MTND1P31,0.0
MTND1P32,0.0
MTND1P33,0.0
MTND1P33,0.0
MTND1P34,0.0
MTND1P35,0.0
MTND1P36,0.0
MTND1P4,0.0
MTND1P5,0.0
MTND1P6,0.0
MTND1P7,0.0
MTND1P9,0.0
MTND2P11,0.0
MTND2P12,0.0
MTND2P14,0.0
MTND2P15,0.0
MTND2P16,0.0
MTND2P17,0.0
MTND2P18,0.0
MTND2P19,0.0
MTND2P2,0.0
MTND2P20,0.0
MTND2P21,0.0
MTND2P22,0.0
MTND2P23,0.0
MTND2P24,0.0
MTND2P25,0.0
MTND2P26,0.0
MTND2P28,1.5042992690810633
MTND2P29,0.0
MTND2P3,0.0
MTND2P30,0.0
MTND2P31,0.0
MTND2P32,0.0
MTND2P33,0.0
MTND2P4,0.0
MTND2P5,0.0
MTND2P6,0.0
MTND2P7,0.0
MTND2P8,0.0
MTND2P9,0.0
MTND3P1,0.0
MTND3P10,0.0
MTND3P2,0.0
MTND3P3,0.0
MTND3P4,0.0
MTND3P5,0.0
MTND3P6,0.0
MTND3P7,0.0
MTND3P8,0.0
MTND3P9,0.0
MTND4LP1,0.0
MTND4P1,0.0
MTND4P10,0.0
MTND4P11,0.0
MTND4P12,1.2469559880685197
MTND4P13,0.0
MTND4P14,0.253644744093139
MTND4P15,0.0
MTND4P16,0.0
MTND4P17,0.0
MTND4P18,0.0
MTND4P19,0.0
MTND4P2,0.0
MTND4P20,0.0
MTND4P21,0.0
MTND4P22,0.0
MTND4P23,0.0
MTND4P24,0.0
MTND4P25,0.0
MTND4P26,0.0
MTND4P27,0.0
MTND4P28,0.0
MTND4P29,0.0
MTND4P3,0.0
MTND4P30,0.0
MTND4P31,0.0
MTND4P32,0.0
MTND4P4,0.0
MTND4P5,0.0
MTND4P6,0.0
MTND4P7,0.0
MTND4P8,0.0
MTND4P9,0.0
MTND5P1,0.0
MTND5P10,0.0
MTND5P11,0.7603920768618123
MTND5P12,0.0
MTND5P13,0.0
MTND5P14,0.0
MTND5P15,0.0
MTND5P16,0.0
MTND5P17,0.0
MTND5P18,0.0
MTND5P19,0.0
MTND5P2,0.0
MTND5P20,0.0
MTND5P21,0.0
MTND5P22,0.0
MTND5P23,0.0
MTND5P24,0.0
MTND5P25,0.0
MTND5P26,0.0
MTND5P27,0.0
MTND5P28,0.0
MTND5P29,0.0
MTND5P3,0.0
MTND5P30,0.0
MTND5P31,0.0
MTND5P4,0.0
MTND5P5,0.0
MTND5P6,0.0
MTND5P7,0.0
MTND5P8,0.0
MTND5P9,0.0
MTND6P1,0.0
MTND6P10,0.0
MTND6P11,0.0
MTND6P12,0.0
MTND6P13,0.0
MTND6P14,0.0
MTND6P15,0.0
MTND6P16,0.0
MTND6P17,0.0
MTND6P18,0.0
MTND6P19,0.0
MTND6P2,0.0
MTND6P20,0.0
MTND6P21,0.0
MTND6P3,0.253644744093139
MTND6P4,0.0
MTND6P5,0.0
MTND6P6,0.0
MTND6P7,0.0
MTND6P8,0.0
MTND6P9,0.0
MTNR1A,0.0
MTNR1B,0.0
MTO1,2.152903779930327
MTOR,1.470668879757139
MTOR-AS1,0.0
MTPAP,1.8301673481627088
MTPN,1.0829908296976
MTR,2.674126053366748
MTRF1,1.2060714458283772
MTRF1L,1.4821708087520635
MTRNR2L1,0.5288907918624668
MTRNR2L10,0.0
MTRNR2L11,0.0
MTRNR2L12,1.3349544931480026
MTRNR2L13,0.0
MTRNR2L2,1.564630272110482
MTRNR2L3,0.0
MTRNR2L4,0.0
MTRNR2L5,0.0
MTRNR2L6,0.0
MTRNR2L6,0.0
MTRNR2L7,0.0
MTRNR2L8,1.266040025979822
MTRNR2L9,0.4127178969233909
MTRR,0.0
MTSS1,0.0
MTSS1L,0.7603920768618123
MTTP,0.0
MTUS1,1.8737491581138752
MTUS2,0.0
MTUS2-AS1,0.0
MTUS2-AS2,0.0
MTX1,0.0
MTX1P1,0.0
MTX1P1,0.0
MTX2,0.0
MTX3,0.0
MUC1,0.0
MUC12,0.0
MUC13,0.0
MUC15,0.0
MUC16,0.0
MUC17,0.0
MUC19,0.0
MUC2,0.0
MUC20,0.253644744093139
MUC21,0.0
MUC22,0.0
MUC3A,0.0
MUC3A,0.0
MUC4,0.0
MUC5AC,0.0
MUC5B,0.0
MUC6,0.0
MUC7,0.0
MUC8,0.0
MUCL1,0.0
MUL1,0.0
MUM1,1.9573154496595009
MUM1L1,0.0
MURC,0.0
MUS81,0.0
MUSK,0.0
MUSTN1,0.0
MUT,0.9879310210915638
MUTYH,0.0
MVB12A,0.0
MVB12B,0.253644744093139
MVD,1.85007876288628
MVK,0.0
MVP,0.0
MX1,0.0
MX2,0.0
MXD1,0.0
MXD3,0.0
MXD4,1.7140700431083098
MXI1,0.9105921305334987
MXRA5,0.0
MXRA5P1,0.0
MXRA7,0.0
MXRA8,0.0
MYADM,1.4467087411059607
MYADML,0.0
MYADML2,0.0
MYB,0.0
MYB-AS1,0.0
MYBBP1A,0.0
MYBL1,0.0
MYBL2,0.0
MYBPC1,2.024120707748976
MYBPC2,0.0
MYBPC3,0.0
MYBPH,0.0
MYBPHL,0.0
MYC,0.0
MYCBP,0.0
MYCBP2,2.974695942608584
MYCBP2-AS1,0.0
MYCBP2-AS2,0.0
MYCBPAP,0.0
MYCL,0.0
MYCLP1,0.0
MYCLP2,0.0
MYCN,0.0
MYCNOS,0.0
MYCNUN,0.0
MYCT1,0.0
MYD88,0.253644744093139
MYEF2,1.514954562424701
MYEOV,0.0
MYEOV2,1.4821708087520635
MYF5,0.0
MYF6,0.0
MYH1,0.0
MYH10,0.8164310788769841
MYH11,0.0
MYH13,0.0
MYH14,0.4127178969233909
MYH15,0.0
MYH16,0.0
MYH2,0.0
MYH3,0.0
MYH4,0.0
MYH6,0.0
MYH7,0.4127178969233909
MYH7B,0.0
MYH8,0.0
MYH9,1.514954562424701
MYL1,0.0
MYL10,0.0
MYL12A,1.76428944396994
MYL12B,2.1577223471671347
MYL2,0.0
MYL3,0.9879310210915638
MYL4,0.0
MYL5,0.0
MYL6,2.226288317599943
MYL6B,0.0
MYL6P1,0.0
MYL6P2,0.0
MYL6P3,0.0
MYL6P4,0.0
MYL7,0.0
MYL8P,0.0
MYL8P,0.0
MYL8P,0.0
MYL8P,0.0
MYL8P,0.0
MYL9,0.0
MYLIP,0.0
MYLK,2.043247203864058
MYLK-AS1,0.0
MYLK-AS2,0.0
MYLK2,0.0
MYLK3,0.253644744093139
MYLK4,0.0
MYLKP1,0.0
MYLPF,0.0
MYNN,0.0
MYO10,2.775787229960955
MYO15A,0.0
MYO15B,0.0
MYO16,0.5288907918624668
MYO16-AS1,0.0
MYO16-AS2,0.0
MYO18A,0.0
MYO18B,0.0
MYO19,0.6960356275201428
MYO19,0.0
MYO1A,0.0
MYO1B,0.0
MYO1C,0.9879310210915638
MYO1D,0.253644744093139
MYO1E,0.0
MYO1F,0.0
MYO1G,0.0
MYO1H,0.0
MYO3A,0.0
MYO3B,0.4127178969233909
MYO5A,1.3018627585701523
MYO5B,2.2746445520460137
MYO5BP1,0.0
MYO5BP2,0.0
MYO5BP3,0.0
MYO5C,0.0
MYO6,2.335995942637333
MYO7A,0.0
MYO7B,0.0
MYO9A,1.4821708087520635
MYO9B,0.0
MYOC,0.0
MYOCD,0.0
MYOD1,0.0
MYOF,0.0
MYOG,0.0
MYOM1,0.0
MYOM2,0.0
MYOM2,0.0
MYOM3,0.0
MYOT,0.0
MYOZ1,0.0
MYOZ2,0.0
MYOZ3,0.0
MYPN,0.0
MYPOP,0.0
MYRF,0.0
MYRFL,0.0
MYRIP,1.9867054694268544
MYSM1,1.5454363124656982
MYT1,0.0
MYT1L,1.1609342125054871
MYZAP,0.0
MZB1,0.0
MZF1,0.0
MZT1,0.0
MZT2A,0.0
MZT2B,0.253644744093139
Metazoa_SRP,0.0
Metazoa_SRP,0.0
Metazoa_SRP,0.0
Metazoa_SRP,0.0
Metazoa_SRP,0.0
Metazoa_SRP,0.0
Metazoa_SRP,0.0
Metazoa_SRP,0.0
Metazoa_SRP,0.0
Metazoa_SRP,0.0
Metazoa_SRP,0.0
Metazoa_SRP,0.0
Metazoa_SRP,0.0
Metazoa_SRP,0.0
Metazoa_SRP,0.0
Metazoa_SRP,0.0
Metazoa_SRP,0.0
Metazoa_SRP,0.0
Metazoa_SRP,0.0
Metazoa_SRP,0.0
Metazoa_SRP,0.0
Metazoa_SRP,0.0
Metazoa_SRP,0.0
Metazoa_SRP,0.0
Metazoa_SRP,0.0
Metazoa_SRP,0.0
Metazoa_SRP,0.0
Metazoa_SRP,0.0
Metazoa_SRP,0.0
Metazoa_SRP,0.0
Metazoa_SRP,0.0
Metazoa_SRP,0.0
Metazoa_SRP,0.0
Metazoa_SRP,0.0
Metazoa_SRP,0.0
Metazoa_SRP,0.0
Metazoa_SRP,0.0
Metazoa_SRP,0.0
Metazoa_SRP,0.0
Metazoa_SRP,0.0
Metazoa_SRP,0.0
Metazoa_SRP,0.0
Metazoa_SRP,0.0
Metazoa_SRP,0.0
N4BP1,0.0
N4BP2,2.265394471759429
N4BP2L1,1.2269946489498065
N4BP2L2,2.6230884814007798
N4BP3,0.0
N6AMT1,0.0
N6AMT2,0.0
NAA10,0.0
NAA10,0.0
NAA11,0.0
NAA15,2.396708858117349
NAA16,1.6092026860167012
NAA20,2.0675055056503746
NAA25,2.8355608328735142
NAA30,0.0
NAA35,0.0
NAA38,1.5454363124656982
NAA40,2.043247203864058
NAA50,1.266040025979822
NAA60,0.0
NAA60,0.0
NAAA,0.0
NAALAD2,1.7271797157291466
NAALADL1,0.0
NAALADL2,1.8402371571691645
NAALADL2-AS1,0.0
NAALADL2-AS2,0.0
NAALADL2-AS3,0.0
NAB1,0.0
NAB2,0.0
NABP1,0.4127178969233909
NABP2,0.0
NACA,0.0
NACA2,0.0
NACA3P,0.0
NACAD,0.0
NACAP1,0.0
NACC1,0.0
NACC2,1.60064667142076
NADK,1.3944163697813394
NADK2,2.392543073202304
NADK2-AS1,0.0
NADSYN1,0.253644744093139
NAE1,0.4127178969233909
NAF1,0.0
NAGA,1.408091496025075
NAGK,0.0
NAGLU,0.4127178969233909
NAGPA,0.0
NAGS,0.0
NAIF1,0.0
NAIP,1.2060714458283772
NAIP,0.0
NALCN,2.326353864510643
NALCN-AS1,0.0
NAMA,0.0
NAMPT,1.9418393023284208
NAMPTL,0.0
NANOG,0.0
NANOGNB,0.0
NANOGNBP1,0.0
NANOGNBP2,0.0
NANOGNBP3,0.0
NANOGNBP3,0.0
NANOGP1,0.0
NANOGP10,0.0
NANOGP2,0.0
NANOGP3,0.0
NANOGP4,0.0
NANOGP5,0.0
NANOGP6,0.0
NANOGP7,0.0
NANOGP8,0.0
NANOGP9,0.0
NANOS1,0.0
NANOS2,0.0
NANOS3,0.0
NANP,0.0
NANS,0.0
NAP1L1,2.6131283160472547
NAP1L1P1,0.0
NAP1L1P2,0.0
NAP1L1P3,0.0
NAP1L2,0.6204550963106681
NAP1L3,2.164851414502081
NAP1L4,2.5124787300553493
NAP1L4P1,0.0
NAP1L4P2,0.0
NAP1L4P3,0.0
NAP1L5,0.0
NAP1L6,0.0
NAP1L6,0.0
NAPA,1.0219824427879696
NAPA-AS1,0.0
NAPB,1.5551393200304595
NAPEPLD,0.4127178969233909
NAPG,2.1356048908760363
NAPRT1,0.0
NAPSA,0.0
NAPSB,0.0
NARF,0.0
NARF-IT1,0.0
NARFL,1.686600231622561
NARG2,2.1254013691955027
NARG2P1,0.0
NARG2P2,0.0
NARS,2.0645462909179955
NARS2,1.9378825323901545
NASP,3.2379273163848734
NAT1,0.0
NAT10,0.6960356275201428
NAT14,0.0
NAT16,0.0
NAT2,0.0
NAT6,0.0
NAT6,0.0
NAT8,0.0
NAT8L,2.222176829675323
NAT9,0.0
NATP,0.0
NAV1,0.6204550963106681
NAV2,2.5661807462002506
NAV2-AS1,0.0
NAV2-AS2,0.0
NAV2-AS3,0.0
NAV2-AS4,0.0
NAV2-AS5,0.0
NAV2-IT1,0.0
NAV3,2.017553329078163
NBAS,1.470668879757139
NBEA,2.7728909982500083
NBEAL1,0.0
NBEAL2,0.0
NBEAP1,0.0
NBEAP3,0.0
NBL1,0.9105921305334987
NBN,0.6960356275201428
NBPF1,0.4127178969233909
NBPF10,0.253644744093139
NBPF10,1.434214011430753
NBPF10,0.7603920768618123
NBPF10,1.0219824427879696
NBPF11,0.4127178969233909
NBPF11,0.0
NBPF12,0.0
NBPF13P,0.253644744093139
NBPF13P,0.253644744093139
NBPF14,0.5288907918624668
NBPF15,0.7603920768618123
NBPF15,1.1609342125054871
NBPF16,0.5288907918624668
NBPF18P,0.0
NBPF20,0.253644744093139
NBPF21P,0.0
NBPF22P,0.0
NBPF23,0.0
NBPF23,0.0
NBPF24,0.0
NBPF2P,0.0
NBPF3,0.0
NBPF4,0.0
NBPF5P,0.0
NBPF6,0.0
NBPF7,0.0
NBPF8,0.0
NBPF9,0.5288907918624668
NBR1,1.0535570409588524
NBR2,0.0
NCALD,1.2269946489498065
NCAM1,0.6960356275201428
NCAM1,0.253644744093139
NCAM1-AS1,0.0
NCAM1-AS1,0.0
NCAM2,2.6926927270345185
NCAN,2.852337510572033
NCAPD2,0.0
NCAPD2P1,0.0
NCAPD3,0.4127178969233909
NCAPG,0.0
NCAPG2,0.0
NCAPH,0.0
NCAPH2,0.0
NCBP1,1.380296600302216
NCBP2,0.253644744093139
NCBP2-AS1,0.0
NCBP2-AS2,0.0
NCBP2L,0.0
NCCRP1,0.0
NCDN,0.253644744093139
NCEH1,1.9133535980403211
NCF1,0.0
NCF1,0.0
NCF1B,0.0
NCF1B,0.0
NCF1C,0.0
NCF1C,0.0
NCF2,0.0
NCF4,0.0
NCK1,1.693632285926403
NCK2,0.0
NCKAP1,0.8164310788769841
NCKAP1L,0.0
NCKAP5,0.0
NCKAP5-IT1,0.0
NCKAP5L,0.0
NCKIPSD,0.0
NCL,2.649356567775954
NCLN,0.6960356275201428
NCLP1,0.0
NCLP2,0.0
NCLP2,0.0
NCMAP,0.0
NCOA1,2.2616385603063045
NCOA2,1.9338893813999691
NCOA3,1.9048594511354124
NCOA4,0.0
NCOA4,0.0
NCOA5,0.0
NCOA6,0.6960356275201428
NCOA7,0.5288907918624668
NCOA7-AS1,0.0
NCOR1,2.1455741788240514
NCOR1P1,0.0
NCOR1P2,0.0
NCOR1P2,0.253644744093139
NCOR1P3,0.0
NCOR2,0.0
NCR1,0.0
NCR1,0.0
NCR1,0.0
NCR1,0.0
NCR1,0.0
NCR1,0.0
NCR1,0.0
NCR1,0.0
NCR1,0.0
NCR1,0.0
NCR2,0.0
NCR3,0.0
NCR3,0.0
NCR3,0.0
NCR3,0.0
NCR3,0.0
NCR3,0.0
NCR3,0.0
NCR3,0.0
NCR3LG1,0.0
NCRNA00171,0.0
NCRNA00171,0.0
NCRNA00171,0.0
NCRNA00171,0.0
NCRNA00171,0.0
NCRNA00171,0.0
NCRNA00171,0.0
NCS1,0.0
NCS1,0.0
NCSTN,0.0
NCSTNP1,0.0
NDC1,1.0219824427879696
NDC80,0.0
NDE1,0.0
NDE1P2,0.0
NDEL1,0.0
NDFIP1,1.525354679322857
NDFIP2,0.0
NDFIP2-AS1,0.0
NDN,1.77598664737081
NDNF,0.0
NDNL2,1.525354679322857
NDOR1,0.0
NDP,2.226288317599943
NDP-AS1,0.0
NDRG1,1.434214011430753
NDRG2,2.4325050715827907
NDRG3,1.5830117235334478
NDRG4,2.171865343653194
NDST1,0.0
NDST2,1.917539173272604
NDST3,0.0
NDST4,0.0
NDUFA1,1.6794524383704983
NDUFA10,0.253644744093139
NDUFA11,0.0
NDUFA12,0.0
NDUFA12P1,0.0
NDUFA13,1.591918701844707
NDUFA2,0.0
NDUFA3,0.0
NDUFA3,0.0
NDUFA3,0.0
NDUFA3,0.0
NDUFA3,0.0
NDUFA3,0.0
NDUFA3,0.0
NDUFA3,0.0
NDUFA3,0.0
NDUFA3,0.0
NDUFA3P1,0.0
NDUFA3P2,0.0
NDUFA3P3,0.0
NDUFA3P4,0.0
NDUFA3P6,0.0
NDUFA4,1.89179836789066
NDUFA4L2,0.0
NDUFA4P2,0.0
NDUFA5,1.9418393023284208
NDUFA5P1,0.0
NDUFA5P10,0.0
NDUFA5P11,0.0
NDUFA5P12,0.0
NDUFA5P2,0.0
NDUFA5P3,0.0
NDUFA5P4,0.0
NDUFA5P5,0.0
NDUFA5P6,0.0
NDUFA5P7,0.0
NDUFA5P8,0.0
NDUFA5P9,0.0
NDUFA6,0.0
NDUFA6,0.0
NDUFA6,0.0
NDUFA6-AS1,1.9257912163520183
NDUFA7,0.0
NDUFA7,0.9509808635159877
NDUFA8,2.0704446931415355
NDUFA9,0.0
NDUFA9P1,0.0
NDUFAB1,1.8737491581138752
NDUFAF1,0.0
NDUFAF2,0.0
NDUFAF3,0.0
NDUFAF4,0.0
NDUFAF4P1,0.0
NDUFAF4P2,0.0
NDUFAF4P3,0.0
NDUFAF4P4,0.0
NDUFAF5,0.0
NDUFAF6,1.0829908296976
NDUFAF7,0.253644744093139
NDUFB1,1.6572748854262789
NDUFB10,0.0
NDUFB11,0.0
NDUFB11,0.0
NDUFB11P1,0.0
NDUFB1P1,0.0
NDUFB1P2,0.0
NDUFB2,1.896195851746716
NDUFB2-AS1,0.0
NDUFB3,1.5042992690810633
NDUFB4,1.77598664737081
NDUFB4P1,0.0
NDUFB4P2,0.0
NDUFB5,0.5288907918624668
NDUFB6,2.12797481183765
NDUFB7,1.3018627585701523
NDUFB8,1.3506004547184218
NDUFB8,0.0
NDUFB8P1,0.0
NDUFB8P2,0.0
NDUFB9,1.7522684493138374
NDUFC1,1.525354679322857
NDUFC2,1.945760348159504
NDUFC2-KCTD14,0.0
NDUFS1,2.8999660391852444
NDUFS2,0.0
NDUFS3,0.4127178969233909
NDUFS4,1.3018627585701523
NDUFS5,2.155319746361917
NDUFS5P1,0.0
NDUFS5P2,0.0
NDUFS5P3,0.0
NDUFS5P4,0.0
NDUFS5P5,0.0
NDUFS5P6,0.0
NDUFS6,0.0
NDUFS7,0.253644744093139
NDUFS8,1.9216847941836637
NDUFV1,0.0
NDUFV2,1.3349544931480026
NDUFV2P1,0.9105921305334987
NDUFV3,1.514954562424701
NEAT1,3.1545129801569027
NEB,1.5454363124656982
NEBL,2.546078048333367
NEBL-AS1,0.0
NECAB1,0.6960356275201428
NECAB2,0.0
NECAB3,1.9048594511354124
NECAP1,1.882867521541892
NECAP1P1,0.0
NECAP1P2,0.0
NECAP2,1.1609342125054871
NEDD1,0.0
NEDD4,0.253644744093139
NEDD4L,0.866058549240148
NEDD8,1.7461308297538636
NEDD8-MDP1,0.0
NEDD9,0.0
NEFH,0.0
NEFHP1,0.0
NEFL,0.0
NEFLP1,0.0
NEFM,0.0
NEFMP1,0.0
NEGR1,0.0
NEGR1-IT1,0.0
NEIL1,1.8198585011625843
NEIL2,0.0
NEIL3,0.0
NEK1,1.0535570409588524
NEK10,0.0
NEK11,0.0
NEK2,0.0
NEK2P2,0.0
NEK2P4,0.0
NEK3,0.0
NEK4,0.253644744093139
NEK4P1,0.0
NEK4P2,0.5288907918624668
NEK4P3,0.0
NEK5,0.0
NEK6,0.253644744093139
NEK7,0.0
NEK8,0.9509808635159877
NEK9,0.253644744093139
NELFA,0.4127178969233909
NELFB,0.0
NELFCD,2.369624421701324
NELFE,0.0
NELFE,0.0
NELFE,0.0
NELFE,0.0
NELFE,0.0
NELFE,0.0
NELL1,0.0
NELL2,1.1364750726028654
NEMF,2.343870641983304
NENF,0.0
NEO1,1.76428944396994
NEPNP,0.0
NES,0.0
NET1,0.0
NETO1,0.0
NETO2,0.0
NEU1,0.0
NEU1,0.0
NEU1,0.0
NEU1,0.0
NEU1,0.0
NEU1,0.0
NEU1,0.0
NEU1,0.0
NEU2,0.0
NEU3,0.0
NEU4,0.0
NEURL,0.0
NEURL1B,0.0
NEURL2,0.0
NEURL3,0.0
NEURL4,0.0
NEUROD1,0.0
NEUROD2,0.0
NEUROD4,0.0
NEUROD6,0.0
NEUROG1,0.0
NEUROG2,0.0
NEUROG3,0.0
NEXN,0.0
NEXN-AS1,0.0
NF1,2.250171908628923
NF1P1,0.0
NF1P2,0.0
NF1P3,0.0
NF1P4,0.0
NF1P5,0.0
NF1P6,0.0
NF1P8,0.0
NF2,0.0
NFAM1,0.0
NFASC,1.2469559880685197
NFAT5,2.6304115076155083
NFATC1,0.0
NFATC2,0.0
NFATC2IP,0.0
NFATC3,0.0
NFATC4,2.4963024452193863
NFE2,0.0
NFE2L1,1.2269946489498065
NFE2L2,2.4325050715827907
NFE2L3,0.0
NFE2L3P1,0.0
NFE4,0.0
NFIA,3.022047779150586
NFIB,2.982297806592649
NFIC,1.5830117235334478
NFIL3,0.0
NFIX,0.0
NFKB1,0.0
NFKB2,1.8737491581138752
NFKBIA,2.7138400605203645
NFKBIB,0.0
NFKBID,1.664793942489872
NFKBIE,0.0
NFKBIL1,0.0
NFKBIL1,0.0
NFKBIL1,0.0
NFKBIL1,0.0
NFKBIL1,0.0
NFKBIL1,0.0
NFKBIL1,0.0
NFKBIZ,0.0
NFRKB,2.106947208535701
NFS1,0.0
NFU1,0.0
NFU1P1,0.0
NFU1P2,0.0
NFX1,1.9048594511354124
NFXL1,0.0
NFYA,0.0
NFYAP1,0.0
NFYB,0.0
NFYC,0.0
NGB,0.0
NGDN,1.0535570409588524
NGEF,0.0
NGF,0.0
NGFR,0.0
NGFRAP1,2.302986557861576
NGLY1,0.0
NGRN,1.8737491581138752
NHEJ1,0.0
NHLH1,0.0
NHLH2,0.0
NHLRC1,0.0
NHLRC2,0.0
NHLRC3,2.12020827975257
NHLRC4,0.0
NHP2,0.4127178969233909
NHP2L1,1.6258250518828512
NHP2P1,2.0006867942048503
NHP2P2,0.0
NHS,0.8164310788769841
NHS-AS1,0.0
NHSL1,2.602934350492133
NHSL2,0.0
NICN1,1.2060714458283772
NICN1-AS1,0.0
NID1,1.266040025979822
NID2,0.0
NIF3L1,0.0
NIM1,2.6296039092191807
NIN,1.7399052260407448
NINJ1,0.0
NINJ2,0.0
NINL,2.586287999023207
NIP7,0.0
NIP7P1,0.0
NIP7P2,0.0
NIP7P3,0.0
NIPA1,0.253644744093139
NIPA2,0.0
NIPA2P1,0.0
NIPA2P2,0.0
NIPA2P4,0.0
NIPA2P5,0.0
NIPAL1,0.0
NIPAL2,0.0
NIPAL3,2.4702659933997984
NIPAL4,0.0
NIPBL,2.4511867159711302
NIPSNAP1,1.7005522897870602
NIPSNAP3A,0.0
NIPSNAP3B,0.0
NISCH,0.0
NIT1,0.0
NIT2,0.0
NKAIN1,0.0
NKAIN1P1,0.0
NKAIN1P1,0.0
NKAIN2,0.0
NKAIN3,0.9879310210915638
NKAIN4,0.9105921305334987
NKAP,0.0
NKAPL,0.0
NKAPP1,0.0
NKD1,0.0
NKD2,0.0
NKG2-E,0.0
NKG7,0.0
NKIRAS1,0.9105921305334987
NKIRAS2,0.0
NKIRAS2,0.0
NKPD1,0.0
NKRF,0.0
NKTR,2.9943302606479487
NKX1-1,0.0
NKX1-2,0.0
NKX2-1,0.0
NKX2-1-AS1,0.0
NKX2-2,0.0
NKX2-2-AS1,0.0
NKX2-3,0.0
NKX2-4,0.0
NKX2-5,0.0
NKX2-6,0.0
NKX2-8,0.0
NKX3-1,1.6418345900426288
NKX3-2,0.0
NKX6-1,0.0
NKX6-2,0.0
NKX6-3,0.0
NLE1,1.0535570409588524
NLGN1,1.7271797157291466
NLGN1-AS1,0.0
NLGN2,0.4127178969233909
NLGN3,0.4127178969233909
NLGN4X,0.7603920768618123
NLGN4Y,0.4127178969233909
NLGN4Y-AS1,0.0
NLK,0.0
NLN,1.3349544931480026
NLRC3,0.0
NLRC4,0.0
NLRC5,0.866058549240148
NLRP1,0.0
NLRP10,0.0
NLRP11,0.0
NLRP12,0.0
NLRP13,0.0
NLRP14,0.0
NLRP2,0.0
NLRP2,0.0
NLRP2,0.0
NLRP2,0.0
NLRP2,0.0
NLRP2,0.0
NLRP2,0.0
NLRP2,0.0
NLRP2,0.0
NLRP3,0.0
NLRP4,0.0
NLRP5,0.0
NLRP6,0.0
NLRP7,0.0
NLRP7,0.0
NLRP7,0.0
NLRP7,0.0
NLRP7,0.0
NLRP7,0.0
NLRP7,0.0
NLRP7,0.0
NLRP7,0.0
NLRP8,0.0
NLRP9,0.0
NLRP9P,0.0
NLRX1,0.0
NMB,0.0
NMBR,0.0
NMD3,2.5341587014317803
NMD3P1,0.0
NMD3P2,0.0
NME1,1.7206743438370773
NME1-NME2,0.7603920768618123
NME1P1,0.0
NME2,0.0
NME2P1,0.0
NME3,1.8451858371752416
NME4,0.0
NME5,0.0
NME6,0.0
NME7,1.4213491305518202
NME8,0.0
NME9,0.0
NMI,1.1364750726028654
NMNAT1,0.0
NMNAT1P1,0.0
NMNAT1P2,0.0
NMNAT1P3,0.0
NMNAT1P4,0.0
NMNAT1P5,0.0
NMNAT2,1.6258250518828512
NMNAT3,0.0
NMRAL1,0.0
NMRK1,0.0
NMRK2,0.0
NMS,0.0
NMT1,1.7140700431083098
NMT2,0.0
NMU,0.0
NMUR1,0.0
NMUR2,0.0
NNAT,0.0
NNMT,0.0
NNT,2.0369648353432246
NNT-AS1,1.7583205369987196
NOA1,1.514954562424701
NOB1,0.0
NOBOX,0.0
NOC2L,0.0
NOC3L,1.5042992690810633
NOC4L,0.0
NOD1,0.0
NOD2,0.0
NODAL,0.0
NOG,1.6175933905056985
NOL10,0.0
NOL11,0.0
NOL12,0.0
NOL3,0.0
NOL4,0.5288907918624668
NOL5BP,0.0
NOL5BP,0.0
NOL5BP,0.0
NOL5BP,0.0
NOL5BP,0.0
NOL5BP,0.0
NOL5BP,0.0
NOL6,0.0
NOL7,1.4821708087520635
NOL8,2.020849432240322
NOL9,1.470668879757139
NOLC1,0.0
NOM1,0.0
NOMO1,0.6204550963106681
NOMO2,1.3349544931480026
NOMO3,1.9685710603681643
NONO,0.253644744093139
NONOP2,0.0
NOP10,0.0
NOP14,1.0219824427879696
NOP14-AS1,0.0
NOP16,0.0
NOP2,0.0
NOP56,1.2843206418841475
NOP58,0.6960356275201428
NOP9,2.2323834762232053
NOS1,0.0
NOS1AP,0.0
NOS2,0.0
NOS2P1,0.0
NOS2P2,0.0
NOS2P3,0.0
NOS3,0.0
NOSIP,2.391145550989741
NOSTRIN,0.0
NOTCH1,1.686600231622561
NOTCH2,1.591918701844707
NOTCH2NL,0.0
NOTCH2NL,0.253644744093139
NOTCH2NL,0.0
NOTCH2P1,0.0
NOTCH3,0.0
NOTCH4,0.0
NOTCH4,0.0
NOTCH4,0.0
NOTCH4,0.0
NOTCH4,0.0
NOTCH4,0.0
NOTCH4,0.0
NOTO,0.0
NOTUM,0.0
NOV,0.0
NOVA1,2.462021748829196
NOVA1-AS1,0.0
NOVA2,0.0
NOX1,0.0
NOX3,0.0
NOX4,0.0
NOX5,0.0
NOXA1,0.0
NOXO1,0.0
NOXRED1,0.0
NPAP1,0.0
NPAP1P2,0.0
NPAP1P3,0.0
NPAP1P4,0.0
NPAP1P6,0.0
NPAS1,0.0
NPAS2,0.0
NPAS3,1.7461308297538636
NPAS4,0.253644744093139
NPAT,0.0
NPB,0.0
NPBWR1,0.0
NPBWR2,0.0
NPC1,1.89179836789066
NPC1L1,0.0
NPC2,0.253644744093139
NPCDR1,0.0
NPDC1,0.0
NPEPL1,0.0
NPEPPS,1.76428944396994
NPFF,0.0
NPFFR1,0.0
NPFFR2,0.0
NPHP1,0.9105921305334987
NPHP3,0.0
NPHP3-AS1,0.0
NPHP4,0.0
NPHS1,0.0
NPHS2,0.0
NPIPA1,0.0
NPIPA2,0.0
NPIPA3,0.0
NPIPA5,0.0
NPIPA7,0.0
NPIPA8,0.0
NPIPB11,0.0
NPIPB15,0.0
NPIPB1P,0.0
NPIPB3,0.8164310788769841
NPIPB4,1.564630272110482
NPIPB5,1.7873770459247007
NPIPB6,0.253644744093139
NPIPB7,0.0
NPIPB8,0.0
NPIPB9,0.0
NPIPP1,0.0
NPL,0.0
NPLOC4,0.0
NPM1,2.2443230149111075
NPM1P10,0.0
NPM1P11,0.0
NPM1P12,0.0
NPM1P13,0.0
NPM1P14,0.0
NPM1P17,0.0
NPM1P18,0.0
NPM1P19,0.0
NPM1P2,0.0
NPM1P21,0.0
NPM1P22,0.0
NPM1P23,0.0
NPM1P24,0.0
NPM1P25,0.0
NPM1P26,0.253644744093139
NPM1P27,0.8164310788769841
NPM1P28,0.0
NPM1P29,0.0
NPM1P30,1.2469559880685197
NPM1P31,0.0
NPM1P32,0.0
NPM1P33,0.0
NPM1P34,0.0
NPM1P35,0.253644744093139
NPM1P36,0.0
NPM1P37,0.0
NPM1P38,0.0
NPM1P39,0.0
NPM1P4,0.0
NPM1P40,0.0
NPM1P41,0.0
NPM1P42,0.0
NPM1P43,0.0
NPM1P45,0.0
NPM1P46,0.0
NPM1P47,0.0
NPM1P48,0.0
NPM1P49,0.0
NPM1P5,0.0
NPM1P50,0.0
NPM1P51,0.0
NPM1P52,0.0
NPM1P6,0.0
NPM1P8,0.0
NPM1P9,0.0
NPM2,0.0
NPM3,0.0
NPNT,2.117588261664702
NPPA,0.0
NPPA-AS1,0.0
NPPB,0.0
NPPC,0.0
NPR1,0.0
NPR2,0.0
NPR3,0.9879310210915638
NPRL2,1.7984763234491472
NPRL3,0.0
NPS,0.0
NPSR1,0.0
NPSR1-AS1,0.0
NPTN,0.9509808635159877
NPTX1,0.0
NPTX2,0.0
NPTXR,0.0
NPVF,0.0
NPW,0.0
NPY,0.0
NPY1R,1.514954562424701
NPY2R,0.0
NPY4R,0.0
NPY4R,0.0
NPY5R,0.0
NPY6R,0.0
NQO1,1.0219824427879696
NQO2,0.0
NR0B1,0.0
NR0B2,0.0
NR1D1,1.1105557679530071
NR1D2,1.9378825323901545
NR1H2,1.2843206418841475
NR1H3,0.0
NR1H4,0.0
NR1H5P,0.0
NR1I2,0.0
NR1I3,0.0
NR2C1,1.8691171639943336
NR2C2,0.0
NR2C2AP,0.0
NR2E1,0.0
NR2E3,0.0
NR2F1,2.0555457066445686
NR2F1-AS1,2.316492845753712
NR2F2,1.7140700431083098
NR2F2-AS1,1.0829908296976
NR2F6,0.0
NR3C1,2.7502247494161534
NR3C2,0.7603920768618123
NR4A1,1.693632285926403
NR4A2,0.0
NR4A3,0.9509808635159877
NR5A1,0.0
NR5A2,0.0
NR6A1,2.385510052189798
NRADDP,0.0
NRAP,0.0
NRARP,0.0
NRAS,0.0
NRBF2,0.0
NRBF2P1,0.0
NRBF2P2,0.0
NRBF2P3,0.0
NRBF2P4,0.0
NRBF2P5,0.0
NRBP1,2.0932684256984704
NRBP2,0.0
NRBP2,0.0
NRCAM,3.045627779954356
NRD1,0.5288907918624668
NRDE2,0.7603920768618123
NREP,0.0
NREP-AS1,0.0
NRF1,0.0
NRG1,0.0
NRG1-IT1,0.0
NRG1-IT2,0.0
NRG1-IT3,0.0
NRG2,0.0
NRG3,2.1330763966762865
NRG3-AS1,0.0
NRG4,0.0
NRGN,0.0
NRIP1,1.6092026860167012
NRIP2,0.0
NRIP3,1.664793942489872
NRK,0.0
NRL,0.253644744093139
NRM,0.0
NRM,0.0
NRM,0.0
NRM,0.0
NRM,0.0
NRM,0.0
NRM,0.0
NRN1,0.0
NRN1L,0.0
NRON,0.0
NRP1,0.5288907918624668
NRP2,0.6960356275201428
NRROS,0.0
NRSN1,1.3187237340792874
NRSN2,0.0
NRTN,0.0
NRXN1,3.001942005252599
NRXN2,1.0219824427879696
NRXN3,2.0041129115992096
NSA2,1.2469559880685197
NSD1,2.422202893790851
NSDHL,0.0
NSDHL,0.0
NSF,0.0
NSFL1C,0.0
NSFP1,0.0
NSG1,0.0
NSG2,1.514954562424701
NSL1,0.0
NSMAF,1.8301673481627088
NSMCE1,0.0
NSMCE2,0.0
NSMCE4A,0.0
NSMF,0.5288907918624668
NSRP1,2.1123003250777685
NSRP1P1,0.0
NSUN2,0.0
NSUN3,0.0
NSUN4,1.686600231622561
NSUN5,0.0
NSUN5,0.0
NSUN5P1,0.0
NSUN5P1,0.0
NSUN5P2,0.0
NSUN5P2,0.4127178969233909
NSUN6,0.4127178969233909
NSUN7,0.0
NT5C,0.0
NT5C1A,0.0
NT5C1B,0.0
NT5C1B-RDH14,0.0
NT5C2,1.664793942489872
NT5C3A,0.0
NT5C3AP1,0.0
NT5C3B,0.0
NT5C3B,0.0
NT5CP1,0.0
NT5CP2,0.0
NT5DC1,1.0535570409588524
NT5DC2,1.85007876288628
NT5DC3,0.253644744093139
NT5DC4,0.0
NT5E,1.3944163697813394
NT5M,0.0
NTAN1,2.85858465782196
NTAN1P2,0.0
NTAN1P3,0.0
NTF3,0.0
NTF4,0.0
NTF6A,0.0
NTF6B,0.0
NTF6G,0.0
NTHL1,0.0
NTM,2.7634910885632924
NTM-IT,0.0
NTMT1,2.250171908628923
NTN1,0.0
NTN3,0.0
NTN4,0.0
NTN5,0.0
NTNG1,0.0
NTNG2,0.253644744093139
NTPCR,2.613967110284746
NTRK1,0.0
NTRK2,3.509254471177861
NTRK3,1.4467087411059607
NTRK3-AS1,0.0
NTS,0.0
NTSR1,0.0
NTSR2,0.4127178969233909
NUAK1,0.0
NUAK2,0.0
NUB1,0.0
NUBP1,0.0
NUBP2,0.8164310788769841
NUBPL,2.1356048908760363
NUCB1,1.7461308297538636
NUCB1-AS1,0.0
NUCB2,0.0
NUCKS1,1.878332270313977
NUDC,0.6204550963106681
NUDCD1,0.253644744093139
NUDCD2,2.3097922043345585
NUDCD3,2.443810208500159
NUDT1,0.0
NUDT10,0.0
NUDT10,0.0
NUDT11,0.0
NUDT11,0.0
NUDT12,0.0
NUDT13,0.0
NUDT14,0.0
NUDT15,1.2060714458283772
NUDT16,0.0
NUDT16L1,0.0
NUDT16P,0.253644744093139
NUDT17,0.0
NUDT17,0.0
NUDT18,0.0
NUDT19,2.3375823467705725
NUDT19P3,0.0
NUDT19P4,0.0
NUDT19P5,0.0
NUDT2,0.0
NUDT21,2.174178371429241
NUDT22,0.0
NUDT3,2.908555489498837
NUDT4,0.0
NUDT4P1,0.0
NUDT5,2.0555457066445686
NUDT6,0.9509808635159877
NUDT7,1.77598664737081
NUDT8,0.0
NUDT9,0.0
NUF2,0.0
NUFIP1,0.0
NUFIP1P,0.0
NUFIP2,1.5830117235334478
NUGGC,0.0
NUMA1,1.9048594511354124
NUMB,1.6496233519400156
NUMBL,0.0
NUP107,0.0
NUP133,1.5454363124656982
NUP153,0.0
NUP155,0.0
NUP160,1.1364750726028654
NUP188,0.0
NUP205,0.6960356275201428
NUP210,2.24235574718818
NUP210L,0.0
NUP210P1,0.0
NUP210P2,0.0
NUP210P2,0.0
NUP210P3,0.0
NUP214,0.0
NUP35,0.0
NUP37,0.0
NUP43,0.9509808635159877
NUP50,1.85007876288628
NUP54,2.222176829675323
NUP62,0.0
NUP62CL,0.0
NUP85,0.8164310788769841
NUP88,1.9610998250314529
NUP93,0.0
NUP98,0.5288907918624668
NUPL1,1.896195851746716
NUPL1P1,0.0
NUPL2,1.9685710603681643
NUPR1,0.5288907918624668
NUPR1L,0.0
NUS1,0.0
NUS1P1,0.0
NUS1P2,0.0
NUS1P3,0.0
NUS1P4,0.0
NUSAP1,0.0
NUTF2,0.0
NUTF2P2,0.0
NUTM1,0.0
NUTM2A,0.0
NUTM2A-AS1,1.2060714458283772
NUTM2B,0.0
NUTM2D,0.0
NUTM2E,0.0
NUTM2F,0.0
NUTM2G,0.0
NUTM2HP,0.0
NVL,0.5288907918624668
NWD1,0.253644744093139
NXF1,2.014232018514904
NXF2,0.0
NXF2,0.0
NXF2,0.0
NXF2B,0.0
NXF3,0.0
NXF4,0.0
NXF5,0.0
NXN,2.259748353078942
NXNL1,0.0
NXNL2,0.0
NXPE1,0.0
NXPE2,0.253644744093139
NXPE2P1,0.0
NXPE3,0.0
NXPE4,0.0
NXPH1,0.0
NXPH2,0.0
NXPH3,0.0
NXPH4,0.0
NXT1,0.0
NXT1P1,0.0
NXT2,0.0
NYAP1,1.2469559880685197
NYAP2,0.0
NYNRIN,0.0
NYX,0.0
OACYLP,0.0
OAF,1.5042992690810633
OARD1,0.0
OAS1,0.0
OAS2,0.0
OAS3,0.0
OASL,0.0
OAT,2.9369492297242283
OAZ1,2.4749076639710603
OAZ2,0.0
OAZ3,0.0
OBFC1,0.0
OBP2A,0.0
OBP2B,0.0
OBP2B,0.0
OBSCN,0.0
OBSL1,1.7140700431083098
OC90,0.0
OC90,0.0
OCA2,0.0
OCEL1,0.0
OCIAD1,2.5249994793514587
OCIAD1-AS1,0.0
OCIAD2,0.0
OCLM,0.4127178969233909
OCLN,0.0
OCLN,0.0
OCM,0.0
OCM2,0.0
OCRL,0.0
OCSTAMP,0.0
ODAM,0.0
ODC1,0.0
ODCP,0.0
ODF1,0.0
ODF2,1.365702298095103
ODF2L,1.4467087411059607
ODF3,0.0
ODF3B,0.0
ODF3L1,0.0
ODF3L2,0.0
ODF4,0.0
OFCC1,0.0
OFD1,1.7461308297538636
OFD1P10Y,0.0
OFD1P11Y,0.0
OFD1P12Y,0.0
OFD1P13Y,0.0
OFD1P15Y,0.0
OFD1P17,0.0
OFD1P18Y,0.0
OFD1P1Y,0.0
OFD1P2Y,0.0
OFD1P3Y,0.0
OFD1P4Y,0.0
OFD1P5Y,0.0
OFD1P6Y,0.0
OFD1P7Y,0.0
OFD1P8Y,0.0
OFD1P9Y,0.0
OGDH,0.253644744093139
OGDHL,0.0
OGFOD1,0.0
OGFOD1P1,0.0
OGFOD2,0.0
OGFOD3,0.0
OGFR,0.0
OGFR-AS1,0.0
OGFRL1,0.253644744093139
OGG1,0.0
OGN,0.0
OGT,2.9830149017852614
OIP5,0.0
OIP5-AS1,1.5042992690810633
OIT3,0.0
OLA1,1.514954562424701
OLA1P1,0.0
OLA1P1,0.0
OLA1P1,0.0
OLA1P2,0.0
OLA1P3,0.0
OLAH,0.4127178969233909
OLFM1,2.326353864510643
OLFM2,1.0219824427879696
OLFM3,1.7522684493138374
OLFM4,0.0
OLFML1,0.0
OLFML2A,0.0
OLFML2B,0.0
OLFML3,0.0
OLIG1,0.0
OLIG2,0.0
OLIG3,0.0
OLR1,0.0
OMA1,1.380296600302216
OMD,0.6204550963106681
OMG,3.005698426896014
OMP,0.0
OMP,0.0
ONECUT1,0.0
ONECUT2,0.0
ONECUT3,0.0
OOEP,0.0
OOEP-AS1,0.0
OOSP1,0.0
OPA1,0.9879310210915638
OPA1-AS1,0.0
OPA3,0.0
OPALIN,0.0
OPCML,2.2837017157830157
OPCML-IT1,0.0
OPCML-IT2,0.0
OPHN1,2.0305902524630275
OPLAH,0.0
OPLAH,0.0
OPN1LW,0.0
OPN1LW,0.0
OPN1MW,0.0
OPN1MW,0.0
OPN1MW,0.0
OPN1MW2,0.0
OPN1MW2,0.0
OPN1SW,0.0
OPN3,0.6960356275201428
OPN4,0.0
OPN5,0.0
OPRD1,0.0
OPRK1,2.6719317578994013
OPRL1,0.0
OPRM1,0.0
OPTC,0.0
OPTN,0.0
OR10A2,0.0
OR10A3,0.0
OR10A4,0.0
OR10A5,0.0
OR10A6,0.0
OR10A7,0.0
OR10AA1P,0.0
OR10AB1P,0.0
OR10AC1P,0.0
OR10AD1,0.0
OR10AE1P,0.0
OR10AE3P,0.0
OR10AF1P,0.0
OR10AG1,0.0
OR10AH1P,0.0
OR10AK1P,0.0
OR10B1P,0.0
OR10C1,0.0
OR10C1,0.0
OR10C1,0.0
OR10C1,0.0
OR10C1,0.0
OR10C1,0.0
OR10C1,0.0
OR10C1,0.0
OR10D1P,0.0
OR10D3,0.0
OR10D4P,0.0
OR10D5P,0.0
OR10G1P,0.0
OR10G2,0.253644744093139
OR10G3,0.0
OR10G4,0.0
OR10G5P,0.0
OR10G6,0.0
OR10G7,0.0
OR10G8,0.0
OR10G9,0.0
OR10H1,0.253644744093139
OR10H2,0.0
OR10H3,0.0
OR10H4,0.0
OR10H5,0.0
OR10J1,0.0
OR10J2P,0.0
OR10J3,0.0
OR10J4,0.0
OR10J5,0.0
OR10J6P,0.0
OR10J7P,0.0
OR10J8P,0.0
OR10J9P,0.0
OR10K1,0.0
OR10K2,0.0
OR10N1P,0.0
OR10P1,0.0
OR10Q1,0.0
OR10Q2P,0.0
OR10R1P,0.0
OR10R2,0.0
OR10R3P,0.0
OR10S1,0.0
OR10T1P,0.0
OR10T2,0.0
OR10U1P,0.0
OR10V1,0.0
OR10V2P,0.0
OR10V3P,0.0
OR10W1,0.0
OR10X1,0.0
OR10Y1P,0.0
OR10Z1,0.0
OR11A1,0.0
OR11A1,0.0
OR11A1,0.0
OR11A1,0.0
OR11A1,0.0
OR11A1,0.0
OR11A1,0.0
OR11A1,0.0
OR11G1P,0.0
OR11G2,0.0
OR11H1,0.0
OR11H12,0.0
OR11H13P,0.0
OR11H2,0.0
OR11H3P,0.0
OR11H4,0.0
OR11H5P,0.0
OR11H6,0.0
OR11H7,0.0
OR11I1P,0.0
OR11J1P,0.0
OR11J2P,0.0
OR11J5P,0.0
OR11K1P,0.0
OR11K2P,0.0
OR11L1,0.0
OR11M1P,0.0
OR11N1P,0.0
OR11Q1P,0.0
OR12D1,0.0
OR12D1,0.0
OR12D1,0.0
OR12D1,0.0
OR12D1,0.0
OR12D1,0.0
OR12D1,0.0
OR12D2,0.0
OR12D2,0.0
OR12D2,0.0
OR12D2,0.0
OR12D2,0.0
OR12D2,0.0
OR12D3,0.0
OR12D3,0.0
OR12D3,0.0
OR12D3,0.0
OR12D3,0.0
OR12D3,0.0
OR12D3,0.0
OR13A1,0.0
OR13A1,0.0
OR13C1P,0.0
OR13C2,0.0
OR13C3,0.0
OR13C4,0.0
OR13C5,0.0
OR13C6P,0.0
OR13C7P,0.0
OR13C8,0.0
OR13C9,0.0
OR13D1,0.0
OR13D2P,0.0
OR13D3P,0.0
OR13E1P,0.0
OR13F1,0.0
OR13G1,0.0
OR13H1,0.0
OR13I1P,0.0
OR13J1,0.0
OR13K1P,0.0
OR13Z1P,0.0
OR13Z1P,0.0
OR13Z2P,0.0
OR13Z2P,0.0
OR13Z3P,0.0
OR13Z3P,0.0
OR14A16,0.0
OR14A2,0.0
OR14C36,0.0
OR14I1,0.0
OR14J1,0.0
OR14J1,0.0
OR14J1,0.0
OR14J1,0.0
OR14J1,0.0
OR14J1,0.0
OR14J1,0.0
OR14K1,0.0
OR14L1P,0.0
OR1A1,0.0
OR1A2,0.0
OR1AA1P,0.0
OR1AB1P,0.0
OR1AC1P,0.0
OR1B1,0.0
OR1C1,0.0
OR1D2,0.0
OR1D3P,0.0
OR1D4,0.0
OR1D5,0.0
OR1E1,0.0
OR1E2,0.0
OR1E3,0.0
OR1F1,0.0
OR1F12,0.0
OR1F2P,0.0
OR1G1,0.0
OR1H1P,0.0
OR1I1,0.0
OR1J1,0.0
OR1J2,0.0
OR1J4,0.0
OR1K1,0.0
OR1L1,0.0
OR1L3,0.0
OR1L4,0.0
OR1L6,0.0
OR1L8,0.0
OR1M1,0.0
OR1M4P,0.0
OR1N1,0.0
OR1N2,0.0
OR1P1,0.0
OR1Q1,0.0
OR1R1P,0.0
OR1S1,0.0
OR1S2,0.0
OR1X1P,0.0
OR1X5P,0.0
OR2A1,0.0
OR2A1-AS1,0.0
OR2A12,0.0
OR2A13P,0.0
OR2A14,0.0
OR2A15P,0.0
OR2A2,0.0
OR2A20P,0.0
OR2A25,0.0
OR2A3P,0.0
OR2A4,0.0
OR2A41P,0.0
OR2A42,0.0
OR2A5,0.0
OR2A7,0.0
OR2A9P,0.0
OR2AD1P,0.0
OR2AD1P,0.0
OR2AD1P,0.0
OR2AD1P,0.0
OR2AD1P,0.0
OR2AD1P,0.0
OR2AD1P,0.0
OR2AD1P,0.0
OR2AE1,0.0
OR2AF1P,0.0
OR2AG1,0.0
OR2AG2,0.0
OR2AH1P,0.0
OR2AI1P,0.0
OR2AJ1,0.0
OR2AK2,0.0
OR2AL1P,0.0
OR2AM1P,0.0
OR2AO1P,0.0
OR2AP1,0.0
OR2AQ1P,0.0
OR2AS1P,0.0
OR2AS2P,0.0
OR2AT1P,0.0
OR2AT2P,0.0
OR2AT4,0.0
OR2B11,0.0
OR2B2,0.0
OR2B3,0.0
OR2B3,0.0
OR2B3,0.0
OR2B3,0.0
OR2B3,0.0
OR2B3,0.0
OR2B3,0.0
OR2B3,0.0
OR2B4P,0.0
OR2B4P,0.0
OR2B4P,0.0
OR2B4P,0.0
OR2B4P,0.0
OR2B4P,0.0
OR2B4P,0.0
OR2B6,0.0
OR2B7P,0.0
OR2B8P,0.0
OR2BH1P,0.0
OR2C1,0.0
OR2C3,0.0
OR2D2,0.0
OR2D3,0.0
OR2E1P,0.0
OR2F1,0.0
OR2F2,0.0
OR2G1P,0.0
OR2G1P,0.0
OR2G1P,0.0
OR2G1P,0.0
OR2G1P,0.0
OR2G1P,0.0
OR2G2,0.0
OR2G3,0.0
OR2G6,0.0
OR2H1,0.0
OR2H1,0.0
OR2H1,0.0
OR2H1,0.0
OR2H1,0.0
OR2H1,0.0
OR2H1,0.0
OR2H1,0.0
OR2H2,0.0
OR2H2,0.0
OR2H2,0.0
OR2H2,0.0
OR2H2,0.0
OR2H2,0.0
OR2H2,0.0
OR2H4P,0.0
OR2H4P,0.0
OR2H4P,0.0
OR2H4P,0.0
OR2H4P,0.0
OR2H4P,0.0
OR2H4P,0.0
OR2H5P,0.0
OR2H5P,0.0
OR2H5P,0.0
OR2H5P,0.0
OR2H5P,0.0
OR2H5P,0.0
OR2H5P,0.0
OR2I1P,0.0
OR2I1P,0.0
OR2I1P,0.0
OR2I1P,0.0
OR2I1P,0.0
OR2I1P,0.0
OR2I1P,0.0
OR2J1,0.0
OR2J1,0.0
OR2J1,0.0
OR2J1,0.0
OR2J1,0.0
OR2J1,0.0
OR2J1,0.0
OR2J1,0.0
OR2J2,0.0
OR2J2,0.0
OR2J2,0.0
OR2J2,0.0
OR2J2,0.0
OR2J2,0.0
OR2J2,0.0
OR2J2,0.0
OR2J3,0.0
OR2J3,0.0
OR2J3,0.0
OR2J3,0.0
OR2J3,0.0
OR2J3,0.0
OR2J3,0.0
OR2J3,0.0
OR2J4P,0.0
OR2J4P,0.0
OR2J4P,0.0
OR2J4P,0.0
OR2J4P,0.0
OR2J4P,0.0
OR2J4P,0.0
OR2K2,0.0
OR2L13,0.0
OR2L1P,0.0
OR2L2,1.76428944396994
OR2L3,0.0
OR2L5,0.0
OR2L6P,0.0
OR2L8,0.0
OR2L9P,0.0
OR2M1P,0.0
OR2M2,0.0
OR2M3,0.0
OR2M4,0.0
OR2M5,0.0
OR2M7,0.0
OR2N1P,0.0
OR2N1P,0.0
OR2N1P,0.0
OR2N1P,0.0
OR2N1P,0.0
OR2N1P,0.0
OR2N1P,0.0
OR2N1P,0.0
OR2P1P,0.0
OR2P1P,0.0
OR2P1P,0.0
OR2P1P,0.0
OR2P1P,0.0
OR2P1P,0.0
OR2P1P,0.0
OR2Q1P,0.0
OR2R1P,0.0
OR2S1P,0.0
OR2S2,0.0
OR2T1,0.0
OR2T10,0.0
OR2T11,0.0
OR2T12,0.0
OR2T2,0.0
OR2T27,0.0
OR2T29,0.0
OR2T3,0.0
OR2T32P,0.0
OR2T33,0.0
OR2T34,0.0
OR2T35,0.0
OR2T4,0.0
OR2T5,0.0
OR2T6,0.0
OR2T7,0.0
OR2T8,0.0
OR2U1P,0.0
OR2U1P,0.0
OR2U1P,0.0
OR2U1P,0.0
OR2U1P,0.0
OR2U2P,0.0
OR2U2P,0.0
OR2U2P,0.0
OR2U2P,0.0
OR2U2P,0.0
OR2U2P,0.0
OR2V1,0.0
OR2V2,0.0
OR2W1,0.0
OR2W1,0.0
OR2W1,0.0
OR2W1,0.0
OR2W1,0.0
OR2W1,0.0
OR2W1,0.0
OR2W1,0.0
OR2W2P,0.0
OR2W3,0.0
OR2W4P,0.0
OR2W5,0.0
OR2W6P,0.0
OR2X1P,0.0
OR2Y1,0.0
OR2Z1,0.0
OR2Z1,0.0
OR3A1,0.0
OR3A2,0.0
OR3A3,0.0
OR3A4P,0.0
OR3A5P,0.0
OR3B1P,0.0
OR3B1P,0.0
OR3D1P,0.0
OR4A10P,0.0
OR4A11P,0.0
OR4A12P,0.0
OR4A13P,0.0
OR4A14P,0.0
OR4A15,0.0
OR4A16,0.0
OR4A17P,0.0
OR4A18P,0.0
OR4A18P,0.0
OR4A19P,0.0
OR4A19P,0.0
OR4A1P,0.0
OR4A1P,0.0
OR4A21P,0.0
OR4A2P,0.0
OR4A3P,0.0
OR4A40P,0.0
OR4A41P,0.0
OR4A42P,0.0
OR4A43P,0.0
OR4A44P,0.0
OR4A45P,0.0
OR4A46P,0.0
OR4A47,0.0
OR4A48P,0.0
OR4A49P,0.0
OR4A49P,0.0
OR4A4P,0.0
OR4A5,0.0
OR4A50P,0.0
OR4A6P,0.0
OR4A7P,0.0
OR4A8P,0.0
OR4A9P,0.0
OR4B1,0.0
OR4B2P,0.0
OR4C10P,0.0
OR4C11,0.0
OR4C12,0.0
OR4C12,0.0
OR4C13,0.0
OR4C13,0.0
OR4C14P,0.0
OR4C15,0.0
OR4C16,0.0
OR4C1P,0.0
OR4C2P,0.0
OR4C3,0.0
OR4C45,0.0
OR4C46,0.0
OR4C48P,0.0
OR4C49P,0.0
OR4C4P,0.0
OR4C5,0.0
OR4C50P,0.0
OR4C6,0.0
OR4C7P,0.0
OR4C9P,0.0
OR4D1,0.0
OR4D10,0.0
OR4D11,0.0
OR4D12P,0.0
OR4D2,0.0
OR4D5,0.0
OR4D6,0.0
OR4D7P,0.0
OR4D8P,0.0
OR4D9,0.0
OR4E1,0.0
OR4E2,0.0
OR4F13P,0.0
OR4F14P,0.0
OR4F15,0.0
OR4F16,0.0
OR4F17,0.0
OR4F1P,0.0
OR4F21,0.0
OR4F28P,0.0
OR4F29,0.0
OR4F2P,0.0
OR4F3,0.0
OR4F4,0.0
OR4F5,0.0
OR4F6,0.0
OR4F7P,0.0
OR4F8P,0.0
OR4G11P,0.0
OR4G1P,0.0
OR4G2P,0.0
OR4G3P,0.0
OR4G4P,0.0
OR4H12P,0.0
OR4H6P,0.0
OR4K1,0.0
OR4K11P,0.0
OR4K12P,0.0
OR4K13,0.0
OR4K14,0.0
OR4K15,0.0
OR4K16P,0.0
OR4K17,0.0
OR4K2,0.0
OR4K3,0.0
OR4K4P,0.0
OR4K5,0.0
OR4K6P,0.0
OR4K7P,0.0
OR4K8P,0.0
OR4L1,0.0
OR4M1,0.0
OR4M2,0.0
OR4N1P,0.0
OR4N2,0.0
OR4N3P,0.0
OR4N4,0.0
OR4N5,0.0
OR4P1P,0.0
OR4P4,0.0
OR4Q1P,0.0
OR4Q2,0.0
OR4Q3,0.0
OR4R1P,0.0
OR4R2P,0.0
OR4R3P,0.0
OR4R3P,0.0
OR4S1,0.0
OR4S2,0.0
OR4T1P,0.0
OR4U1P,0.0
OR4V1P,0.0
OR4X1,0.0
OR4X2,0.0
OR4X7P,0.0
OR51A10P,0.0
OR51A1P,0.0
OR51A2,0.0
OR51A3P,0.0
OR51A4,0.0
OR51A5P,0.0
OR51A6P,0.0
OR51A7,0.0
OR51A8P,0.0
OR51A9P,0.0
OR51AB1P,0.0
OR51B2,0.0
OR51B3P,0.0
OR51B4,0.0
OR51B5,0.0
OR51B6,0.0
OR51B8P,0.0
OR51C1P,0.0
OR51C4P,0.0
OR51D1,0.0
OR51E1,0.0
OR51E2,0.0
OR51F1,0.0
OR51F2,0.0
OR51F3P,0.0
OR51F4P,0.0
OR51F5P,0.0
OR51G1,0.0
OR51G2,0.0
OR51H1P,0.0
OR51H2P,0.0
OR51I1,0.0
OR51I2,0.0
OR51J1,0.0
OR51K1P,0.0
OR51L1,0.0
OR51M1,0.0
OR51N1P,0.0
OR51P1P,0.0
OR51Q1,0.0
OR51R1P,0.0
OR51S1,0.0
OR51T1,0.0
OR51V1,0.0
OR52A1,0.0
OR52A4,0.0
OR52A5,0.0
OR52B1P,0.0
OR52B2,0.0
OR52B3P,0.0
OR52B4,0.0
OR52B5P,0.0
OR52B6,0.0
OR52D1,0.0
OR52E1,0.0
OR52E1,0.0
OR52E2,0.0
OR52E3P,0.0
OR52E4,0.0
OR52E6,0.0
OR52E7P,0.0
OR52E8,0.0
OR52H1,0.0
OR52H2P,0.0
OR52I1,0.0
OR52I2,0.0
OR52J1P,0.0
OR52J2P,0.0
OR52J3,0.0
OR52K1,0.0
OR52K2,0.0
OR52K3P,0.0
OR52L1,0.0
OR52L2P,0.0
OR52M1,0.0
OR52M2P,0.0
OR52N1,0.0
OR52N2,0.0
OR52N3P,0.0
OR52N4,0.0
OR52N5,0.0
OR52P1P,0.0
OR52P2P,0.0
OR52R1,0.0
OR52S1P,0.0
OR52T1P,0.0
OR52U1P,0.0
OR52V1P,0.0
OR52W1,0.0
OR52X1P,0.0
OR52Y1P,0.0
OR52Z1,0.0
OR55B1P,0.0
OR56A1,0.0
OR56A3,0.0
OR56A4,0.0
OR56A7P,0.0
OR56B1,0.0
OR56B2P,0.0
OR56B3P,0.0
OR56B4,0.0
OR5A1,0.0
OR5A2,0.0
OR5AC1,0.0
OR5AC2,0.0
OR5AC4P,0.0
OR5AH1P,0.0
OR5AK1P,0.0
OR5AK2,0.0
OR5AK3P,0.253644744093139
OR5AK4P,0.0
OR5AL1,0.0
OR5AL1,0.0
OR5AL2P,0.0
OR5AM1P,0.0
OR5AN1,0.0
OR5AN2P,0.0
OR5AO1P,0.0
OR5AP1P,0.0
OR5AP2,0.0
OR5AQ1P,0.0
OR5AR1,0.0
OR5AS1,0.0
OR5AU1,0.0
OR5AW1P,0.0
OR5AZ1P,0.0
OR5B10P,0.0
OR5B12,0.0
OR5B15P,0.0
OR5B17,0.0
OR5B19P,0.0
OR5B1P,0.0
OR5B2,0.0
OR5B21,0.0
OR5B3,0.0
OR5BA1P,0.0
OR5BB1P,0.0
OR5BC1P,0.0
OR5BD1P,0.0
OR5BE1P,0.0
OR5BH1P,0.0
OR5BJ1P,0.0
OR5BK1P,0.0
OR5BL1P,0.0
OR5BM1P,0.0
OR5BN1P,0.0
OR5BN2P,0.0
OR5BP1P,0.866058549240148
OR5BQ1P,0.0
OR5BR1P,0.0
OR5BS1P,0.0
OR5BT1P,0.0
OR5C1,0.0
OR5D13,0.0
OR5D14,0.0
OR5D15P,0.0
OR5D16,0.0
OR5D17P,0.0
OR5D18,0.0
OR5D2P,0.0
OR5D3P,0.0
OR5E1P,0.0
OR5F1,0.0
OR5F2P,0.0
OR5G1P,0.0
OR5G1P,0.0
OR5G3,0.0
OR5G3,0.0
OR5G4P,0.0
OR5G4P,0.0
OR5G5P,0.0
OR5G5P,0.0
OR5H1,0.0
OR5H14,0.0
OR5H15,0.0
OR5H2,0.0
OR5H3P,0.0
OR5H4P,0.0
OR5H5P,0.0
OR5H6,0.0
OR5H7P,0.0
OR5H8P,0.0
OR5I1,0.0
OR5J1P,0.0
OR5J2,0.0
OR5J7P,0.0
OR5K1,0.0
OR5K2,0.0
OR5K3,0.0
OR5K4,0.0
OR5L1,0.0
OR5L2,0.0
OR5M1,0.0
OR5M10,0.0
OR5M11,0.0
OR5M12P,0.0
OR5M13P,0.0
OR5M14P,0.0
OR5M2P,0.0
OR5M3,0.0
OR5M4P,0.0
OR5M5P,0.0
OR5M6P,0.0
OR5M7P,0.0
OR5M8,0.0
OR5M9,0.0
OR5P1P,0.0
OR5P2,0.0
OR5P3,0.0
OR5P4P,0.0
OR5R1,0.0
OR5S1P,0.0
OR5T1,0.0
OR5T1,0.0
OR5T2,0.0
OR5T2,0.0
OR5T3,0.0
OR5T3,0.0
OR5V1,0.0
OR5V1,0.0
OR5V1,0.0
OR5V1,0.0
OR5V1,0.0
OR5V1,0.0
OR5V1,0.0
OR5V1,0.0
OR5W1P,0.0
OR5W2,0.0
OR6A2,0.0
OR6B1,0.0
OR6B2,0.0
OR6B3,0.0
OR6C1,0.0
OR6C2,0.0
OR6C3,0.0
OR6C4,0.0
OR6C5P,0.0
OR6C6,0.0
OR6C64P,0.0
OR6C65,0.0
OR6C66P,0.0
OR6C68,0.0
OR6C69P,0.0
OR6C70,0.0
OR6C71P,0.0
OR6C72P,0.0
OR6C73P,0.0
OR6C74,0.0
OR6C75,0.0
OR6C76,0.0
OR6C7P,0.0
OR6D1P,0.0
OR6D1P,0.0
OR6E1P,0.0
OR6F1,0.0
OR6J1,0.0
OR6K1P,0.0
OR6K2,0.0
OR6K3,0.0
OR6K4P,0.0
OR6K5P,0.0
OR6K6,0.0
OR6L1P,0.0
OR6L2P,0.0
OR6M1,0.0
OR6M2P,0.0
OR6M3P,0.0
OR6N1,0.0
OR6N2,0.0
OR6P1,0.0
OR6Q1,0.0
OR6R1P,0.0
OR6R2P,0.0
OR6S1,0.0
OR6T1,0.0
OR6U2P,0.0
OR6V1,0.0
OR6V1,0.0
OR6W1P,0.0
OR6W1P,0.0
OR6X1,0.0
OR6Y1,0.0
OR7A10,0.0
OR7A11P,0.0
OR7A15P,0.0
OR7A17,0.0
OR7A18P,0.0
OR7A19P,0.0
OR7A1P,0.0
OR7A3P,0.0
OR7A5,0.0
OR7C1,0.0
OR7C2,0.0
OR7D1P,0.0
OR7D2,0.0
OR7D4,0.0
OR7E100P,0.0
OR7E101P,0.0
OR7E102P,0.0
OR7E104P,0.0
OR7E105P,0.0
OR7E106P,0.0
OR7E108P,0.0
OR7E109P,0.0
OR7E10P,0.0
OR7E110P,0.0
OR7E111P,0.0
OR7E115P,0.0
OR7E116P,0.0
OR7E117P,0.0
OR7E11P,0.0
OR7E121P,0.0
OR7E122P,0.0
OR7E125P,0.0
OR7E126P,0.0
OR7E128P,0.0
OR7E129P,0.0
OR7E12P,0.0
OR7E130P,0.0
OR7E136P,0.0
OR7E13P,0.0
OR7E140P,0.0
OR7E148P,0.0
OR7E149P,0.0
OR7E14P,0.0
OR7E154P,0.253644744093139
OR7E155P,0.0
OR7E156P,0.0
OR7E157P,0.0
OR7E158P,0.0
OR7E159P,0.0
OR7E15P,0.0
OR7E160P,0.0
OR7E161P,0.0
OR7E162P,0.0
OR7E163P,0.0
OR7E16P,0.0
OR7E18P,0.0
OR7E19P,0.0
OR7E1P,0.0
OR7E21P,0.0
OR7E22P,0.0
OR7E23P,0.0
OR7E24,0.0
OR7E25P,0.0
OR7E26P,1.2269946489498065
OR7E28P,0.0
OR7E29P,0.0
OR7E2P,0.0
OR7E31P,0.0
OR7E33P,0.0
OR7E35P,0.0
OR7E36P,0.0
OR7E37P,0.0
OR7E38P,0.0
OR7E39P,0.0
OR7E43P,0.0
OR7E46P,0.0
OR7E47P,0.0
OR7E4P,0.0
OR7E53P,0.0
OR7E55P,0.0
OR7E59P,0.0
OR7E5P,0.0
OR7E62P,0.0
OR7E66P,0.0
OR7E7P,0.0
OR7E83P,0.0
OR7E84P,0.0
OR7E85P,0.0
OR7E86P,0.0
OR7E87P,0.0
OR7E89P,0.0
OR7E8P,0.0
OR7E90P,0.0
OR7E91P,0.0
OR7E91P,0.0
OR7E93P,0.0
OR7E94P,0.0
OR7E96P,0.0
OR7E97P,0.0
OR7E99P,0.0
OR7G1,0.0
OR7G2,0.0
OR7G3,0.0
OR7H1P,0.0
OR7H2P,0.0
OR7K1P,0.0
OR7L1P,0.0
OR7M1P,0.0
OR8A1,0.0
OR8A2P,0.0
OR8A3P,0.0
OR8B10P,0.0
OR8B12,0.0
OR8B1P,0.0
OR8B2,0.0
OR8B3,0.0
OR8B4,0.0
OR8B5P,0.0
OR8B6P,0.0
OR8B7P,0.0
OR8B8,0.0
OR8B9P,0.0
OR8C1P,0.0
OR8D1,0.0
OR8D2,0.0
OR8D4,0.0
OR8F1P,0.0
OR8G1,0.0
OR8G2P,0.0
OR8G3P,0.0
OR8G5,0.0
OR8G7P,0.0
OR8H1,0.0
OR8H1,0.0
OR8H2,0.0
OR8H3,0.0
OR8I1P,0.0
OR8I1P,0.0
OR8I2,0.0
OR8I4P,0.0
OR8J1,0.0
OR8J1,0.0
OR8J2,0.0
OR8J2,0.0
OR8J3,0.0
OR8K1,0.0
OR8K1,0.0
OR8K2P,0.0
OR8K2P,0.0
OR8K3,0.0
OR8K3,0.0
OR8K4P,0.0
OR8K5,0.0
OR8L1P,0.0
OR8L1P,0.0
OR8Q1P,0.0
OR8R1P,0.0
OR8S1,0.0
OR8S21P,0.0
OR8T1P,0.0
OR8U1,0.0
OR8U9,0.0
OR8V1P,0.0
OR8X1P,0.0
OR9A1P,0.0
OR9A1P,0.0
OR9A2,0.0
OR9A2,0.0
OR9A3P,0.0
OR9A3P,0.0
OR9A4,0.0
OR9A4,0.0
OR9G1,0.0
OR9G1,0.0
OR9G2P,0.0
OR9G2P,0.0
OR9G3P,0.0
OR9G3P,0.0
OR9G4,0.0
OR9G4,0.0
OR9G9,0.0
OR9H1P,0.0
OR9I1,0.0
OR9I2P,0.0
OR9I3P,0.0
OR9K1P,0.0
OR9K2,0.0
OR9L1P,0.0
OR9M1P,0.0
OR9N1P,0.0
OR9P1P,0.0
OR9P1P,0.0
OR9Q1,0.0
OR9Q2,0.4127178969233909
OR9R1P,0.0
OR9S24P,0.0
ORAI1,0.0
ORAI1,0.0
ORAI2,0.0
ORAI3,2.357694987451276
ORAOV1,1.7984763234491472
ORAOV1P1,0.0
ORC1,0.0
ORC2,0.0
ORC3,1.664793942489872
ORC4,1.434214011430753
ORC5,0.7603920768618123
ORC6,0.0
ORM1,0.0
ORM2,0.0
ORMDL1,2.415637681097236
ORMDL2,0.0
ORMDL3,0.0
OS9,2.3561805014815937
OSBP,0.0
OSBP2,2.301268350872496
OSBPL10,0.0
OSBPL10-AS1,0.0
OSBPL11,1.525354679322857
OSBPL1A,2.5745192676552264
OSBPL2,2.5431287395437696
OSBPL3,1.1840889676042927
OSBPL5,0.0
OSBPL6,0.0
OSBPL7,0.0
OSBPL8,1.5830117235334478
OSBPL9,1.0829908296976
OSBPL9P1,0.0
OSBPL9P2,0.0
OSBPL9P3,0.0
OSBPL9P4,0.0
OSBPL9P5,0.0
OSCAR,0.0
OSCAR,0.0
OSCAR,0.0
OSCAR,0.0
OSCAR,0.0
OSCAR,0.0
OSCAR,0.0
OSCAR,0.0
OSCAR,0.0
OSCAR,0.0
OSCP1,2.1988403652486808
OSER1,0.0
OSER1-AS1,0.0
OSGEP,2.59337490927884
OSGEPL1,1.9298591741236093
OSGEPL1-AS1,0.0
OSGIN1,0.0
OSGIN2,0.0
OSM,0.0
OSMR,1.9937523923170493
OSR1,0.0
OSR2,0.0
OST4,1.7271797157291466
OSTC,0.0
OSTCP1,0.0
OSTCP2,0.0
OSTCP4,0.0
OSTCP5,0.0
OSTCP6,0.0
OSTCP8,0.0
OSTF1,2.1672019996173213
OSTF1P1,0.0
OSTM1,0.0
OSTM1-AS1,0.0
OSTN,0.0
OSTN-AS1,0.0
OTC,0.0
OTOA,0.0
OTOF,0.0
OTOG,0.0
OTOGL,0.0
OTOL1,0.0
OTOP1,0.0
OTOP2,0.0
OTOP3,0.0
OTOR,0.0
OTOS,0.0
OTP,0.0
OTUB1,0.0
OTUB2,0.0
OTUD1,0.0
OTUD3,2.6870639789367505
OTUD4,2.839566987941179
OTUD5,0.0
OTUD5,0.0
OTUD6A,0.0
OTUD6B,0.0
OTUD7A,0.0
OTUD7B,0.0
OTUD7B,0.0
OTX1,0.0
OTX2,0.0
OTX2-AS1,0.0
OVCA2,0.0
OVCH1,0.0
OVCH1-AS1,0.0
OVCH2,0.0
OVGP1,0.0
OVOL1,0.0
OVOL2,0.0
OVOL3,0.0
OXA1L,0.0
OXCT1,1.8301673481627088
OXCT1-AS1,0.0
OXCT2,0.0
OXCT2P1,0.0
OXER1,0.0
OXGR1,0.0
OXLD1,0.0
OXNAD1,1.6572748854262789
OXR1,2.6296039092191807
OXSM,0.0
OXSR1,0.8164310788769841
OXT,0.0
OXTR,0.0
P2RX1,0.0
P2RX2,0.0
P2RX3,0.0
P2RX4,0.253644744093139
P2RX5,0.0
P2RX5-TAX1BP3,0.9105921305334987
P2RX6,0.0
P2RX6P,0.0
P2RX7,0.0
P2RY1,1.0829908296976
P2RY10,0.0
P2RY11,0.0
P2RY12,0.0
P2RY13,0.0
P2RY14,0.0
P2RY2,0.0
P2RY4,0.0
P2RY6,0.0
P2RY8,0.0
P2RY8,0.0
P4HA1,1.9216847941836637
P4HA2,0.0
P4HA2-AS1,0.0
P4HA3,0.0
P4HB,2.096038866256799
P4HTM,0.6960356275201428
PA2G4,1.6339035873850103
PA2G4P1,0.0
PA2G4P2,0.0
PA2G4P3,0.0
PA2G4P4,0.0
PAAF1,1.7005522897870602
PABPC1,0.253644744093139
PABPC1L,2.0555457066445686
PABPC1L2A,0.0
PABPC1L2A,0.0
PABPC1L2B,0.0
PABPC1L2B,0.0
PABPC1P1,0.0
PABPC1P10,0.0
PABPC1P11,0.0
PABPC1P12,0.0
PABPC1P13,0.0
PABPC1P2,0.0
PABPC1P3,0.253644744093139
PABPC1P4,0.7603920768618123
PABPC1P5,0.0
PABPC1P6,0.0
PABPC1P7,0.0
PABPC1P8,0.0
PABPC1P9,0.0
PABPC3,0.0
PABPC4,0.4127178969233909
PABPC4L,0.0
PABPC5,0.0
PABPC5-AS1,0.0
PABPN1,1.0219824427879696
PABPN1L,0.0
PACRG,1.6175933905056985
PACRGL,0.0
PACS1,0.253644744093139
PACS2,0.4127178969233909
PACSIN1,0.0
PACSIN2,0.4127178969233909
PACSIN3,0.0
PADI1,0.0
PADI2,1.380296600302216
PADI3,0.0
PADI4,0.0
PADI6,0.0
PAEP,0.0
PAF1,0.5288907918624668
PAFAH1B1,2.321451342363825
PAFAH1B2,2.447514123328141
PAFAH1B3,0.5288907918624668
PAFAH2,0.0
PAG1,2.353135592761752
PAGE1,0.0
PAGE1,0.0
PAGE2,0.0
PAGE2B,0.0
PAGE3,0.0
PAGE4,0.0
PAGE4,0.0
PAGE5,0.0
PAGR1,0.0
PAGR1,0.0
PAH,0.0
PAICS,2.97249931530558
PAICSP1,0.0
PAICSP2,0.0
PAICSP3,0.253644744093139
PAICSP4,0.253644744093139
PAICSP5,0.0
PAICSP6,0.0
PAICSP7,0.0
PAIP1,2.218026045772316
PAIP1P1,0.0
PAIP1P1,0.0
PAIP1P1,0.0
PAIP1P1,0.0
PAIP1P1,0.0
PAIP1P1,0.0
PAIP1P1,0.0
PAIP1P1,0.0
PAIP2,2.0555457066445686
PAIP2B,3.025634960226294
PAK1,0.0
PAK1IP1,0.0
PAK2,0.0
PAK3,1.2843206418841475
PAK4,0.0
PAK6,0.0
PAK7,0.0
PALB2,0.0
PALD1,0.0
PALLD,2.806432669862348
PALM,0.253644744093139
PALM2,0.0
PALM2-AKAP2,0.0
PALM3,0.0
PALMD,0.0
PAM,2.215935681683258
PAM16,0.0
PAMR1,1.1364750726028654
PAN2,1.380296600302216
PAN3,1.803921369136032
PAN3-AS1,0.0
PANK1,2.076264058037105
PANK2,0.253644744093139
PANK3,2.084849460186147
PANK4,0.0
PANX1,0.0
PANX2,0.0
PANX3,0.0
PAOX,0.0
PAPD4,2.8628575591908896
PAPD5,0.0
PAPD7,0.0
PAPL,0.0
PAPLN,1.2060714458283772
PAPOLA,0.253644744093139
PAPOLB,0.0
PAPOLG,1.5830117235334478
PAPPA,0.0
PAPPA-AS1,0.0
PAPPA-AS2,0.0
PAPPA2,0.0
PAPSS1,2.41827568760464
PAPSS2,0.253644744093139
PAQR3,1.8352314375814356
PAQR4,0.0
PAQR5,0.0
PAQR6,2.5260267621046246
PAQR7,0.0
PAQR8,1.3349544931480026
PAQR9,0.0
PARD3,1.9216847941836637
PARD3-AS1,0.0
PARD3B,0.0
PARD6A,0.0
PARD6B,2.101527285126893
PARD6G,0.0
PARG,0.0
PARGP1,0.0
PARK2,0.6204550963106681
PARK7,2.3994640132068383
PARL,1.6418345900426288
PARM1,1.2269946489498065
PARN,2.0273675268345333
PARP1,1.7873770459247007
PARP10,0.0
PARP10,0.0
PARP11,0.0
PARP12,0.0
PARP14,1.4821708087520635
PARP15,0.0
PARP16,0.0
PARP1P1,0.0
PARP2,2.440074432617396
PARP3,0.9105921305334987
PARP4,0.9509808635159877
PARP4P1,0.0
PARP4P2,0.0
PARP4P3,0.0
PARP6,0.0
PARP8,0.0
PARP9,2.4725930298358136
PARPBP,0.0
PARS2,0.0
PART1,0.0
PARVA,0.0
PARVB,0.0
PARVG,0.0
PASD1,0.0
PASK,1.878332270313977
PATE1,0.0
PATE2,0.0
PATE3,0.0
PATE4,0.0
PATL1,2.304697993857165
PATL2,0.0
PATZ1,1.3187237340792874
PAWR,0.0
PAWRP1,0.0
PAX1,0.0
PAX2,0.0
PAX3,0.0
PAX4,0.0
PAX5,0.0
PAX6,2.354660715659528
PAX7,0.0
PAX8,0.0
PAX9,0.0
PAXBP1,1.5739182395996751
PAXBP1-AS1,0.0
PAXIP1,0.0
PAXIP1-AS1,0.0
PAXIP1-AS2,1.7073637581471683
PBDC1,0.0
PBDC1,0.0
PBK,0.0
PBLD,0.0
PBOV1,0.0
PBRM1,1.8352314375814356
PBX1,1.9867054694268544
PBX2,0.0
PBX2,0.0
PBX2,0.0
PBX2,0.0
PBX2,0.0
PBX2,0.0
PBX2,0.0
PBX2P1,0.0
PBX3,0.0
PBX4,0.0
PBXIP1,1.8451858371752416
PC,0.0
PCA3,0.0
PCAT1,0.253644744093139
PCAT2,0.0
PCAT4,0.0
PCAT6,1.0219824427879696
PCAT7,0.0
PCBD1,0.7603920768618123
PCBD2,0.0
PCBP1,2.0645462909179955
PCBP1-AS1,2.0463546340021432
PCBP2,2.3666726426487714
PCBP2P1,0.0
PCBP2P3,0.0
PCBP3,0.0
PCBP4,0.4127178969233909
PCCA,1.1364750726028654
PCCA-AS1,0.0
PCCB,0.0
PCDH1,0.0
PCDH10,1.693632285926403
PCDH11X,0.0
PCDH11Y,0.0
PCDH12,0.0
PCDH15,0.0
PCDH17,1.878332270313977
PCDH18,0.0
PCDH19,1.6339035873850103
PCDH20,0.8164310788769841
PCDH7,2.073364122649164
PCDH8,0.5288907918624668
PCDH8P1,0.0
PCDH9,2.933349290034133
PCDH9-AS1,0.0
PCDH9-AS2,0.253644744093139
PCDH9-AS3,0.0
PCDH9-AS4,2.0675055056503746
PCDHA1,0.0
PCDHA1,0.0
PCDHA10,0.0
PCDHA10,0.0
PCDHA11,0.0
PCDHA11,0.0
PCDHA12,0.0
PCDHA12,0.0
PCDHA13,0.0
PCDHA13,0.0
PCDHA14,0.0
PCDHA14,0.0
PCDHA2,0.0
PCDHA2,0.0
PCDHA3,0.0
PCDHA3,0.0
PCDHA4,0.0
PCDHA4,0.0
PCDHA5,0.0
PCDHA5,0.0
PCDHA6,0.0
PCDHA6,0.0
PCDHA7,0.0
PCDHA7,0.0
PCDHA8,0.0
PCDHA8,0.0
PCDHA9,0.0
PCDHA9,0.0
PCDHAC1,0.0
PCDHAC1,0.0
PCDHAC2,0.0
PCDHAC2,0.0
PCDHB1,0.0
PCDHB1,0.0
PCDHB10,0.0
PCDHB10,0.0
PCDHB11,0.0
PCDHB11,0.0
PCDHB12,0.0
PCDHB12,0.0
PCDHB13,0.0
PCDHB13,0.0
PCDHB14,0.0
PCDHB14,0.0
PCDHB15,0.0
PCDHB15,0.0
PCDHB16,0.0
PCDHB17,0.0
PCDHB17,0.0
PCDHB18,0.0
PCDHB18,0.0
PCDHB19P,0.0
PCDHB19P,0.0
PCDHB2,0.0
PCDHB2,0.0
PCDHB3,0.0
PCDHB3,0.0
PCDHB4,0.0
PCDHB4,0.0
PCDHB5,1.3944163697813394
PCDHB5,0.0
PCDHB6,0.0
PCDHB6,0.0
PCDHB7,0.0
PCDHB7,0.0
PCDHB8,0.0
PCDHB8,0.0
PCDHB9,0.0
PCDHB9,0.0
PCDHGA1,0.0
PCDHGA10,0.0
PCDHGA11,0.0
PCDHGA12,0.0
PCDHGA2,0.0
PCDHGA3,0.0
PCDHGA4,0.0
PCDHGA5,0.0
PCDHGA6,0.0
PCDHGA7,0.0
PCDHGA8,0.0
PCDHGA9,0.0
PCDHGB1,0.0
PCDHGB2,0.0
PCDHGB3,0.253644744093139
PCDHGB4,0.0
PCDHGB6,0.253644744093139
PCDHGB7,0.0
PCDHGB8P,0.0
PCDHGC3,1.7929621417944026
PCDHGC4,0.0
PCDHGC5,0.0
PCDP1,0.253644744093139
PCED1A,0.0
PCED1B,0.0
PCED1B-AS1,0.866058549240148
PCED1CP,0.0
PCF11,0.253644744093139
PCGEM1,0.0
PCGF1,1.6175933905056985
PCGF2,0.0
PCGF3,0.0
PCGF5,2.388336942456518
PCGF6,0.866058549240148
PCGF7P,0.0
PCGF7P,0.0
PCID2,1.945760348159504
PCIF1,0.0
PCK1,0.0
PCK2,0.0
PCLO,0.0
PCM1,2.5060803356264465
PCMT1,1.6794524383704983
PCMTD1,1.6175933905056985
PCMTD1P1,0.0
PCMTD1P2,0.0
PCMTD1P3,0.0
PCMTD2,1.5830117235334478
PCNA,0.0
PCNAP1,0.0
PCNAP3,0.0
PCNAP4,0.0
PCNP,0.5288907918624668
PCNPP1,0.0
PCNPP2,0.0
PCNPP3,0.0
PCNPP4,0.0
PCNPP5,0.0
PCNT,2.12797481183765
PCNX,2.750836638195292
PCNXL2,2.560531437388012
PCNXL3,0.0
PCNXL4,0.0
PCOLCE,0.0
PCOLCE-AS1,0.0
PCOLCE2,0.0
PCP2,0.0
PCP4,1.5551393200304595
PCP4L1,0.0
PCSK1,0.0
PCSK1N,0.0
PCSK1N,0.0
PCSK2,1.7817191880906658
PCSK4,0.0
PCSK5,1.864435233988068
PCSK6,0.8164310788769841
PCSK7,2.014232018514904
PCSK9,0.0
PCTP,0.0
PCYOX1,0.9105921305334987
PCYOX1L,0.0
PCYT1A,2.5381682749374206
PCYT1B,1.1840889676042927
PCYT1B-AS1,0.866058549240148
PCYT2,0.0
PDAP1,0.4127178969233909
PDC,0.0
PDCD1,0.0
PDCD10,0.253644744093139
PDCD11,0.253644744093139
PDCD1LG2,0.0
PDCD2,0.0
PDCD2L,0.0
PDCD4,0.0
PDCD4-AS1,0.0
PDCD5,1.7206743438370773
PDCD6,0.9879310210915638
PDCD6IP,0.0
PDCD7,0.0
PDCL,2.4725930298358136
PDCL2,0.0
PDCL3,1.7583205369987196
PDCL3P1,0.0
PDCL3P3,0.0
PDCL3P4,0.253644744093139
PDCL3P5,0.253644744093139
PDCL3P6,0.0
PDCL3P7,0.0
PDDC1,1.803921369136032
PDE10A,0.253644744093139
PDE11A,0.0
PDE12,1.434214011430753
PDE1A,0.0
PDE1B,0.0
PDE1C,0.0
PDE2A,0.0
PDE3A,0.253644744093139
PDE3B,0.253644744093139
PDE4A,0.0
PDE4B,1.7929621417944026
PDE4C,0.0
PDE4D,2.4643932599773613
PDE4DIP,1.7461308297538636
PDE4DIP,1.7073637581471683
PDE5A,1.5454363124656982
PDE6A,0.0
PDE6B,0.0
PDE6C,0.0
PDE6D,1.0219824427879696
PDE6G,0.0
PDE6H,0.0
PDE7A,0.0
PDE7B,1.4467087411059607
PDE8A,0.5288907918624668
PDE8B,2.411650381056214
PDE9A,1.864435233988068
PDF,0.0
PDGFA,1.4467087411059607
PDGFB,0.0
PDGFC,2.1123003250777685
PDGFD,0.0
PDGFRA,0.0
PDGFRB,1.60064667142076
PDGFRL,0.0
PDHA1,2.246281411471585
PDHA2,0.0
PDHB,2.327975816989281
PDHX,0.0
PDIA2,1.76428944396994
PDIA3,0.9509808635159877
PDIA3P,0.0
PDIA3P,0.0
PDIA4,1.4588540253591942
PDIA5,0.0
PDIA6,0.0
PDIK1L,0.0
PDILT,0.0
PDK1,1.6721850324842915
PDK2,0.0
PDK3,0.0
PDK4,2.6777587535320184
PDLIM1,0.0
PDLIM1P1,0.0
PDLIM1P2,0.0
PDLIM1P2,0.0
PDLIM1P3,0.0
PDLIM1P4,0.0
PDLIM2,0.0
PDLIM3,2.594252696677624
PDLIM4,0.0
PDLIM5,2.222176829675323
PDLIM7,1.882867521541892
PDP1,0.253644744093139
PDP2,0.6204550963106681
PDPK1,1.8402371571691645
PDPK2,0.0
PDPN,0.0
PDPR,1.8198585011625843
PDRG1,0.0
PDS5A,2.313155447770526
PDS5B,1.535511556564225
PDSS1,0.0
PDSS2,0.0
PDX1,0.0
PDX1-AS1,0.0
PDXDC1,0.0
PDXDC2P,0.0
PDXDC2P,0.253644744093139
PDXK,0.253644744093139
PDXP,0.0
PDYN,0.0
PDZD11,2.3375823467705725
PDZD2,0.0
PDZD3,0.0
PDZD4,0.0
PDZD4,0.0
PDZD7,0.0
PDZD8,0.0
PDZD9,0.0
PDZK1,0.0
PDZK1,0.0
PDZK1IP1,0.0
PDZK1P1,0.0
PDZK1P2,0.0
PDZK1P2,0.0
PDZRN3,0.9105921305334987
PDZRN3-AS1,0.0
PDZRN4,0.0
PEA15,1.9759159375793864
PEAK1,1.7929621417944026
PEAR1,0.0
PEBP1,2.877261635384424
PEBP1P1,0.0
PEBP1P2,0.253644744093139
PEBP1P3,0.0
PEBP1P3,0.0
PEBP4,0.0
PECAM1,0.0
PECR,0.0
PEF1,0.0
PEG10,0.7603920768618123
PEG3,1.3944163697813394
PELI1,0.6960356275201428
PELI2,2.5198262972373824
PELI3,0.0
PELO,0.0
PELP1,0.0
PEMT,0.6204550963106681
PENK,0.0
PEPD,0.7603920768618123
PER1,2.194459281556151
PER2,1.909127290849204
PER3,2.4795002492565743
PERP,0.0
PES1,0.5288907918624668
PES1P1,0.0
PES1P2,0.0
PET100,0.7603920768618123
PET112,0.0
PET117,0.5288907918624668
PEX1,1.8451858371752416
PEX10,0.0
PEX11A,0.0
PEX11B,0.0
PEX11B,0.0
PEX11G,0.0
PEX12,1.803921369136032
PEX12P1,0.0
PEX13,0.0
PEX14,0.0
PEX16,0.0
PEX19,0.0
PEX2,2.306402712015204
PEX26,0.0
PEX3,1.2269946489498065
PEX5,0.0
PEX5L,0.253644744093139
PEX5L-AS1,0.0
PEX5L-AS2,0.0
PEX6,0.0
PEX7,0.0
PF4,0.0
PF4V1,0.0
PFAS,0.0
PFDN1,1.9795423135776309
PFDN2,1.514954562424701
PFDN4,1.6092026860167012
PFDN5,1.8737491581138752
PFDN6,0.0
PFDN6,0.0
PFDN6,0.0
PFDN6,0.0
PFDN6,0.0
PFKFB1,0.0
PFKFB2,0.4127178969233909
PFKFB3,2.438821998606407
PFKFB4,0.0
PFKL,0.0
PFKM,2.9055684674774853
PFKP,1.2469559880685197
PFN1,0.0
PFN1P1,0.0
PFN1P10,0.0
PFN1P11,0.0
PFN1P12,0.0
PFN1P12,0.0
PFN1P2,0.0
PFN1P3,0.0
PFN1P3,0.0
PFN1P4,0.0
PFN1P4,0.0
PFN1P5,0.0
PFN1P6,0.0
PFN1P7,0.0
PFN1P7,0.0
PFN1P8,0.0
PFN1P8,0.0
PFN1P9,0.0
PFN2,2.6131283160472547
PFN3,0.0
PFN4,2.3081007648681227
PGA3,0.0
PGA4,0.0
PGA5,0.0
PGAM1,1.1364750726028654
PGAM1P1,0.0
PGAM1P10,0.0
PGAM1P11,0.0
PGAM1P12,0.0
PGAM1P13,0.0
PGAM1P2,0.0
PGAM1P3,0.0
PGAM1P4,0.0
PGAM1P5,0.0
PGAM1P6,0.0
PGAM1P7,0.0
PGAM1P8,0.0
PGAM1P9,0.0
PGAM2,0.0
PGAM3P,0.0
PGAM4,0.0
PGAM4,0.0
PGAM4P1,0.0
PGAM4P2,0.0
PGAM5,0.0
PGAM5P1,0.0
PGAP1,1.4933759616707991
PGAP2,0.0
PGAP3,0.0
PGBD1,0.0
PGBD2,0.0
PGBD3,0.0
PGBD4,0.0
PGBD4P1,0.0
PGBD4P1,0.0
PGBD4P3,0.0
PGBD4P4,0.0
PGBD4P5,0.0
PGBD4P6,0.0
PGBD4P6,0.0
PGBD4P7,0.0
PGBD4P8,0.0
PGBD5,0.0
PGC,0.0
PGCP1,0.0
PGD,1.7583205369987196
PGDP1,0.0
PGF,0.0
PGGT1B,1.4933759616707991
PGGT1BP1,0.0
PGGT1BP2,0.0
PGK1,0.0
PGK1,0.0
PGK1P2,0.0
PGK2,0.0
PGLS,0.6960356275201428
PGLYRP1,0.0
PGLYRP2,0.0
PGLYRP3,0.0
PGLYRP4,0.0
PGM1,0.0
PGM2,0.0
PGM2L1,1.7522684493138374
PGM3,0.6204550963106681
PGM5,0.0
PGM5,0.0
PGM5-AS1,0.0
PGM5-AS1,0.0
PGM5P1,0.0
PGM5P2,0.6960356275201428
PGP,0.0
PGPEP1,0.0
PGPEP1L,0.0
PGR,0.0
PGRMC1,1.470668879757139
PGRMC2,0.0
PGS1,0.0
PHACTR1,2.014232018514904
PHACTR2,2.043247203864058
PHACTR3,2.591613993984935
PHACTR4,2.010885112023206
PHAX,2.457239519685357
PHB,0.0
PHB2,0.0
PHB2,0.0
PHB2P1,0.0
PHBP1,0.0
PHBP10,0.0
PHBP11,0.0
PHBP12,0.0
PHBP13,0.0
PHBP14,0.0
PHBP15,0.0
PHBP15,0.0
PHBP3,0.253644744093139
PHBP4,0.0
PHBP5,0.0
PHBP5,0.0
PHBP6,0.0
PHBP7,0.0
PHBP8,0.0
PHBP9,0.0
PHC1,0.0
PHC1P1,0.0
PHC2,0.0
PHC3,2.2872723466919624
PHEX,0.5288907918624668
PHEX-AS1,0.0
PHF1,0.0
PHF1,0.0
PHF1,0.0
PHF10,0.0
PHF11,1.7140700431083098
PHF12,0.0
PHF13,0.0
PHF14,0.0
PHF15,0.0
PHF16,0.0
PHF16,0.0
PHF17,0.0
PHF19,0.7603920768618123
PHF2,0.0
PHF20,0.0
PHF20L1,0.253644744093139
PHF21A,1.6418345900426288
PHF21B,1.85007876288628
PHF23,0.0
PHF2P2,0.0
PHF3,1.7206743438370773
PHF5A,0.0
PHF5CP,0.0
PHF6,0.866058549240148
PHF7,0.253644744093139
PHF8,0.0
PHF8,0.0
PHGDH,2.856192531667549
PHGR1,0.0
PHIP,1.2469559880685197
PHKA1,0.0
PHKA1,0.0
PHKA1-AS1,0.0
PHKA1-AS1,0.0
PHKA1P1,0.0
PHKA2,0.5288907918624668
PHKA2-AS1,0.0
PHKB,2.150474298334609
PHKBP1,0.0
PHKBP2,0.0
PHKG1,0.0
PHKG1P1,0.0
PHKG1P2,0.0
PHKG1P4,0.0
PHKG1P4,0.0
PHKG2,0.0
PHLDA1,0.0
PHLDA2,0.0
PHLDA3,0.0
PHLDB1,0.0
PHLDB1,0.0
PHLDB2,0.0
PHLDB3,0.0
PHLPP1,2.757511123010915
PHLPP2,0.0
PHOSPHO1,0.0
PHOSPHO2,0.0
PHOX2A,0.0
PHOX2B,0.0
PHPT1,1.6092026860167012
PHRF1,0.0
PHTF1,1.3349544931480026
PHTF2,0.0
PHYH,0.0
PHYHD1,0.6204550963106681
PHYHIP,0.0
PHYHIPL,2.811779475574661
PHYKPL,2.164851414502081
PI15,0.0
PI16,0.0
PI3,0.0
PI4K2A,0.0
PI4K2A,0.0
PI4K2B,2.1833092257283497
PI4KA,1.0535570409588524
PI4KAP1,0.0
PI4KAP2,0.0
PI4KB,0.0
PIANP,1.380296600302216
PIAS1,2.374014810766704
PIAS2,1.7005522897870602
PIAS3,0.5288907918624668
PIAS3,0.0
PIAS4,0.0
PIBF1,2.171865343653194
PICALM,2.117588261664702
PICK1,0.0
PID1,0.0
PIDD,0.0
PIEZO1,0.0
PIEZO1P1,0.0
PIEZO1P2,0.0
PIEZO2,0.0
PIF1,0.0
PIFO,0.0
PIGA,0.253644744093139
PIGB,0.0
PIGC,0.5288907918624668
PIGCP1,0.0
PIGCP2,0.0
PIGF,1.8691171639943336
PIGFP1,0.0
PIGFP2,0.253644744093139
PIGFP3,0.0
PIGG,2.222176829675323
PIGH,2.500675374617761
PIGHP1,0.253644744093139
PIGK,0.253644744093139
PIGL,1.365702298095103
PIGM,2.0006867942048503
PIGN,0.0
PIGO,0.253644744093139
PIGP,0.0
PIGPP2,0.0
PIGPP3,0.0
PIGPP4,0.0
PIGQ,0.0
PIGQP1,0.0
PIGR,0.0
PIGS,0.0
PIGT,0.0
PIGU,0.0
PIGUP1,0.4127178969233909
PIGV,1.2269946489498065
PIGW,0.0
PIGW,0.0
PIGX,0.0
PIGY,0.0
PIGZ,0.0
PIH1,0.0
PIH1D1,0.0
PIH1D2,0.0
PIH1D2,0.0
PIH1D3,0.0
PIK3AP1,0.0
PIK3C2A,2.456035688815971
PIK3C2B,0.0
PIK3C2G,0.0
PIK3C3,1.514954562424701
PIK3CA,1.514954562424701
PIK3CB,0.8164310788769841
PIK3CD,0.0
PIK3CG,0.0
PIK3IP1,1.7929621417944026
PIK3R1,0.6960356275201428
PIK3R2,0.0
PIK3R2,0.5288907918624668
PIK3R3,2.073364122649164
PIK3R4,1.1840889676042927
PIK3R5,0.0
PIK3R6,0.0
PIKFYVE,0.0
PILRA,0.0
PILRB,0.0
PIM1,0.0
PIM2,0.0
PIM2,0.0
PIM3,0.0
PIN1,0.0
PIN1P1,0.0
PIN4,0.0
PIN4P1,0.0
PINK1,0.0
PINK1-AS,0.0
PINLYP,0.0
PINX1,0.0
PIP,0.0
PIP4K2A,2.117588261664702
PIP4K2B,0.0
PIP4K2C,0.0
PIP5K1A,1.3187237340792874
PIP5K1B,0.253644744093139
PIP5K1C,0.0
PIP5K1P1,0.0
PIP5K1P2,0.0
PIP5KL1,0.0
PIPOX,0.0
PIPSL,0.0
PIR,2.0041129115992096
PIRT,0.0
PISD,0.0
PITHD1,0.253644744093139
PITPNA,1.4821708087520635
PITPNA-AS1,0.0
PITPNB,0.253644744093139
PITPNC1,2.6577710097981675
PITPNM1,0.0
PITPNM2,0.0
PITPNM3,0.0
PITRM1,1.7140700431083098
PITRM1-AS1,0.0
PITX1,0.0
PITX2,0.0
PITX3,0.0
PIWIL1,0.0
PIWIL2,0.0
PIWIL3,0.0
PIWIL4,0.0
PJA1,1.76428944396994
PJA2,0.4127178969233909
PKD1,0.0
PKD1L1,0.0
PKD1L2,1.365702298095103
PKD1L3,0.0
PKD1P1,0.0
PKD1P5,0.0
PKD1P6,0.0
PKD2,2.2482310165175106
PKD2L1,0.0
PKD2L2,0.0
PKDCC,0.0
PKDREJ,0.0
PKHD1,0.0
PKHD1L1,0.0
PKIA,0.0
PKIB,2.0305902524630275
PKIG,1.864435233988068
PKLR,0.0
PKLR,0.0
PKM,1.9573154496595009
PKMP1,0.0
PKMP2,0.0
PKMP3,2.0305902524630275
PKMP4,0.0
PKMP5,0.0
PKMYT1,0.0
PKN1,0.0
PKN2,1.8549171766299344
PKN3,0.0
PKNOX1,0.253644744093139
PKNOX2,0.6960356275201428
PKP1,0.0
PKP2,0.0
PKP3,0.0
PKP4,1.7929621417944026
PKP4P1,0.0
PLA1A,0.0
PLA2G10,0.0
PLA2G12A,1.6175933905056985
PLA2G12AP1,0.0
PLA2G12AP2,0.0
PLA2G12B,0.0
PLA2G15,0.0
PLA2G16,0.6960356275201428
PLA2G1B,0.0
PLA2G2A,0.0
PLA2G2C,0.0
PLA2G2D,0.0
PLA2G2E,0.0
PLA2G2F,0.0
PLA2G3,0.0
PLA2G4A,0.0
PLA2G4B,0.0
PLA2G4C,2.7489983794507884
PLA2G4D,0.0
PLA2G4E,0.4127178969233909
PLA2G4F,0.0
PLA2G5,0.0
PLA2G6,1.693632285926403
PLA2G7,0.0
PLA2R1,0.0
PLAA,0.0
PLAC1,0.0
PLAC1L,0.0
PLAC4,0.0
PLAC8,0.0
PLAC8L1,0.0
PLAC9,1.0535570409588524
PLAG1,0.0
PLAGL1,0.7603920768618123
PLAGL2,0.0
PLAT,0.0
PLAU,0.0
PLAUR,0.0
PLB1,0.4127178969233909
PLBD1,0.0
PLBD2,0.0
PLCB1,2.27647115873368
PLCB1-IT1,0.0
PLCB2,0.0
PLCB2-AS1,0.0
PLCB3,0.4127178969233909
PLCB4,0.0
PLCD1,1.0219824427879696
PLCD3,0.0
PLCD4,0.5288907918624668
PLCE1,2.881355519479927
PLCE1-AS1,0.0
PLCG1,1.4821708087520635
PLCG2,0.0
PLCH1,0.0
PLCH1-AS1,0.0
PLCH1-AS2,0.0
PLCH2,0.0
PLCL1,0.253644744093139
PLCL2,0.0
PLCL2-AS1,0.0
PLCXD1,0.0
PLCXD1,0.0
PLCXD2,0.0
PLCXD2-AS1,0.0
PLCXD3,0.0
PLCZ1,0.0
PLD1,0.0
PLD2,0.0
PLD3,0.253644744093139
PLD4,0.0
PLD5,1.4933759616707991
PLD6,0.0
PLEC,0.0
PLEC,0.0
PLEK,0.4127178969233909
PLEK2,0.0
PLEKHA1,0.0
PLEKHA2,0.0
PLEKHA3,2.2443230149111075
PLEKHA3P1,0.0
PLEKHA3P1,0.0
PLEKHA4,0.0
PLEKHA5,2.481778457208222
PLEKHA6,2.076264058037105
PLEKHA7,0.0
PLEKHA8,0.0
PLEKHA8P1,0.0
PLEKHB1,2.259748353078942
PLEKHB2,0.0
PLEKHD1,0.0
PLEKHF1,0.0
PLEKHF2,0.0
PLEKHG1,1.3349544931480026
PLEKHG2,0.0
PLEKHG3,0.0
PLEKHG4,0.0
PLEKHG4B,0.0
PLEKHG5,0.0
PLEKHG6,0.0
PLEKHG7,0.0
PLEKHH1,0.0
PLEKHH2,1.1840889676042927
PLEKHH3,0.0
PLEKHJ1,0.0
PLEKHM1,0.0
PLEKHM1,1.3349544931480026
PLEKHM1P,0.0
PLEKHM2,0.0
PLEKHM3,2.2872723466919624
PLEKHN1,0.0
PLEKHO1,0.0
PLEKHO1,0.0
PLEKHO2,0.253644744093139
PLEKHS1,0.0
PLG,0.0
PLGLA,0.0
PLGLB1,0.0
PLGLB2,0.0
PLGRKT,1.9795423135776309
PLIN1,0.0
PLIN2,0.253644744093139
PLIN3,0.0
PLIN4,1.365702298095103
PLIN5,2.2559430775347025
PLK1,1.3187237340792874
PLK1S1,0.0
PLK2,1.825043511578913
PLK3,0.4127178969233909
PLK4,0.0
PLK5,0.6204550963106681
PLLP,0.0
PLN,0.0
PLOD1,0.253644744093139
PLOD2,2.1042457017450573
PLOD3,0.0
PLP1,0.253644744093139
PLP2,0.0
PLP2,0.0
PLRG1,2.5907308516147545
PLS1,0.0
PLS1-AS1,0.0
PLS3,0.0
PLS3,0.0
PLSCR1,2.0645462909179955
PLSCR2,1.4213491305518202
PLSCR4,2.1042457017450573
PLSCR5,0.253644744093139
PLSCR5-AS1,0.0
PLTP,2.211724524908352
PLVAP,0.0
PLXDC1,0.0
PLXDC2,1.7206743438370773
PLXNA1,0.0
PLXNA2,2.043247203864058
PLXNA3,0.4127178969233909
PLXNA3,0.0
PLXNA4,1.8092989910424864
PLXNB1,2.5187842249330235
PLXNB2,0.0
PLXNB3,0.0
PLXNB3,0.0
PLXNC1,0.253644744093139
PLXND1,0.0
PM20D1,0.0
PM20D2,0.0
PMAIP1,0.0
PMCH,0.0
PMCHL1,0.0
PMCHL2,0.0
PMEL,0.0
PMEPA1,0.0
PMF1,1.2469559880685197
PMF1-BGLAP,0.0
PMFBP1,0.0
PML,1.266040025979822
PMM1,0.0
PMM2,1.266040025979822
PMM2P1,0.0
PMP2,2.7664504744712297
PMP22,2.666768203937824
PMPCA,1.6092026860167012
PMPCB,1.380296600302216
PMS1,0.0
PMS2,1.7073637581471683
PMS2CL,0.4127178969233909
PMS2P1,0.8164310788769841
PMS2P10,0.0
PMS2P11,0.0
PMS2P2,0.0
PMS2P3,0.0
PMS2P3,0.0
PMS2P4,0.0
PMS2P5,0.0
PMS2P9,0.0
PMVK,0.0
PNCK,0.0
PNCK,0.0
PNISR,2.816010024662727
PNKD,1.7271797157291466
PNKP,0.0
PNLDC1,0.0
PNLIP,0.0
PNLIPP1,0.0
PNLIPRP1,0.0
PNLIPRP1,0.0
PNLIPRP2,0.0
PNLIPRP2,0.0
PNLIPRP3,0.0
PNMA1,1.1840889676042927
PNMA2,1.434214011430753
PNMA3,0.0
PNMA5,0.0
PNMA5,0.0
PNMA6A,0.0
PNMA6B,0.0
PNMA6B,0.0
PNMA6C,0.0
PNMA6C,0.0
PNMA6D,0.0
PNMAL1,0.5288907918624668
PNMAL2,0.5288907918624668
PNMT,0.0
PNN,2.400835063859974
PNO1,0.0
PNOC,0.0
PNP,0.0
PNPLA1,0.0
PNPLA2,0.0
PNPLA3,0.0
PNPLA4,0.0
PNPLA4P1,0.0
PNPLA5,0.0
PNPLA6,1.9972334333569983
PNPLA7,0.4127178969233909
PNPLA8,0.253644744093139
PNPO,1.896195851746716
PNPT1,0.9879310210915638
PNPT1P1,0.0
PNPT1P2,0.0
PNRC1,1.89179836789066
PNRC2,0.0
PNRC2,0.0
POC1A,0.0
POC1B,0.0
POC1B-GALNT4,0.0
POC5,0.0
PODN,0.0
PODNL1,0.0
PODXL,0.0
PODXL2,0.0
POF1B,0.0
POFUT1,0.0
POFUT2,1.2843206418841475
POGK,1.4467087411059607
POGLUT1,0.0
POGZ,2.395324698237797
POLA1,1.0535570409588524
POLA2,0.0
POLB,0.253644744093139
POLD1,0.0
POLD2,0.0
POLD2P1,0.0
POLD3,0.0
POLD4,0.0
POLDIP2,0.0
POLDIP2,0.0
POLDIP3,0.0
POLE,0.0
POLE2,0.0
POLE3,1.266040025979822
POLE4,0.0
POLG,1.882867521541892
POLG2,0.0
POLG2,0.0
POLH,0.0
POLHP1,0.0
POLI,0.9105921305334987
POLK,0.6960356275201428
POLL,1.5551393200304595
POLM,0.5288907918624668
POLN,1.9795423135776309
POLQ,0.0
POLR1A,1.2269946489498065
POLR1B,0.0
POLR1C,0.253644744093139
POLR1D,1.9795423135776309
POLR1E,0.0
POLR2A,2.187803657942469
POLR2B,0.0
POLR2C,0.0
POLR2CP,0.0
POLR2D,0.0
POLR2E,0.6204550963106681
POLR2F,0.0
POLR2G,0.0
POLR2H,1.6794524383704983
POLR2I,0.0
POLR2J,1.6418345900426288
POLR2J2,0.253644744093139
POLR2J2,0.0
POLR2J3,1.964851508604246
POLR2J4,0.0
POLR2J4,0.0
POLR2K,0.0
POLR2KP1,0.0
POLR2KP2,0.0
POLR2L,0.253644744093139
POLR2LP,0.0
POLR2LP,0.0
POLR2LP,0.0
POLR2LP,0.0
POLR2LP,0.0
POLR2LP,0.0
POLR2M,0.0
POLR3A,1.2469559880685197
POLR3B,0.0
POLR3C,0.0
POLR3C,0.253644744093139
POLR3D,0.0
POLR3DP1,0.0
POLR3E,0.4127178969233909
POLR3F,0.0
POLR3G,0.0
POLR3GL,0.0
POLR3GL,0.0
POLR3H,0.7603920768618123
POLR3K,0.0
POLR3KP1,0.0
POLR3KP2,0.0
POLRMT,0.0
POLRMTP1,0.0
POM121,0.0
POM121,0.0
POM121B,0.0
POM121B,0.0
POM121C,0.253644744093139
POM121L10P,0.0
POM121L12,0.0
POM121L13P,0.0
POM121L14P,0.0
POM121L1P,0.0
POM121L2,0.0
POM121L3P,0.0
POM121L4P,0.0
POM121L7,0.0
POM121L8P,0.0
POM121L9P,0.0
POMC,0.0
POMGNT1,1.4588540253591942
POMGNT2,1.0219824427879696
POMK,0.0
POMP,1.0535570409588524
POMT1,2.1305330951471686
POMT2,0.0
POMZP3,0.0
PON1,0.0
PON2,3.6404333873123793
PON3,0.0
POP1,0.0
POP4,0.9105921305334987
POP5,0.0
POP7,0.0
POPDC2,0.0
POPDC3,0.0
POR,0.0
POR,0.0
PORCN,0.0
PORCN,0.0
POSTN,0.0
POT1,2.257849883007614
POTEA,0.0
POTEB,0.0
POTEB2,0.0
POTEC,0.0
POTED,0.0
POTEE,0.0
POTEF,0.0
POTEG,0.0
POTEH,0.0
POTEH-AS1,0.0
POTEI,0.0
POTEJ,0.0
POTEKP,0.0
POTEM,0.0
POU1F1,0.253644744093139
POU2AF1,0.0
POU2F1,2.598615216773823
POU2F2,0.0
POU2F3,0.0
POU3F1,0.0
POU3F2,1.7461308297538636
POU3F3,0.5288907918624668
POU3F4,0.0
POU4F1,0.0
POU4F2,0.0
POU4F3,0.0
POU5F1,0.0
POU5F1,0.0
POU5F1,0.0
POU5F1,0.0
POU5F1,0.0
POU5F1,0.0
POU5F1,0.0
POU5F1B,0.0
POU5F1P2,0.0
POU5F1P3,0.0
POU5F1P4,0.0
POU5F1P5,0.0
POU5F1P6,0.0
POU5F1P7,0.0
POU5F2,0.0
POU6F1,0.0
POU6F2,0.253644744093139
POU6F2-AS1,0.0
POU6F2-AS2,0.0
PP13004,0.0
PP13439,0.0
PP2D1,0.0
PPA1,1.7929621417944026
PPA2,2.5853939482800112
PPAN,0.0
PPAN-P2RY11,0.0
PPAP2A,0.0
PPAP2B,2.915725285856168
PPAP2C,0.0
PPAPDC1A,0.9879310210915638
PPAPDC1B,2.138118749168065
PPAPDC2,0.0
PPAPDC3,0.0
PPARA,0.6960356275201428
PPARD,0.0
PPARG,0.253644744093139
PPARGC1A,2.0305902524630275
PPARGC1B,0.0
PPAT,1.266040025979822
PPATP1,0.0
PPATP2,0.0
PPBP,0.0
PPBPP1,0.0
PPBPP2,0.0
PPCDC,0.0
PPCS,0.0
PPDPF,0.0
PPEF1,0.0
PPEF1-AS1,0.0
PPEF2,0.0
PPFIA1,2.712506355346485
PPFIA2,0.5288907918624668
PPFIA3,1.3018627585701523
PPFIA4,0.5288907918624668
PPFIBP1,0.0
PPFIBP2,0.0
PPHLN1,2.140618140014368
PPIA,2.6423486595963843
PPIAL4A,0.0
PPIAL4A,0.0
PPIAL4B,0.0
PPIAL4C,0.0
PPIAL4D,0.0
PPIAL4D,0.0
PPIAL4E,0.0
PPIAL4F,0.0
PPIAL4G,0.0
PPIAL4G,0.0
PPIAP1,0.0
PPIAP10,0.0
PPIAP11,0.0
PPIAP13,0.0
PPIAP14,0.0
PPIAP15,0.0
PPIAP16,0.0
PPIAP17,0.0
PPIAP19,0.0
PPIAP2,0.0
PPIAP20,0.0
PPIAP21,0.0
PPIAP22,0.6204550963106681
PPIAP23,0.0
PPIAP24,0.0
PPIAP25,0.0
PPIAP26,0.0
PPIAP27,0.0
PPIAP28,0.0
PPIAP29,0.4127178969233909
PPIAP3,0.0
PPIAP30,0.0
PPIAP31,0.253644744093139
PPIAP6,0.0
PPIAP7,0.0
PPIAP9,0.0
PPIAP9,0.0
PPIAP9,0.0
PPIAP9,0.0
PPIAP9,0.0
PPIAP9,0.0
PPIAP9,0.0
PPIAP9,0.0
PPIB,1.917539173272604
PPIC,0.0
PPID,0.0
PPIE,1.6418345900426288
PPIEL,1.85007876288628
PPIF,0.0
PPIG,2.7826603847595712
PPIH,1.3187237340792874
PPIHP1,0.0
PPIHP1,0.0
PPIL1,0.0
PPIL1P1,0.0
PPIL2,1.60064667142076
PPIL3,1.3018627585701523
PPIL4,0.6204550963106681
PPIL6,0.0
PPIP5K1,0.0
PPIP5K2,0.0
PPIP5K2,0.0
PPL,0.0
PPM1A,1.6339035873850103
PPM1AP1,0.0
PPM1B,2.014232018514904
PPM1D,0.0
PPM1E,0.0
PPM1F,0.9879310210915638
PPM1G,0.6204550963106681
PPM1H,1.9257912163520183
PPM1J,0.0
PPM1K,1.4588540253591942
PPM1L,1.9133535980403211
PPM1M,0.6960356275201428
PPM1N,0.0
PPME1,0.5288907918624668
PPOX,0.0
PPP1CA,0.0
PPP1CB,2.388336942456518
PPP1CC,1.7929621417944026
PPP1R10,0.0
PPP1R10,1.2469559880685197
PPP1R10,0.0
PPP1R10,0.0
PPP1R10,0.0
PPP1R10,0.0
PPP1R10,0.0
PPP1R10P1,0.0
PPP1R11,0.0
PPP1R11,0.0
PPP1R11,0.0
PPP1R11,0.0
PPP1R11,0.0
PPP1R11,0.0
PPP1R11,0.0
PPP1R11,0.0
PPP1R11P1,0.0
PPP1R11P2,0.0
PPP1R12A,2.297811408112942
PPP1R12B,1.0535570409588524
PPP1R12BP1,0.0
PPP1R12BP2,0.0
PPP1R12C,0.0
PPP1R13B,1.0829908296976
PPP1R13L,0.0
PPP1R14A,0.0
PPP1R14B,0.6960356275201428
PPP1R14BP2,0.0
PPP1R14BP3,0.253644744093139
PPP1R14BP5,0.0
PPP1R14C,0.0
PPP1R14D,0.0
PPP1R15A,0.0
PPP1R15B,2.58360030622302
PPP1R16A,0.0
PPP1R16B,0.4127178969233909
PPP1R17,0.0
PPP1R18,0.0
PPP1R18,0.0
PPP1R18,0.0
PPP1R18,0.0
PPP1R18,0.0
PPP1R18,0.0
PPP1R18,0.0
PPP1R18,0.0
PPP1R1A,0.0
PPP1R1AP1,0.6204550963106681
PPP1R1AP2,0.0
PPP1R1B,1.693632285926403
PPP1R1C,0.0
PPP1R2,0.0
PPP1R21,0.0
PPP1R26,0.0
PPP1R26-AS1,0.0
PPP1R26P1,0.0
PPP1R26P2,0.0
PPP1R26P3,0.0
PPP1R26P5,0.0
PPP1R27,0.0
PPP1R2P1,0.0
PPP1R2P1,0.0
PPP1R2P1,0.0
PPP1R2P1,0.0
PPP1R2P1,0.0
PPP1R2P1,0.0
PPP1R2P1,0.0
PPP1R2P1,0.0
PPP1R2P10,0.0
PPP1R2P2,0.0
PPP1R2P3,0.0
PPP1R2P4,0.0
PPP1R2P5,0.0
PPP1R2P6,0.0
PPP1R2P9,0.0
PPP1R32,0.6204550963106681
PPP1R35,0.0
PPP1R36,1.9685710603681643
PPP1R37,0.0
PPP1R3A,0.0
PPP1R3B,0.0
PPP1R3C,0.0
PPP1R3D,0.0
PPP1R3E,1.6092026860167012
PPP1R3F,0.0
PPP1R3F,0.0
PPP1R3G,0.0
PPP1R42,0.6960356275201428
PPP1R7,1.7583205369987196
PPP1R8,0.0
PPP1R8P1,1.85007876288628
PPP1R9A,2.209603534240357
PPP1R9B,0.0
PPP2CA,2.391145550989741
PPP2CB,1.5042992690810633
PPP2R1A,2.211724524908352
PPP2R1B,1.4213491305518202
PPP2R2A,2.517739646202417
PPP2R2B,2.073364122649164
PPP2R2B-IT1,0.253644744093139
PPP2R2C,1.5739182395996751
PPP2R2D,0.6204550963106681
PPP2R2D,0.0
PPP2R2DP1,0.0
PPP2R3A,0.6204550963106681
PPP2R3B,0.0
PPP2R3B,0.0
PPP2R3C,0.4127178969233909
PPP2R4,0.0
PPP2R5A,2.2343963332378305
PPP2R5B,1.564630272110482
PPP2R5C,2.2343963332378305
PPP2R5D,0.0
PPP2R5E,0.0
PPP3CA,2.666025516110408
PPP3CB,1.3506004547184218
PPP3CC,0.866058549240148
PPP3R1,0.0
PPP3R2,0.0
PPP4C,1.7522684493138374
PPP4R1,2.238394274207005
PPP4R1L,0.0
PPP4R2,1.693632285926403
PPP4R4,0.0
PPP5C,0.0
PPP5D1,0.0
PPP6C,0.0
PPP6R1,0.0
PPP6R2,1.664793942489872
PPP6R2P1,0.0
PPP6R3,2.625543235742842
PPRC1,0.0
PPT1,0.5288907918624668
PPT2,0.0
PPT2,0.0
PPT2,0.0
PPT2,0.0
PPT2,0.0
PPT2,0.0
PPT2,0.0
PPT2,0.0
PPT2-EGFL8,0.0
PPTC7,0.6960356275201428
PPWD1,0.0
PPY,0.0
PPY2,0.0
PQBP1,0.0
PQBP1,0.0
PQLC1,1.686600231622561
PQLC1P1,0.0
PQLC2,0.0
PQLC3,0.0
PRAC1,0.0
PRAC2,0.0
PRADC1,0.0
PRADC1P1,0.0
PRAF2,0.0
PRAM1,0.0
PRAME,0.0
PRAMEF1,0.0
PRAMEF10,0.0
PRAMEF11,0.0
PRAMEF12,0.0
PRAMEF13,0.0
PRAMEF14,0.0
PRAMEF15,0.0
PRAMEF16,0.0
PRAMEF17,0.0
PRAMEF18,0.0
PRAMEF19,0.0
PRAMEF2,0.0
PRAMEF20,0.0
PRAMEF21,0.0
PRAMEF22,0.0
PRAMEF23,0.0
PRAMEF25,0.0
PRAMEF26,0.0
PRAMEF3,0.0
PRAMEF4,0.0
PRAMEF5,0.0
PRAMEF6,0.0
PRAMEF7,0.0
PRAMEF8,0.0
PRAMEF9,0.0
PRAMENP,0.0
PRAP1,0.0
PRB1,0.0
PRB2,0.0
PRB3,0.0
PRB4,0.0
PRC1,0.0
PRC1-AS1,0.0
PRCC,0.0
PRCD,0.0
PRCP,0.0
PRDM1,0.0
PRDM10,0.0
PRDM11,0.0
PRDM12,0.0
PRDM13,0.0
PRDM14,0.0
PRDM15,0.253644744093139
PRDM16,1.266040025979822
PRDM2,0.0
PRDM4,2.3469809720555848
PRDM5,1.1609342125054871
PRDM6,0.0
PRDM7,0.0
PRDM8,0.0
PRDM9,0.0
PRDX1,2.517739646202417
PRDX2,2.3148273525931726
PRDX2P1,0.0
PRDX2P2,0.0
PRDX2P3,0.0
PRDX2P4,0.0
PRDX3,2.6114458517421824
PRDX3P1,0.0
PRDX3P2,0.0
PRDX3P3,0.0
PRDX3P4,0.0
PRDX4,2.21383520748566
PRDX4P1,0.0
PRDX5,2.272810230341481
PRDX6,2.014232018514904
PREB,0.0
PRED57,0.0
PRED58,0.9879310210915638
PRED60,0.0
PRED62,0.0
PRELID1,0.0
PRELID1P1,0.0
PRELID1P2,0.0
PRELID1P3,0.0
PRELID1P4,0.0
PRELID2,0.6204550963106681
PRELID2P1,0.0
PRELP,0.0
PREP,1.6339035873850103
PREPL,2.391145550989741
PREX1,0.253644744093139
PREX2,3.3692792886076037
PRF1,0.0
PRG2,0.0
PRG3,0.0
PRG4,0.0
PRH1,0.0
PRH2,0.0
PRH2,0.0
PRH2,0.0
PRICKLE1,0.0
PRICKLE2,0.0
PRICKLE2-AS1,0.0
PRICKLE2-AS2,0.0
PRICKLE2-AS3,0.0
PRICKLE3,0.0
PRICKLE3,0.0
PRICKLE4,0.0
PRIM1,0.0
PRIM2,0.0
PRIMA1,0.0
PRIMPOL,1.2060714458283772
PRKAA1,1.1364750726028654
PRKAA2,2.12020827975257
PRKAB1,0.0
PRKAB2,0.0
PRKAB2,0.0
PRKACA,0.0
PRKACB,2.228329556715438
PRKACG,0.0
PRKAG1,0.9879310210915638
PRKAG2,1.8549171766299344
PRKAG2-AS1,0.0
PRKAG3,0.0
PRKAR1A,1.8352314375814356
PRKAR1AP,0.0
PRKAR1B,0.0
PRKAR2A,0.9879310210915638
PRKAR2A-AS1,0.9105921305334987
PRKAR2B,0.0
PRKCA,2.3516050951714003
PRKCB,0.0
PRKCD,0.0
PRKCD,0.0
PRKCDBP,0.0
PRKCE,0.253644744093139
PRKCG,0.0
PRKCH,1.514954562424701
PRKCI,1.5739182395996751
PRKCQ,0.0
PRKCQ-AS1,0.0
PRKCSH,1.4467087411059607
PRKCZ,0.0
PRKD1,2.5480331854966933
PRKD2,0.0
PRKD3,2.25402786314266
PRKDC,1.2269946489498065
PRKG1,1.7073637581471683
PRKG1-AS1,0.0
PRKG2,0.0
PRKRA,0.253644744093139
PRKRIP1,0.0
PRKRIP1,0.0
PRKRIR,0.0
PRKRIRP1,0.0
PRKRIRP2,0.0
PRKRIRP3,0.0
PRKRIRP4,0.0
PRKRIRP5,0.0
PRKRIRP6,0.0
PRKRIRP7,0.0
PRKRIRP8,0.0
PRKRIRP9,0.0
PRKX,0.0
PRKX-AS1,0.0
PRKXP1,0.0
PRKY,0.0
PRL,0.0
PRLH,0.0
PRLHR,0.0
PRLR,0.0
PRM1,0.0
PRM2,0.0
PRM3,0.0
PRMT1,0.0
PRMT10,0.0
PRMT2,1.76428944396994
PRMT3,2.0463546340021432
PRMT5,0.0
PRMT5-AS1,0.0
PRMT6,0.0
PRMT7,0.0
PRMT8,0.0
PRND,0.0
PRNP,2.7634910885632924
PRNT,0.0
PROB1,0.0
PROC,0.0
PROCA1,0.0
PROCR,0.0
PRODH,1.1105557679530071
PRODH2,0.0
PROK1,0.0
PROK2,0.0
PROKR1,0.0
PROKR2,0.0
PROL1,0.0
PROM1,0.253644744093139
PROM2,0.0
PROP1,0.0
PRORSD1P,0.0
PROS1,0.0
PROSC,1.3349544931480026
PROSER1,2.634427125313976
PROSER2,0.0
PROSER2-AS1,0.0
PROSP,0.0
PROX1,0.7603920768618123
PROX1-AS1,0.0
PROX2,0.0
PROZ,0.0
PRPF18,0.0
PRPF19,0.6204550963106681
PRPF19P1,0.0
PRPF3,0.0
PRPF3,0.0
PRPF31,0.0
PRPF31,0.0
PRPF31,0.0
PRPF31,0.0
PRPF31,0.0
PRPF31,0.253644744093139
PRPF31,0.0
PRPF31,0.0
PRPF31,0.0
PRPF31,0.0
PRPF38A,1.9831386597707368
PRPF38AP1,0.0
PRPF38AP2,0.0
PRPF38AP2,0.0
PRPF38B,2.0463546340021432
PRPF39,1.525354679322857
PRPF4,1.3349544931480026
PRPF40A,0.0
PRPF40B,0.4127178969233909
PRPF4B,0.5288907918624668
PRPF6,0.7603920768618123
PRPF8,1.6175933905056985
PRPH,0.0
PRPH2,0.0
PRPS1,0.0
PRPS1L1,0.0
PRPS1P1,0.0
PRPS1P2,0.0
PRPS2,0.0
PRPSAP1,1.3018627585701523
PRPSAP2,0.0
PRR11,1.3944163697813394
PRR12,0.0
PRR13,0.253644744093139
PRR14,0.0
PRR14L,2.460831119301725
PRR15,0.0
PRR15L,0.0
PRR16,0.0
PRR18,0.0
PRR19,0.0
PRR20A,0.0
PRR20B,0.0
PRR20C,0.0
PRR20D,0.0
PRR20E,0.0
PRR20FP,0.0
PRR21,0.0
PRR22,0.0
PRR23A,0.0
PRR23B,0.0
PRR23C,0.0
PRR24,0.0
PRR25,0.0
PRR26,0.0
PRR3,0.0
PRR3,0.0
PRR3,0.0
PRR3,0.0
PRR3,0.0
PRR3,0.0
PRR3,0.0
PRR4,0.0
PRR4,0.0
PRR4,0.0
PRR5,0.7603920768618123
PRR5-ARHGAP8,0.0
PRR5L,0.0
PRR7,0.0
PRR7-AS1,0.0
PRR9,0.0
PRRC1,0.6960356275201428
PRRC2A,0.0
PRRC2A,0.0
PRRC2A,0.0
PRRC2A,0.0
PRRC2A,0.0
PRRC2A,0.0
PRRC2A,0.0
PRRC2B,2.682794019782553
PRRC2C,1.470668879757139
PRRC2CP1,0.0
PRRG1,0.0
PRRG1,0.0
PRRG2,0.0
PRRG3,0.0
PRRG4,0.0
PRRT1,0.0
PRRT1,0.0
PRRT1,0.5288907918624668
PRRT1,0.0
PRRT1,0.0
PRRT1,0.0
PRRT1,0.0
PRRT1,0.0
PRRT2,0.4127178969233909
PRRT3,1.2469559880685197
PRRT3-AS1,0.0
PRRT4,0.0
PRRX1,0.9105921305334987
PRRX2,0.0
PRSS1,0.0
PRSS1,0.0
PRSS12,0.0
PRSS16,0.0
PRSS2,0.0
PRSS21,0.0
PRSS22,0.0
PRSS23,0.0
PRSS27,0.0
PRSS29P,0.0
PRSS3,0.0
PRSS30P,0.0
PRSS33,0.0
PRSS35,1.73358907889706
PRSS36,0.0
PRSS37,0.253644744093139
PRSS38,0.0
PRSS3P1,0.0
PRSS3P1,0.0
PRSS3P2,0.0
PRSS3P3,0.0
PRSS3P3,0.0
PRSS3P4,0.0
PRSS41,0.0
PRSS42,0.0
PRSS44,0.0
PRSS45,0.0
PRSS46,1.9685710603681643
PRSS48,0.0
PRSS50,0.0
PRSS51,0.0
PRSS53,0.0
PRSS54,0.0
PRSS55,0.0
PRSS56,0.0
PRSS57,0.0
PRSS58,0.0
PRSS58,0.0
PRSS8,0.0
PRTFDC1,1.6339035873850103
PRTG,0.0
PRTN3,0.0
PRUNE,2.343870641983304
PRUNE2,0.0
PRUNEP1,0.0
PRX,0.0
PRY,0.0
PRY2,0.0
PRYP1,0.0
PRYP2,0.0
PRYP3,0.0
PRYP4,0.0
PRYP5,0.0
PRYP6,0.0
PSAP,2.1096320145730845
PSAPL1,0.0
PSAT1,2.9248315351083187
PSAT1P1,0.0
PSAT1P2,0.0
PSAT1P3,0.0
PSAT1P4,0.0
PSCA,0.0
PSCA,0.0
PSD,1.4933759616707991
PSD2,2.454828511742524
PSD3,2.5198262972373824
PSD4,0.0
PSEN1,1.8352314375814356
PSEN2,2.181044446408736
PSENEN,0.0
PSG1,0.0
PSG10P,0.0
PSG11,0.0
PSG2,0.0
PSG3,0.0
PSG4,0.0
PSG5,0.0
PSG6,0.0
PSG7,0.0
PSG8,0.0
PSG9,0.0
PSIP1,1.6721850324842915
PSKH1,0.0
PSKH2,0.0
PSMA1,0.0
PSMA1,0.0
PSMA2,1.1840889676042927
PSMA2,0.0
PSMA2P1,0.0
PSMA2P2,0.0
PSMA2P3,0.0
PSMA3,2.491885036365916
PSMA3P,0.0
PSMA4,1.5830117235334478
PSMA5,2.007512212023229
PSMA6,1.470668879757139
PSMA6P1,0.0
PSMA6P2,0.0
PSMA6P3,0.0
PSMA6P4,0.0
PSMA7,1.8597022796682896
PSMA8,0.0
PSMB1,0.9879310210915638
PSMB10,0.0
PSMB11,0.0
PSMB2,2.240379527567605
PSMB3,1.9867054694268544
PSMB3P2,0.0
PSMB4,2.363700663802598
PSMB5,2.0704446931415355
PSMB6,1.8146108385283355
PSMB7,2.313155447770526
PSMB7P1,0.0
PSMB8,0.0
PSMB8,0.0
PSMB8,0.0
PSMB8,0.0
PSMB8,0.0
PSMB8,0.0
PSMB8,0.0
PSMB8,0.0
PSMB9,0.0
PSMB9,0.0
PSMB9,0.0
PSMB9,0.0
PSMB9,0.0
PSMB9,0.0
PSMB9,0.0
PSMB9,0.0
PSMC1,0.0
PSMC1P1,0.0
PSMC1P10,0.0
PSMC1P11,0.0
PSMC1P12,0.0
PSMC1P13,0.0
PSMC1P2,0.0
PSMC1P3,0.0
PSMC1P4,0.0
PSMC1P5,0.0
PSMC1P6,0.0
PSMC1P7,0.0
PSMC1P8,0.0
PSMC1P9,0.0
PSMC2,0.0
PSMC3,0.0
PSMC3IP,0.6204550963106681
PSMC4,0.0
PSMC5,2.192252054131328
PSMC6,2.374014810766704
PSMD1,1.6496233519400156
PSMD10,0.253644744093139
PSMD10P1,0.0
PSMD10P2,0.0
PSMD10P3,0.0
PSMD11,0.4127178969233909
PSMD12,2.187803657942469
PSMD12P,0.0
PSMD13,0.0
PSMD14,1.3944163697813394
PSMD2,1.4933759616707991
PSMD3,1.9831386597707368
PSMD4,0.253644744093139
PSMD4P1,0.0
PSMD5,2.222176829675323
PSMD5-AS1,2.164851414502081
PSMD6,2.7138400605203645
PSMD6-AS2,0.0
PSMD7,0.0
PSMD7P1,0.0
PSMD8,0.0
PSMD9,0.0
PSME1,0.4127178969233909
PSME2,0.0
PSME2P2,0.0
PSME3,1.514954562424701
PSME4,1.6794524383704983
PSMF1,0.7603920768618123
PSMG1,0.0
PSMG2,0.0
PSMG3,2.257849883007614
PSMG3-AS1,0.0
PSMG4,1.825043511578913
PSORS1C1,0.0
PSORS1C1,0.0
PSORS1C1,0.0
PSORS1C1,0.0
PSORS1C1,0.0
PSORS1C1,0.0
PSORS1C2,0.0
PSORS1C2,0.0
PSORS1C2,0.0
PSORS1C2,0.0
PSORS1C2,0.0
PSORS1C2,0.0
PSORS1C3,0.0
PSORS1C3,0.0
PSORS1C3,0.0
PSORS1C3,0.0
PSORS1C3,0.0
PSORS1C3,0.0
PSORS1C3,0.0
PSPC1,0.4127178969233909
PSPC1P1,0.0
PSPC1P2,0.0
PSPH,1.8549171766299344
PSPHP1,0.0
PSPN,0.253644744093139
PSRC1,2.0704446931415355
PSTK,0.0
PSTPIP1,0.0
PSTPIP2,0.0
PTAFR,0.0
PTAR1,2.09879174565615
PTBP1,0.4127178969233909
PTBP1P,0.0
PTBP2,2.422202893790851
PTBP3,1.6496233519400156
PTCD1,0.0
PTCD2,0.0
PTCD2P1,0.0
PTCD2P2,0.0
PTCD3,1.3506004547184218
PTCH1,2.395324698237797
PTCH2,1.9133535980403211
PTCHD1,0.0
PTCHD2,0.0
PTCHD3,0.0
PTCHD3,0.0
PTCHD3P1,0.6204550963106681
PTCHD3P2,0.0
PTCHD3P3,0.0
PTCHD4,0.0
PTCRA,0.0
PTCSC3,0.0
PTDSS1,1.5454363124656982
PTDSS2,1.4588540253591942
PTEN,2.9991895090922247
PTENP1,0.0
PTER,0.0
PTF1A,0.0
PTGDR,0.0
PTGDR2,0.0
PTGDS,2.613967110284746
PTGER1,0.0
PTGER2,0.0
PTGER3,0.0
PTGER4,0.0
PTGER4P2,0.0
PTGER4P3,0.0
PTGES,0.0
PTGES2,0.0
PTGES3,2.162488037762603
PTGES3L,0.0
PTGES3L-AARSD1,0.0
PTGES3P1,0.4127178969233909
PTGES3P2,0.0
PTGES3P3,0.0
PTGES3P4,0.0
PTGES3P5,0.0
PTGFR,0.0
PTGFRN,2.4690977826455724
PTGIR,0.0
PTGIS,0.0
PTGR1,0.6204550963106681
PTGR2,1.882867521541892
PTGS1,0.0
PTGS2,0.0
PTH,0.0
PTH1R,0.0
PTH2,0.0
PTH2R,0.0
PTHLH,1.693632285926403
PTK2,3.159791002636888
PTK2B,0.0
PTK6,0.0
PTK7,0.4127178969233909
PTMA,1.3506004547184218
PTMAP1,0.0
PTMAP1,0.0
PTMAP1,0.0
PTMAP1,0.0
PTMAP1,0.0
PTMAP1,0.0
PTMAP1,0.0
PTMAP2,0.0
PTMAP3,0.0
PTMAP4,0.0
PTMAP5,0.253644744093139
PTMAP6,0.0
PTMAP8,0.0
PTMS,0.0
PTN,2.837568529744626
PTOV1,0.0
PTOV1-AS1,0.0
PTP4A1,0.0
PTP4A1P1,0.0
PTP4A1P2,0.0
PTP4A1P3,0.0
PTP4A1P4,0.0
PTP4A1P5,0.0
PTP4A1P6,0.0
PTP4A1P7,0.0
PTP4A2,0.253644744093139
PTP4A2P1,0.0
PTP4A2P2,0.0
PTP4A3,0.0
PTPDC1,0.0
PTPLA,0.0
PTPLA,0.0
PTPLAD1,2.883162709345434
PTPLAD2,0.0
PTPLB,0.0
PTPMT1,1.7583205369987196
PTPN1,0.0
PTPN11,0.0
PTPN12,1.4821708087520635
PTPN13,1.1609342125054871
PTPN14,0.5288907918624668
PTPN18,0.0
PTPN2,2.864272568241812
PTPN20A,0.0
PTPN20B,0.0
PTPN20B,0.0
PTPN20CP,0.0
PTPN21,1.434214011430753
PTPN22,0.0
PTPN23,1.7005522897870602
PTPN2P1,0.253644744093139
PTPN2P2,0.253644744093139
PTPN3,0.0
PTPN4,2.357694987451276
PTPN5,0.0
PTPN6,0.0
PTPN6,0.0
PTPN7,0.0
PTPN9,0.0
PTPRA,2.613967110284746
PTPRB,0.0
PTPRC,0.0
PTPRCAP,0.0
PTPRD,2.3081007648681227
PTPRE,2.289046713426242
PTPRF,3.246018423022268
PTPRG,2.7866200596756925
PTPRG-AS1,0.0
PTPRH,0.0
PTPRJ,0.0
PTPRK,0.0
PTPRM,0.6204550963106681
PTPRN,0.0
PTPRN2,0.7603920768618123
PTPRO,0.0
PTPRQ,0.0
PTPRR,1.8198585011625843
PTPRS,2.073364122649164
PTPRT,0.0
PTPRU,0.0
PTPRVP,0.0
PTPRZ1,3.2268311007719617
PTRF,0.0
PTRH1,1.77598664737081
PTRH2,0.0
PTRHD1,0.4127178969233909
PTS,0.0
PTTG1,0.0
PTTG1IP,1.9972334333569983
PTTG2,0.0
PTTG3P,0.0
PTTG4P,0.0
PTX3,0.0
PTX4,0.0
PUF60,0.0
PUF60,0.0
PUM1,1.8451858371752416
PUM2,2.7459172175869795
PURA,0.253644744093139
PURB,0.6204550963106681
PURG,1.1364750726028654
PUS1,0.0
PUS10,0.0
PUS3,0.0
PUS7,0.0
PUS7L,2.007512212023229
PUSL1,0.0
PVALB,0.0
PVR,0.0
PVRIG,0.0
PVRIG2P,0.0
PVRL1,0.0
PVRL2,0.253644744093139
PVRL3,0.0
PVRL3-AS1,0.0
PVRL4,0.0
PVT1,1.686600231622561
PWAR6,2.138118749168065
PWP1,1.8691171639943336
PWP2,0.5288907918624668
PWRN1,1.0219824427879696
PWRN2,0.0
PWRN3,0.0
PWRN4,0.0
PWWP2A,1.3018627585701523
PWWP2AP1,0.0
PWWP2B,0.0
PXDC1,0.0
PXDN,0.0
PXDNL,0.0
PXK,0.0
PXMP2,0.0
PXMP4,0.0
PXN,1.3018627585701523
PXN-AS1,0.0
PXT1,0.0
PYCARD,0.0
PYCR1,0.0
PYCR2,1.6572748854262789
PYCRL,0.0
PYDC1,0.0
PYDC2,0.0
PYGB,1.9216847941836637
PYGL,0.0
PYGM,1.6175933905056985
PYGO1,1.864435233988068
PYGO2,0.0
PYHIN1,0.0
PYROXD1,0.0
PYROXD2,0.0
PYURF,0.0
PYY,0.0
PYY2,0.0
PYY3,0.0
PYY3,0.0
PZP,0.0
QARS,1.9133535980403211
QDPR,0.0
QKI,2.757511123010915
QPCT,0.0
QPCTL,0.0
QPRT,0.9879310210915638
QRFP,0.0
QRFPR,0.0
QRICH1,2.201014444446189
QRICH2,0.0
QRSL1,0.0
QRSL1P1,0.0
QRSL1P2,0.0
QRSL1P3,0.0
QSER1,0.253644744093139
QSOX1,0.0
QSOX2,0.0
QTRT1,0.0
QTRT1P1,0.0
QTRT1P1,0.0
QTRTD1,0.0
R3HCC1,0.0
R3HCC1L,0.0
R3HDM1,2.143103228985031
R3HDM2,2.453617969810736
R3HDM2P1,0.0
R3HDM2P2,0.0
R3HDM4,0.0
R3HDML,0.0
RAB10,2.601211848112426
RAB11A,0.6960356275201428
RAB11AP1,0.0
RAB11AP2,0.0
RAB11B,1.1840889676042927
RAB11B-AS1,0.0
RAB11FIP1,0.253644744093139
RAB11FIP1P1,0.0
RAB11FIP2,2.456035688815971
RAB11FIP3,0.253644744093139
RAB11FIP4,0.0
RAB11FIP5,1.4467087411059607
RAB12,0.253644744093139
RAB13,0.0
RAB14,1.8549171766299344
RAB15,0.0
RAB17,0.0
RAB18,2.327975816989281
RAB19,0.0
RAB1A,0.0
RAB1B,1.693632285926403
RAB1C,0.0
RAB20,0.0
RAB21,0.9105921305334987
RAB22A,0.253644744093139
RAB23,0.0
RAB24,0.0
RAB25,0.0
RAB26,0.0
RAB27A,0.0
RAB27B,0.0
RAB28,1.2469559880685197
RAB2A,2.301268350872496
RAB2B,0.0
RAB30,1.89179836789066
RAB30-AS1,0.0
RAB31,2.8325317770020644
RAB32,0.0
RAB33A,0.0
RAB33B,2.1577223471671347
RAB34,0.0
RAB35,0.0
RAB36,0.0
RAB37,0.0
RAB38,0.0
RAB39A,0.0
RAB39B,0.0
RAB39B,0.0
RAB3A,0.0
RAB3B,0.4127178969233909
RAB3C,2.224237439077597
RAB3D,0.0
RAB3GAP1,0.0
RAB3GAP2,2.076264058037105
RAB3IL1,0.0
RAB3IP,0.0
RAB40A,0.0
RAB40AL,0.0
RAB40B,2.403564248032412
RAB40C,0.0
RAB41,0.0
RAB42,0.253644744093139
RAB42P1,0.0
RAB43,0.0
RAB43P1,0.0
RAB44,0.0
RAB4A,2.238394274207005
RAB4B,0.0
RAB4B-EGLN2,0.0
RAB5A,0.0
RAB5B,0.9105921305334987
RAB5C,0.866058549240148
RAB5CP1,0.0
RAB5CP2,0.0
RAB6A,1.1840889676042927
RAB6B,1.7271797157291466
RAB6C,0.0
RAB7A,2.073364122649164
RAB7L1,1.3944163697813394
RAB8A,0.0
RAB8B,0.9509808635159877
RAB9A,0.0
RAB9AP1,0.0
RAB9AP2,0.0
RAB9AP3,0.0
RAB9AP4,0.0
RAB9AP5,0.0
RAB9B,0.0
RAB9BP1,0.0
RABAC1,0.0
RABAC1,0.0
RABEP1,0.0
RABEP2,0.0
RABEPK,0.0
RABEPKP1,0.0
RABGAP1,1.60064667142076
RABGAP1L,1.9378825323901545
RABGAP1L-IT1,0.0
RABGEF1,1.60064667142076
RABGGTA,0.0
RABGGTB,0.0
RABIF,0.0
RABL2A,0.0
RABL2B,0.0
RABL2B,0.0
RABL3,0.253644744093139
RABL5,0.0
RABL6,0.0
RAC1,1.8092989910424864
RAC1P1,0.0
RAC1P2,0.0
RAC1P3,0.0
RAC1P4,0.0
RAC1P5,0.0
RAC1P6,0.0
RAC1P7,0.0
RAC1P8,0.0
RAC2,0.0
RAC3,0.0
RACGAP1,0.0
RAD1,0.0
RAD17,0.6960356275201428
RAD17,0.0
RAD17P1,0.0
RAD17P2,0.0
RAD18,0.0
RAD21,0.0
RAD21-AS1,0.0
RAD21L1,0.0
RAD23A,0.6960356275201428
RAD23B,0.5288907918624668
RAD23BLP,0.0
RAD23BP1,0.0
RAD23BP2,0.0
RAD50,0.0
RAD51,0.0
RAD51-AS1,0.0
RAD51AP1,0.0
RAD51AP2,0.0
RAD51B,0.7603920768618123
RAD51C,0.0
RAD51D,0.0
RAD51L3-RFFL,0.0
RAD52,2.2709681281719027
RAD54B,0.0
RAD54L,0.0
RAD54L2,1.1609342125054871
RAD9A,0.0
RAD9B,0.0
RADIL,0.0
RAE1,0.0
RAET1E,0.0
RAET1E-AS1,0.0
RAET1G,0.0
RAET1K,0.0
RAET1L,0.0
RAET1M,0.0
RAF1,2.734640448419029
RAG1,0.0
RAG2,0.0
RAI1,0.0
RAI1-AS1,0.0
RAI14,0.0
RAI2,0.0
RALA,0.0
RALB,0.5288907918624668
RALBP1,0.0
RALGAPA1,2.7446786059511097
RALGAPA1P,1.1105557679530071
RALGAPA2,2.2746445520460137
RALGAPB,0.0
RALGDS,2.0555457066445686
RALGPS1,0.0
RALGPS2,0.0
RALY,0.0
RALYL,0.0
RAMP1,2.209603534240357
RAMP2,0.0
RAMP2-AS1,0.0
RAMP3,0.0
RAN,2.554807672699394
RANBP1,1.5042992690810633
RANBP10,2.265394471759429
RANBP17,0.0
RANBP2,2.5381682749374206
RANBP20P,0.0
RANBP3,0.0
RANBP3L,1.7461308297538636
RANBP6,0.0
RANBP9,2.0305902524630275
RANGAP1,0.0
RANGRF,0.0
RANP1,0.0
RANP1,0.0
RANP1,0.0
RANP1,0.0
RANP1,0.0
RANP1,0.0
RANP2,0.0
RANP3,0.0
RANP4,0.0
RANP5,0.0
RANP6,0.0
RANP7,0.0
RANP8,0.0
RANP9,0.0
RAP1A,0.0
RAP1AP,0.0
RAP1B,0.6960356275201428
RAP1GAP,0.6204550963106681
RAP1GAP2,0.0
RAP1GDS1,3.0378039120613964
RAP2A,0.4127178969233909
RAP2B,0.0
RAP2C,2.510356388767032
RAP2C-AS1,0.0
RAP2CP1,0.0
RAPGEF1,0.0
RAPGEF2,2.4273845300410013
RAPGEF3,1.7206743438370773
RAPGEF4,0.6960356275201428
RAPGEF4-AS1,0.0
RAPGEF5,0.0
RAPGEF6,2.1042457017450573
RAPGEFL1,0.0
RAPH1,0.0
RAPSN,0.0
RARA,0.0
RARB,1.909127290849204
RARG,2.257849883007614
RARRES1,0.0
RARRES2,2.0704446931415355
RARRES2P1,0.0
RARRES2P2,0.0
RARRES2P3,0.0
RARRES2P4,0.0
RARRES2P4,0.0
RARRES2P5,0.0
RARRES2P6,0.0
RARRES2P7,0.0
RARRES2P8,0.0
RARRES2P9,0.0
RARRES3,1.9573154496595009
RARS,0.9509808635159877
RARS2,2.353135592761752
RASA1,2.040117379352544
RASA2,0.0
RASA2-IT1,0.0
RASA3,1.2469559880685197
RASA3-IT1,0.0
RASA4,0.5288907918624668
RASA4B,0.0
RASA4CP,0.0
RASA4DP,0.0
RASAL1,0.0
RASAL2,0.0
RASAL2-AS1,0.0
RASAL3,0.0
RASD1,1.60064667142076
RASD2,0.0
RASEF,0.0
RASGEF1A,0.0
RASGEF1B,0.0
RASGEF1C,0.0
RASGRF1,1.2843206418841475
RASGRF2,1.1609342125054871
RASGRP1,0.0
RASGRP2,0.0
RASGRP3,0.0
RASGRP4,0.0
RASIP1,0.0
RASL10A,0.0
RASL10B,0.0
RASL10B,0.0
RASL11A,0.0
RASL11B,1.5551393200304595
RASL12,0.0
RASSF1,0.0
RASSF10,0.0
RASSF2,0.0
RASSF3,0.0
RASSF4,0.866058549240148
RASSF5,0.0
RASSF5,0.0
RASSF6,0.0
RASSF7,0.0
RASSF8,0.9879310210915638
RASSF8-AS1,1.8402371571691645
RASSF9,0.0
RAVER1,0.0
RAVER2,0.5288907918624668
RAX,0.0
RAX2,0.0
RB1,1.0219824427879696
RB1CC1,1.9759159375793864
RBAK,0.0
RBAK-RBAKDN,0.0
RBAKDN,0.0
RBBP4,0.6204550963106681
RBBP4P1,0.0
RBBP4P2,0.0
RBBP4P3,0.0
RBBP4P4,0.0
RBBP4P5,0.0
RBBP4P6,0.0
RBBP5,0.0
RBBP6,2.114952341510742
RBBP7,0.0
RBBP8,0.0
RBBP8NL,0.0
RBBP8P1,0.0
RBBP9,0.0
RBCK1,1.6175933905056985
RBFA,0.0
RBFADN,0.0
RBFOX1,0.0
RBFOX2,2.6711978554104885
RBFOX3,0.0
RBKS,0.0
RBL1,0.0
RBL1,0.0
RBL2,2.4679264210383858
RBM10,0.0
RBM10,0.0
RBM11,0.0
RBM12,0.0
RBM12B,0.0
RBM12B-AS1,0.0
RBM14,0.0
RBM14-RBM4,0.0
RBM15,0.0
RBM15B,0.0
RBM15B,0.0
RBM17,0.0
RBM18,0.0
RBM19,0.0
RBM20,0.0
RBM22,1.3944163697813394
RBM22P1,0.0
RBM22P10,0.0
RBM22P10,0.0
RBM22P11,0.0
RBM22P2,0.0
RBM22P3,0.0
RBM22P5,0.0
RBM22P6,0.0
RBM22P6,0.0
RBM22P7,0.0
RBM22P7,0.0
RBM22P8,0.0
RBM22P9,0.0
RBM23,0.0
RBM24,0.0
RBM25,2.230361246613381
RBM26,1.7873770459247007
RBM26-AS1,1.266040025979822
RBM27,0.8164310788769841
RBM28,2.705775692307806
RBM3,0.0
RBM3,0.0
RBM33,0.6960356275201428
RBM34,1.60064667142076
RBM38,0.0
RBM39,2.9280961229162474
RBM4,0.5288907918624668
RBM41,1.7206743438370773
RBM42,0.0
RBM43,2.6287948062436306
RBM43P1,0.0
RBM44,0.0
RBM45,0.0
RBM46,0.0
RBM47,0.0
RBM48,0.0
RBM48P1,0.0
RBM4B,1.591918701844707
RBM5,0.253644744093139
RBM6,2.675582781787429
RBM7,0.0
RBM8A,0.0
RBM8A,0.6204550963106681
RBM8B,0.0
RBMS1,0.0
RBMS1P1,0.0
RBMS2,0.253644744093139
RBMS2P1,0.0
RBMS3,2.715832970019766
RBMS3-AS1,0.0
RBMS3-AS2,0.0
RBMS3-AS3,0.0
RBMX,1.6339035873850103
RBMX2,1.1364750726028654
RBMX2P1,0.0
RBMX2P2,0.0
RBMX2P2,0.0
RBMX2P3,0.0
RBMX2P4,0.0
RBMX2P5,0.0
RBMXL1,2.5321399469709243
RBMXL2,0.0
RBMXL3,0.0
RBMXL3,0.0
RBMXP1,0.0
RBMXP2,0.0
RBMXP4,0.0
RBMY1A1,0.0
RBMY1A3P,0.0
RBMY1B,0.0
RBMY1D,0.0
RBMY1E,0.0
RBMY1F,0.0
RBMY1HP,0.0
RBMY1J,0.0
RBMY1KP,0.0
RBMY2AP,0.0
RBMY2BP,0.0
RBMY2DP,0.0
RBMY2EP,0.0
RBMY2FP,0.0
RBMY2GP,0.0
RBMY2HP,0.0
RBMY2JP,0.0
RBMY2KP,0.0
RBMY2NP,0.0
RBMY2OP,0.0
RBMY2QP,0.0
RBMY2TP,0.0
RBMY2UP,0.0
RBMY2WP,0.0
RBMY2XP,0.0
RBMY2YP,0.0
RBMY3AP,0.0
RBP1,0.0
RBP2,0.0
RBP3,0.0
RBP3,0.0
RBP4,0.0
RBP5,1.900549254498717
RBP7,0.0
RBPJ,1.3506004547184218
RBPJL,0.0
RBPJP2,0.0
RBPJP5,0.0
RBPJP6,0.0
RBPJP7,0.0
RBPMS,2.6905904863199512
RBPMS-AS1,0.0
RBPMS2,0.0
RBPMSLP,0.0
RBX1,1.8301673481627088
RC3H1,1.1609342125054871
RC3H1-IT1,0.0
RC3H2,1.7984763234491472
RCAN1,0.0
RCAN2,1.7461308297538636
RCAN3,0.0
RCBTB1,0.0
RCBTB2,0.0
RCBTB2P1,0.0
RCC1,0.0
RCC2,1.380296600302216
RCC2P1,0.0
RCC2P2,0.0
RCC2P3,0.0
RCC2P4,0.0
RCC2P5,0.0
RCC2P6,0.0
RCC2P7,0.0
RCC2P8,0.0
RCCD1,0.0
RCE1,0.0
RCHY1,0.5288907918624668
RCL1,2.285490700800916
RCN1,0.0
RCN1P1,0.0
RCN1P2,0.0
RCN2,0.866058549240148
RCN3,0.0
RCOR1,1.3944163697813394
RCOR2,0.0
RCOR3,0.5288907918624668
RCSD1,0.0
RCVRN,0.0
RD3,0.0
RD3L,0.0
RDH10,2.3725562736934447
RDH11,2.5421411689015114
RDH12,1.3187237340792874
RDH13,0.0
RDH13,0.0
RDH13,0.0
RDH13,0.0
RDH13,0.0
RDH13,0.0
RDH13,0.0
RDH13,0.0
RDH13,0.0
RDH13,0.0
RDH14,0.0
RDH16,0.0
RDH5,0.0
RDH8,0.0
RDM1,0.0
RDX,2.2746445520460137
REC8,0.0
RECK,0.0
RECQL,0.0
RECQL4,0.4127178969233909
RECQL5,0.866058549240148
REEP1,1.1609342125054871
REEP2,0.253644744093139
REEP3,0.0
REEP4,0.0
REEP5,1.0219824427879696
REEP6,0.0
REG1A,0.0
REG1B,0.0
REG1P,0.0
REG3A,0.0
REG3G,0.0
REG4,0.0
REL,0.0
RELA,1.76428944396994
RELB,0.0
RELL1,0.253644744093139
RELL2,0.0
RELN,0.0
RELT,0.0
REM1,0.0
REM2,0.0
REN,0.0
RENBP,0.0
RENBP,0.0
REP15,0.0
REPIN1,0.0
REPS1,1.5454363124656982
REPS2,0.0
RER1,0.253644744093139
RERE,1.2060714458283772
REREP1Y,0.0
REREP2Y,0.0
RERG,1.3506004547184218
RERG-AS1,1.6721850324842915
RERG-IT1,0.0
RERGL,0.0
RESP18,0.0
REST,2.0645462909179955
RET,0.0
RETN,0.0
RETNLB,0.0
RETSAT,0.4127178969233909
REV1,1.60064667142076
REV3L,1.3944163697813394
REV3L-IT1,0.0
REXO1,0.0
REXO1L1,0.0
REXO1L10P,0.0
REXO1L10P,0.0
REXO1L11P,0.0
REXO1L2P,0.0
REXO1L3P,0.0
REXO1L8P,0.0
REXO1L9P,0.0
REXO2,2.1672019996173213
REXO4,0.0
REXO4,0.0
RFC1,1.7271797157291466
RFC2,0.0
RFC2,0.0
RFC3,0.0
RFC3P1,0.0
RFC4,1.7399052260407448
RFC5,0.9105921305334987
RFESD,0.0
RFESDP1,0.0
RFFL,0.0
RFK,0.253644744093139
RFKP1,0.0
RFKP2,0.0
RFNG,0.0
RFPL1,0.0
RFPL1S,0.0
RFPL2,0.0
RFPL3,0.0
RFPL3S,0.0
RFPL4A,0.0
RFPL4AL1,0.0
RFPL4AP1,0.0
RFPL4AP3,0.0
RFPL4AP5,0.0
RFPL4AP7,0.0
RFPL4B,0.0
RFT1,0.0
RFTN1,0.0
RFTN1P1,0.0
RFTN2,3.0511749490815667
RFWD2,0.866058549240148
RFWD2P1,0.0
RFWD3,0.0
RFX1,0.0
RFX2,1.8198585011625843
RFX3,2.0305902524630275
RFX4,2.3994640132068383
RFX5,0.0
RFX6,0.0
RFX7,0.9509808635159877
RFX8,0.0
RFXANK,0.0
RFXAP,0.253644744093139
RGAG1,0.0
RGAG4,0.0
RGCC,0.0
RGL1,2.570833009316186
RGL2,0.0
RGL2,0.0
RGL2,0.0
RGL2,0.0
RGL2,0.0
RGL3,0.0
RGL4,0.6960356275201428
RGMA,0.6960356275201428
RGMB,1.9133535980403211
RGMB-AS1,0.0
RGN,0.0
RGN,0.0
RGP1,1.2060714458283772
RGPD1,0.0
RGPD2,0.0
RGPD3,0.253644744093139
RGPD4,0.0
RGPD5,0.253644744093139
RGPD6,0.253644744093139
RGPD8,0.0
RGR,0.0
RGS1,0.0
RGS10,0.0
RGS11,2.101527285126893
RGS12,1.4821708087520635
RGS13,0.0
RGS14,0.0
RGS16,2.2074721343026256
RGS17,0.0
RGS17P1,0.0
RGS18,0.0
RGS19,0.0
RGS2,1.0829908296976
RGS20,0.9105921305334987
RGS21,0.0
RGS22,1.2843206418841475
RGS3,0.0
RGS4,1.1609342125054871
RGS5,1.514954562424701
RGS6,1.2469559880685197
RGS7,0.0
RGS7BP,2.564305796566545
RGS8,0.0
RGS9,0.0
RGS9BP,0.0
RGSL1,0.0
RHAG,0.0
RHBDD1,0.0
RHBDD2,0.0
RHBDD2,0.0
RHBDD3,0.0
RHBDF1,0.4127178969233909
RHBDF1P1,0.0
RHBDF2,0.0
RHBDL1,0.0
RHBDL2,0.0
RHBDL3,0.0
RHBG,1.591918701844707
RHCE,0.0
RHCG,0.0
RHD,2.143103228985031
RHEB,1.8737491581138752
RHEBL1,0.0
RHEBP1,0.0
RHEBP1,0.0
RHEBP2,0.0
RHEBP2,0.0
RHEBP3,0.0
RHNO1,0.0
RHO,0.0
RHOA,2.6577710097981675
RHOA-IT1,0.253644744093139
RHOB,1.3187237340792874
RHOBTB1,0.0
RHOBTB2,0.0
RHOBTB3,1.8691171639943336
RHOC,1.0535570409588524
RHOD,0.0
RHOF,0.253644744093139
RHOG,0.0
RHOH,0.0
RHOJ,1.0829908296976
RHOQ,0.9105921305334987
RHOQP1,0.0
RHOQP2,0.0
RHOQP3,0.0
RHOT1,0.0
RHOT1P1,0.0
RHOT1P2,0.0
RHOT1P3,0.0
RHOT2,0.0
RHOU,0.0
RHOV,0.0
RHOXF1,0.0
RHOXF1,0.0
RHOXF2,0.0
RHOXF2,0.0
RHOXF2B,0.0
RHOXF2B,0.0
RHPN1,0.0
RHPN1-AS1,0.0
RHPN2,0.0
RIBC1,0.0
RIBC1,0.0
RIBC2,0.0
RIC3,1.8198585011625843
RIC8A,0.0
RIC8B,0.0
RICTOR,1.76428944396994
RIF1,2.340737875568996
RIIAD1,0.0
RILP,0.0
RILPL1,0.0
RILPL2,0.5288907918624668
RIMBP2,0.6204550963106681
RIMBP3,0.0
RIMBP3B,0.0
RIMBP3C,0.0
RIMKLA,0.0
RIMKLB,2.5391649108460674
RIMKLBP1,0.0
RIMKLBP2,0.0
RIMS1,2.386925797402599
RIMS2,0.0
RIMS3,0.0
RIMS4,0.0
RIN1,0.0
RIN2,2.9280961229162474
RIN3,0.0
RING1,0.0
RING1,0.0
RING1,0.0
RING1,0.0
RING1,0.0
RING1,0.0
RINL,0.0
RINT1,0.0
RIOK1,0.0
RIOK2,0.0
RIOK3,1.1364750726028654
RIOK3P1,0.0
RIPK1,0.0
RIPK2,0.0
RIPK3,0.0
RIPK4,0.0
RIPPLY1,0.0
RIPPLY2,0.0
RIPPLY3,0.0
RIT1,0.7603920768618123
RIT2,0.0
RLBP1,0.0
RLF,0.0
RLIM,0.253644744093139
RLIMP1,1.2269946489498065
RLIMP2,0.0
RLN1,0.0
RLN2,0.0
RLN3,0.0
RLTPR,0.0
RMDN1,2.491885036365916
RMDN2,0.0
RMDN2-AS1,0.0
RMDN3,1.3944163697813394
RMI1,0.0
RMI2,0.0
RMND1,0.0
RMND5A,0.866058549240148
RMND5B,2.641562976623124
RMRP,0.4127178969233909
RMRPP1,0.0
RMRPP2,0.0
RMRPP3,0.0
RMRPP4,0.0
RMRPP5,0.0
RMST,1.3506004547184218
RN7SK,1.0219824427879696
RN7SKP1,0.0
RN7SKP10,0.0
RN7SKP100,0.0
RN7SKP101,0.0
RN7SKP102,0.0
RN7SKP103,0.0
RN7SKP104,0.0
RN7SKP105,0.0
RN7SKP106,0.0
RN7SKP107,0.0
RN7SKP108,0.0
RN7SKP109,0.0
RN7SKP11,0.0
RN7SKP110,0.0
RN7SKP111,0.0
RN7SKP112,0.0
RN7SKP113,0.0
RN7SKP114,0.0
RN7SKP115,0.0
RN7SKP116,0.0
RN7SKP117,0.0
RN7SKP118,0.0
RN7SKP119,0.0
RN7SKP12,0.0
RN7SKP120,0.0
RN7SKP121,0.0
RN7SKP122,0.0
RN7SKP123,0.0
RN7SKP124,0.0
RN7SKP125,0.0
RN7SKP126,0.0
RN7SKP127,0.0
RN7SKP128,0.0
RN7SKP129,0.0
RN7SKP13,0.0
RN7SKP130,0.0
RN7SKP131,0.0
RN7SKP132,0.0
RN7SKP133,0.0
RN7SKP134,0.0
RN7SKP135,0.0
RN7SKP136,0.0
RN7SKP137,0.0
RN7SKP138,0.0
RN7SKP139,0.0
RN7SKP14,0.0
RN7SKP140,0.0
RN7SKP141,0.0
RN7SKP142,0.0
RN7SKP143,0.0
RN7SKP144,0.0
RN7SKP145,0.0
RN7SKP146,0.0
RN7SKP147,0.0
RN7SKP148,0.0
RN7SKP149,0.0
RN7SKP15,0.0
RN7SKP150,0.0
RN7SKP151,0.0
RN7SKP152,0.0
RN7SKP153,0.0
RN7SKP154,0.0
RN7SKP155,0.0
RN7SKP156,0.0
RN7SKP157,0.0
RN7SKP158,0.0
RN7SKP159,0.0
RN7SKP16,0.0
RN7SKP160,0.0
RN7SKP161,0.0
RN7SKP162,0.0
RN7SKP163,0.0
RN7SKP164,0.0
RN7SKP165,0.0
RN7SKP166,0.0
RN7SKP167,0.0
RN7SKP168,0.0
RN7SKP169,0.0
RN7SKP17,0.0
RN7SKP170,0.0
RN7SKP171,0.0
RN7SKP172,0.0
RN7SKP173,0.0
RN7SKP174,0.0
RN7SKP177,0.0
RN7SKP178,0.0
RN7SKP179,0.0
RN7SKP18,0.0
RN7SKP180,0.0
RN7SKP181,0.0
RN7SKP182,0.0
RN7SKP183,0.0
RN7SKP184,0.0
RN7SKP185,0.0
RN7SKP186,0.0
RN7SKP187,0.0
RN7SKP188,0.0
RN7SKP189,0.0
RN7SKP189,0.0
RN7SKP19,0.0
RN7SKP190,0.0
RN7SKP191,0.0
RN7SKP192,0.0
RN7SKP193,0.0
RN7SKP194,0.0
RN7SKP195,0.0
RN7SKP196,0.0
RN7SKP197,0.0
RN7SKP198,0.0
RN7SKP199,0.0
RN7SKP2,0.0
RN7SKP20,0.0
RN7SKP200,0.0
RN7SKP201,0.0
RN7SKP202,0.0
RN7SKP203,0.0
RN7SKP204,0.0
RN7SKP205,0.0
RN7SKP206,0.0
RN7SKP207,0.0
RN7SKP208,0.0
RN7SKP209,0.0
RN7SKP21,0.0
RN7SKP210,0.0
RN7SKP211,0.0
RN7SKP212,0.0
RN7SKP213,0.0
RN7SKP214,0.0
RN7SKP215,0.0
RN7SKP216,0.0
RN7SKP217,0.0
RN7SKP218,0.0
RN7SKP219,0.0
RN7SKP22,0.0
RN7SKP220,0.0
RN7SKP221,0.0
RN7SKP222,0.0
RN7SKP223,0.0
RN7SKP224,0.0
RN7SKP225,0.0
RN7SKP226,0.0
RN7SKP227,0.0
RN7SKP228,0.0
RN7SKP229,0.0
RN7SKP23,0.0
RN7SKP230,0.0
RN7SKP231,0.0
RN7SKP232,0.0
RN7SKP233,0.0
RN7SKP234,0.0
RN7SKP235,0.0
RN7SKP237,0.0
RN7SKP238,0.0
RN7SKP239,0.0
RN7SKP24,0.0
RN7SKP240,0.0
RN7SKP241,0.0
RN7SKP242,0.0
RN7SKP243,0.0
RN7SKP244,0.0
RN7SKP245,0.0
RN7SKP246,0.0
RN7SKP247,0.0
RN7SKP248,0.0
RN7SKP249,0.0
RN7SKP25,0.0
RN7SKP250,0.0
RN7SKP252,0.0
RN7SKP253,0.0
RN7SKP254,0.0
RN7SKP255,0.0
RN7SKP256,0.0
RN7SKP257,0.0
RN7SKP258,0.0
RN7SKP259,0.0
RN7SKP26,0.0
RN7SKP260,0.0
RN7SKP261,0.0
RN7SKP262,0.0
RN7SKP263,0.0
RN7SKP264,0.0
RN7SKP265,0.0
RN7SKP266,0.0
RN7SKP267,0.0
RN7SKP267,0.0
RN7SKP268,0.0
RN7SKP269,0.0
RN7SKP27,0.0
RN7SKP270,0.0
RN7SKP271,0.0
RN7SKP272,0.0
RN7SKP273,0.0
RN7SKP274,0.0
RN7SKP274,0.0
RN7SKP275,0.0
RN7SKP276,0.0
RN7SKP277,0.0
RN7SKP278,0.0
RN7SKP279,0.0
RN7SKP28,0.0
RN7SKP280,0.0
RN7SKP281,0.0
RN7SKP282,0.0
RN7SKP283,0.0
RN7SKP284,0.0
RN7SKP285,0.0
RN7SKP286,0.0
RN7SKP287,0.0
RN7SKP288,0.0
RN7SKP289,0.0
RN7SKP29,0.0
RN7SKP291,0.0
RN7SKP292,0.0
RN7SKP293,0.0
RN7SKP294,0.0
RN7SKP295,0.0
RN7SKP296,0.0
RN7SKP297,0.0
RN7SKP298,0.0
RN7SKP3,0.0
RN7SKP30,0.0
RN7SKP31,0.0
RN7SKP32,0.0
RN7SKP33,0.0
RN7SKP34,0.0
RN7SKP35,0.0
RN7SKP36,0.0
RN7SKP37,0.0
RN7SKP38,0.0
RN7SKP39,0.0
RN7SKP40,0.0
RN7SKP41,0.0
RN7SKP42,0.0
RN7SKP43,0.0
RN7SKP44,0.0
RN7SKP45,0.0
RN7SKP46,0.0
RN7SKP47,0.0
RN7SKP48,0.0
RN7SKP49,0.0
RN7SKP5,0.0
RN7SKP50,0.0
RN7SKP51,0.0
RN7SKP52,0.0
RN7SKP53,0.0
RN7SKP54,0.0
RN7SKP55,0.0
RN7SKP56,0.0
RN7SKP57,0.0
RN7SKP58,0.0
RN7SKP59,0.0
RN7SKP6,0.0
RN7SKP60,0.0
RN7SKP61,0.0
RN7SKP62,0.0
RN7SKP63,0.0
RN7SKP64,0.0
RN7SKP65,0.0
RN7SKP66,0.0
RN7SKP67,0.0
RN7SKP68,0.0
RN7SKP69,0.0
RN7SKP7,0.0
RN7SKP70,0.0
RN7SKP71,0.0
RN7SKP72,0.0
RN7SKP73,0.0
RN7SKP74,0.0
RN7SKP75,0.0
RN7SKP76,0.0
RN7SKP77,0.0
RN7SKP78,0.0
RN7SKP79,0.0
RN7SKP8,0.0
RN7SKP80,0.253644744093139
RN7SKP81,0.0
RN7SKP82,0.0
RN7SKP83,0.0
RN7SKP84,0.0
RN7SKP85,0.0
RN7SKP86,0.0
RN7SKP87,0.0
RN7SKP88,0.0
RN7SKP88,0.0
RN7SKP89,0.0
RN7SKP9,0.0
RN7SKP90,0.0
RN7SKP91,0.0
RN7SKP92,0.0
RN7SKP93,0.0
RN7SKP94,0.0
RN7SKP95,0.0
RN7SKP96,0.0
RN7SKP97,0.0
RN7SKP98,0.0
RN7SKP99,0.0
RN7SL1,1.1364750726028654
RN7SL100P,0.0
RN7SL101P,0.0
RN7SL102P,0.0
RN7SL103P,0.0
RN7SL104P,0.0
RN7SL105P,0.0
RN7SL106P,0.0
RN7SL107P,0.0
RN7SL108P,0.0
RN7SL109P,0.0
RN7SL10P,0.0
RN7SL110P,0.0
RN7SL111P,0.0
RN7SL112P,0.0
RN7SL113P,0.0
RN7SL114P,0.0
RN7SL115P,0.0
RN7SL116P,0.0
RN7SL117P,0.0
RN7SL118P,0.0
RN7SL119P,0.0
RN7SL11P,0.0
RN7SL120P,0.0
RN7SL121P,0.0
RN7SL122P,0.0
RN7SL123P,0.0
RN7SL124P,0.0
RN7SL125P,0.0
RN7SL126P,0.0
RN7SL127P,0.0
RN7SL128P,0.0
RN7SL129P,0.0
RN7SL12P,0.0
RN7SL130P,0.0
RN7SL131P,0.0
RN7SL132P,0.0
RN7SL133P,0.0
RN7SL134P,0.0
RN7SL135P,0.0
RN7SL136P,0.0
RN7SL137P,0.0
RN7SL138P,0.0
RN7SL139P,0.0
RN7SL139P,0.0
RN7SL13P,0.0
RN7SL140P,0.0
RN7SL141P,0.0
RN7SL142P,0.0
RN7SL143P,0.0
RN7SL144P,0.0
RN7SL145P,0.0
RN7SL146P,0.0
RN7SL147P,0.0
RN7SL147P,0.0
RN7SL148P,0.0
RN7SL149P,0.0
RN7SL14P,0.0
RN7SL150P,0.0
RN7SL151P,0.0
RN7SL152P,0.0
RN7SL153P,0.0
RN7SL154P,0.0
RN7SL155P,0.0
RN7SL156P,0.0
RN7SL157P,0.0
RN7SL158P,0.0
RN7SL159P,0.0
RN7SL15P,0.0
RN7SL160P,0.0
RN7SL160P,0.0
RN7SL161P,0.0
RN7SL162P,0.0
RN7SL163P,0.0
RN7SL164P,0.0
RN7SL165P,0.0
RN7SL166P,0.0
RN7SL167P,0.0
RN7SL168P,0.0
RN7SL169P,0.0
RN7SL16P,0.0
RN7SL170P,0.0
RN7SL171P,0.0
RN7SL172P,0.0
RN7SL173P,0.0
RN7SL174P,0.0
RN7SL175P,0.0
RN7SL176P,0.0
RN7SL177P,0.0
RN7SL178P,0.0
RN7SL179P,0.0
RN7SL17P,0.8164310788769841
RN7SL180P,0.0
RN7SL181P,0.0
RN7SL182P,0.0
RN7SL183P,0.0
RN7SL184P,0.0
RN7SL185P,0.0
RN7SL186P,0.0
RN7SL187P,0.0
RN7SL188P,0.0
RN7SL189P,0.0
RN7SL18P,0.0
RN7SL190P,0.0
RN7SL190P,0.0
RN7SL191P,0.0
RN7SL192P,0.0
RN7SL193P,0.0
RN7SL194P,0.0
RN7SL195P,0.0
RN7SL196P,0.0
RN7SL197P,0.0
RN7SL198P,0.0
RN7SL199P,0.0
RN7SL199P,0.0
RN7SL19P,0.0
RN7SL2,1.0535570409588524
RN7SL200P,0.0
RN7SL201P,0.0
RN7SL202P,0.0
RN7SL204P,0.0
RN7SL205P,0.0
RN7SL206P,0.0
RN7SL207P,0.0
RN7SL208P,0.0
RN7SL209P,0.0
RN7SL20P,0.0
RN7SL210P,0.0
RN7SL211P,0.0
RN7SL212P,0.0
RN7SL212P,0.0
RN7SL213P,0.0
RN7SL214P,0.0
RN7SL215P,0.0
RN7SL216P,0.0
RN7SL217P,0.0
RN7SL218P,0.0
RN7SL219P,0.0
RN7SL21P,0.0
RN7SL220P,0.0
RN7SL221P,0.0
RN7SL222P,0.0
RN7SL223P,0.0
RN7SL224P,0.0
RN7SL225P,0.0
RN7SL226P,0.0
RN7SL227P,0.0
RN7SL228P,0.0
RN7SL229P,0.0
RN7SL22P,0.0
RN7SL230P,0.0
RN7SL231P,0.0
RN7SL232P,0.0
RN7SL233P,0.0
RN7SL234P,0.0
RN7SL235P,0.0
RN7SL236P,0.0
RN7SL237P,0.0
RN7SL238P,0.0
RN7SL239P,0.0
RN7SL23P,0.0
RN7SL240P,0.0
RN7SL241P,0.0
RN7SL242P,0.0
RN7SL243P,0.0
RN7SL244P,0.0
RN7SL245P,0.0
RN7SL246P,0.0
RN7SL247P,0.0
RN7SL248P,0.0
RN7SL248P,0.0
RN7SL24P,0.0
RN7SL250P,0.0
RN7SL251P,0.0
RN7SL252P,0.0
RN7SL253P,0.0
RN7SL254P,0.0
RN7SL255P,0.0
RN7SL256P,0.0
RN7SL257P,0.0
RN7SL258P,0.0
RN7SL259P,0.0
RN7SL25P,0.0
RN7SL261P,0.0
RN7SL262P,0.0
RN7SL262P,0.0
RN7SL263P,0.253644744093139
RN7SL264P,0.0
RN7SL265P,0.0
RN7SL265P,0.0
RN7SL266P,0.0
RN7SL267P,0.0
RN7SL268P,0.0
RN7SL269P,0.0
RN7SL26P,0.0
RN7SL270P,0.0
RN7SL271P,0.0
RN7SL272P,0.0
RN7SL273P,0.0
RN7SL274P,0.0
RN7SL275P,0.0
RN7SL276P,0.0
RN7SL277P,0.0
RN7SL278P,0.0
RN7SL279P,0.0
RN7SL280P,0.0
RN7SL281P,0.0
RN7SL282P,0.0
RN7SL283P,0.0
RN7SL284P,0.0
RN7SL285P,0.0
RN7SL286P,0.0
RN7SL287P,0.0
RN7SL288P,0.0
RN7SL289P,0.0
RN7SL28P,0.0
RN7SL290P,0.0
RN7SL291P,0.0
RN7SL292P,0.0
RN7SL293P,0.0
RN7SL294P,0.0
RN7SL295P,0.0
RN7SL296P,0.0
RN7SL297P,2.12020827975257
RN7SL298P,0.0
RN7SL299P,0.0
RN7SL29P,0.0
RN7SL3,0.0
RN7SL300P,0.0
RN7SL301P,0.0
RN7SL302P,0.0
RN7SL303P,0.0
RN7SL304P,0.0
RN7SL305P,0.0
RN7SL306P,0.0
RN7SL307P,0.0
RN7SL308P,0.0
RN7SL309P,0.0
RN7SL30P,0.0
RN7SL310P,0.0
RN7SL311P,0.0
RN7SL312P,0.0
RN7SL313P,0.0
RN7SL314P,0.0
RN7SL315P,0.0
RN7SL316P,0.0
RN7SL317P,0.0
RN7SL318P,0.0
RN7SL319P,0.0
RN7SL31P,0.0
RN7SL320P,0.0
RN7SL321P,0.0
RN7SL322P,0.0
RN7SL323P,0.0
RN7SL324P,0.0
RN7SL325P,0.0
RN7SL326P,0.0
RN7SL327P,0.0
RN7SL328P,0.0
RN7SL329P,0.0
RN7SL32P,0.0
RN7SL330P,0.0
RN7SL331P,0.0
RN7SL332P,0.0
RN7SL333P,0.0
RN7SL334P,0.0
RN7SL335P,0.0
RN7SL336P,0.0
RN7SL337P,0.0
RN7SL338P,0.0
RN7SL339P,0.0
RN7SL33P,0.0
RN7SL340P,0.0
RN7SL341P,0.0
RN7SL342P,0.0
RN7SL343P,0.0
RN7SL344P,0.0
RN7SL345P,0.0
RN7SL346P,0.0
RN7SL347P,0.0
RN7SL348P,0.0
RN7SL349P,0.0
RN7SL34P,0.0
RN7SL350P,0.0
RN7SL351P,0.0
RN7SL352P,0.0
RN7SL353P,0.0
RN7SL354P,0.0
RN7SL355P,0.0
RN7SL355P,0.0
RN7SL356P,0.0
RN7SL357P,0.0
RN7SL358P,0.0
RN7SL359P,0.0
RN7SL35P,0.0
RN7SL360P,0.0
RN7SL361P,0.0
RN7SL362P,0.0
RN7SL363P,0.0
RN7SL364P,0.0
RN7SL365P,0.0
RN7SL366P,0.0
RN7SL367P,0.0
RN7SL368P,0.0
RN7SL369P,0.0
RN7SL36P,0.0
RN7SL370P,0.0
RN7SL371P,0.0
RN7SL372P,0.0
RN7SL373P,0.0
RN7SL374P,0.0
RN7SL375P,0.0
RN7SL376P,0.0
RN7SL377P,0.0
RN7SL377P,0.0
RN7SL378P,0.0
RN7SL379P,0.0
RN7SL37P,0.0
RN7SL380P,0.0
RN7SL381P,0.0
RN7SL382P,0.0
RN7SL383P,0.0
RN7SL384P,0.0
RN7SL385P,0.0
RN7SL386P,0.0
RN7SL387P,0.0
RN7SL388P,0.0
RN7SL389P,0.0
RN7SL38P,0.0
RN7SL390P,0.0
RN7SL391P,0.0
RN7SL392P,0.0
RN7SL393P,0.253644744093139
RN7SL394P,0.0
RN7SL395P,0.0
RN7SL396P,0.0
RN7SL397P,0.0
RN7SL398P,0.0
RN7SL399P,0.0
RN7SL39P,0.0
RN7SL400P,0.0
RN7SL401P,0.0
RN7SL402P,0.0
RN7SL403P,0.0
RN7SL404P,0.0
RN7SL405P,0.0
RN7SL406P,0.0
RN7SL407P,0.0
RN7SL408P,0.0
RN7SL409P,0.0
RN7SL40P,0.0
RN7SL410P,0.0
RN7SL411P,0.0
RN7SL412P,0.0
RN7SL413P,0.0
RN7SL414P,0.0
RN7SL415P,0.0
RN7SL416P,0.0
RN7SL417P,0.6960356275201428
RN7SL418P,0.0
RN7SL419P,0.0
RN7SL41P,0.0
RN7SL420P,0.0
RN7SL421P,0.0
RN7SL422P,0.0
RN7SL423P,0.0
RN7SL424P,0.0
RN7SL425P,0.0
RN7SL426P,0.0
RN7SL428P,0.0
RN7SL429P,0.0
RN7SL42P,0.0
RN7SL430P,0.0
RN7SL431P,1.2843206418841475
RN7SL432P,0.0
RN7SL434P,0.0
RN7SL435P,0.0
RN7SL436P,0.0
RN7SL437P,0.0
RN7SL438P,0.0
RN7SL439P,0.0
RN7SL43P,0.0
RN7SL440P,0.0
RN7SL441P,0.0
RN7SL442P,0.0
RN7SL443P,0.0
RN7SL444P,0.0
RN7SL445P,0.0
RN7SL446P,0.0
RN7SL447P,0.0
RN7SL448P,0.0
RN7SL449P,0.0
RN7SL44P,0.0
RN7SL450P,0.0
RN7SL451P,0.0
RN7SL452P,0.0
RN7SL453P,0.0
RN7SL453P,0.0
RN7SL454P,0.0
RN7SL455P,0.0
RN7SL456P,0.0
RN7SL457P,0.0
RN7SL458P,0.0
RN7SL458P,0.0
RN7SL459P,0.0
RN7SL45P,0.0
RN7SL460P,0.0
RN7SL460P,0.0
RN7SL461P,0.0
RN7SL462P,0.0
RN7SL463P,0.0
RN7SL464P,0.0
RN7SL465P,0.0
RN7SL466P,0.0
RN7SL467P,0.0
RN7SL468P,0.0
RN7SL469P,0.0
RN7SL46P,0.0
RN7SL470P,0.0
RN7SL471P,0.0
RN7SL472P,0.0
RN7SL473P,0.0
RN7SL474P,0.0
RN7SL475P,0.0
RN7SL476P,0.0
RN7SL477P,0.0
RN7SL478P,0.0
RN7SL479P,0.0
RN7SL47P,1.77598664737081
RN7SL480P,0.0
RN7SL480P,0.0
RN7SL481P,0.0
RN7SL482P,0.0
RN7SL483P,0.0
RN7SL484P,0.0
RN7SL485P,0.0
RN7SL486P,0.0
RN7SL487P,0.0
RN7SL488P,0.0
RN7SL489P,0.0
RN7SL48P,0.0
RN7SL490P,0.0
RN7SL491P,0.0
RN7SL492P,0.0
RN7SL493P,0.0
RN7SL494P,0.0
RN7SL495P,0.0
RN7SL496P,0.0
RN7SL497P,0.0
RN7SL498P,0.0
RN7SL499P,0.0
RN7SL49P,0.0
RN7SL4P,0.253644744093139
RN7SL500P,0.0
RN7SL501P,0.0
RN7SL502P,0.0
RN7SL503P,0.0
RN7SL504P,0.0
RN7SL505P,0.0
RN7SL506P,0.0
RN7SL507P,0.0
RN7SL508P,0.0
RN7SL509P,0.0
RN7SL50P,0.0
RN7SL510P,0.0
RN7SL511P,0.0
RN7SL512P,0.0
RN7SL513P,0.0
RN7SL514P,0.0
RN7SL515P,0.0
RN7SL516P,0.0
RN7SL517P,0.0
RN7SL518P,0.0
RN7SL519P,0.0
RN7SL51P,0.0
RN7SL520P,0.0
RN7SL521P,0.0
RN7SL522P,0.0
RN7SL523P,0.0
RN7SL524P,0.0
RN7SL525P,0.0
RN7SL526P,0.0
RN7SL527P,0.0
RN7SL528P,0.0
RN7SL529P,0.0
RN7SL52P,0.0
RN7SL530P,0.0
RN7SL531P,0.0
RN7SL532P,0.0
RN7SL533P,0.0
RN7SL534P,0.0
RN7SL535P,0.0
RN7SL536P,0.0
RN7SL537P,0.0
RN7SL538P,0.0
RN7SL539P,0.0
RN7SL53P,0.0
RN7SL540P,0.0
RN7SL541P,0.0
RN7SL542P,0.0
RN7SL543P,0.0
RN7SL544P,0.0
RN7SL545P,0.0
RN7SL546P,0.0
RN7SL547P,0.0
RN7SL548P,0.0
RN7SL549P,0.0
RN7SL54P,0.0
RN7SL550P,0.0
RN7SL551P,0.0
RN7SL552P,0.0
RN7SL553P,0.0
RN7SL554P,0.0
RN7SL555P,0.0
RN7SL556P,0.0
RN7SL557P,0.0
RN7SL558P,0.0
RN7SL559P,0.0
RN7SL55P,1.7522684493138374
RN7SL560P,0.0
RN7SL561P,0.0
RN7SL562P,0.0
RN7SL563P,0.0
RN7SL564P,0.0
RN7SL565P,0.0
RN7SL566P,0.0
RN7SL567P,0.0
RN7SL568P,0.0
RN7SL569P,0.0
RN7SL56P,0.0
RN7SL570P,0.0
RN7SL571P,0.0
RN7SL572P,0.0
RN7SL573P,0.0
RN7SL574P,0.0
RN7SL575P,0.0
RN7SL576P,0.0
RN7SL577P,0.0
RN7SL578P,0.0
RN7SL579P,0.0
RN7SL57P,0.0
RN7SL580P,0.0
RN7SL581P,0.0
RN7SL582P,0.0
RN7SL583P,0.0
RN7SL584P,0.0
RN7SL585P,0.0
RN7SL586P,0.0
RN7SL587P,0.0
RN7SL588P,0.0
RN7SL589P,0.0
RN7SL58P,0.0
RN7SL590P,0.0
RN7SL591P,0.0
RN7SL592P,0.0
RN7SL594P,0.0
RN7SL595P,0.0
RN7SL596P,0.0
RN7SL597P,0.0
RN7SL598P,0.0
RN7SL599P,0.0
RN7SL59P,0.0
RN7SL5P,0.0
RN7SL600P,0.0
RN7SL601P,0.0
RN7SL602P,0.0
RN7SL603P,0.0
RN7SL604P,0.0
RN7SL605P,0.0
RN7SL606P,0.0
RN7SL607P,0.0
RN7SL608P,0.0
RN7SL609P,0.0
RN7SL60P,0.0
RN7SL610P,0.0
RN7SL611P,0.0
RN7SL612P,0.0
RN7SL613P,0.0
RN7SL614P,0.0
RN7SL615P,0.0
RN7SL616P,0.0
RN7SL617P,0.0
RN7SL618P,0.0
RN7SL619P,0.0
RN7SL61P,0.0
RN7SL620P,0.0
RN7SL621P,0.0
RN7SL622P,0.0
RN7SL623P,0.0
RN7SL624P,0.0
RN7SL625P,0.0
RN7SL625P,0.0
RN7SL626P,0.253644744093139
RN7SL627P,0.0
RN7SL628P,0.0
RN7SL629P,0.0
RN7SL62P,0.0
RN7SL630P,0.0
RN7SL632P,0.0
RN7SL633P,0.0
RN7SL634P,0.0
RN7SL635P,0.0
RN7SL636P,0.0
RN7SL637P,0.0
RN7SL638P,0.0
RN7SL639P,0.0
RN7SL63P,0.0
RN7SL640P,0.0
RN7SL641P,0.0
RN7SL642P,0.0
RN7SL642P,0.0
RN7SL643P,0.0
RN7SL644P,0.0
RN7SL645P,0.0
RN7SL646P,0.0
RN7SL647P,0.0
RN7SL648P,0.5288907918624668
RN7SL649P,0.0
RN7SL64P,0.0
RN7SL650P,0.0
RN7SL651P,0.0
RN7SL652P,0.0
RN7SL653P,0.4127178969233909
RN7SL654P,0.0
RN7SL655P,0.0
RN7SL656P,0.0
RN7SL657P,0.0
RN7SL658P,0.0
RN7SL659P,0.0
RN7SL65P,0.0
RN7SL660P,0.0
RN7SL661P,0.0
RN7SL662P,0.0
RN7SL663P,0.0
RN7SL664P,0.0
RN7SL665P,0.0
RN7SL666P,0.0
RN7SL667P,0.0
RN7SL667P,0.0
RN7SL668P,0.0
RN7SL669P,0.0
RN7SL66P,0.0
RN7SL670P,0.0
RN7SL671P,0.0
RN7SL672P,0.0
RN7SL673P,0.0
RN7SL674P,0.0
RN7SL675P,0.0
RN7SL676P,0.0
RN7SL677P,0.0
RN7SL678P,0.0
RN7SL679P,0.0
RN7SL67P,0.0
RN7SL680P,0.0
RN7SL681P,0.0
RN7SL682P,0.0
RN7SL683P,0.0
RN7SL684P,0.0
RN7SL685P,0.0
RN7SL686P,0.0
RN7SL687P,0.0
RN7SL687P,0.0
RN7SL688P,0.0
RN7SL689P,0.0
RN7SL68P,1.2469559880685197
RN7SL690P,0.0
RN7SL691P,0.0
RN7SL692P,0.0
RN7SL693P,0.0
RN7SL694P,0.0
RN7SL695P,0.0
RN7SL696P,0.0
RN7SL697P,0.0
RN7SL697P,0.0
RN7SL698P,0.0
RN7SL699P,0.0
RN7SL69P,0.0
RN7SL700P,0.0
RN7SL701P,0.0
RN7SL702P,0.0
RN7SL703P,0.0
RN7SL704P,0.0
RN7SL705P,0.0
RN7SL706P,0.0
RN7SL707P,0.0
RN7SL708P,0.0
RN7SL709P,0.0
RN7SL70P,0.0
RN7SL710P,0.0
RN7SL711P,0.0
RN7SL712P,0.0
RN7SL712P,0.0
RN7SL713P,0.0
RN7SL714P,0.0
RN7SL716P,0.0
RN7SL717P,0.0
RN7SL718P,0.0
RN7SL719P,0.0
RN7SL71P,0.0
RN7SL720P,0.0
RN7SL721P,0.0
RN7SL722P,0.0
RN7SL723P,0.0
RN7SL724P,0.0
RN7SL727P,0.0
RN7SL728P,0.0
RN7SL729P,0.0
RN7SL72P,0.0
RN7SL730P,0.0
RN7SL731P,0.0
RN7SL732P,0.0
RN7SL733P,0.0
RN7SL734P,0.0
RN7SL735P,0.0
RN7SL736P,0.0
RN7SL737P,0.0
RN7SL738P,0.0
RN7SL739P,0.0
RN7SL73P,0.0
RN7SL740P,0.0
RN7SL741P,0.0
RN7SL742P,0.0
RN7SL743P,0.8164310788769841
RN7SL744P,0.0
RN7SL745P,0.0
RN7SL746P,0.0
RN7SL747P,0.0
RN7SL748P,0.0
RN7SL749P,0.0
RN7SL74P,0.0
RN7SL750P,0.0
RN7SL751P,0.0
RN7SL752P,0.0
RN7SL753P,0.0
RN7SL754P,0.0
RN7SL755P,0.0
RN7SL756P,0.0
RN7SL757P,0.0
RN7SL758P,0.0
RN7SL759P,0.0
RN7SL75P,0.0
RN7SL761P,0.0
RN7SL762P,0.0
RN7SL763P,0.0
RN7SL764P,0.0
RN7SL765P,0.0
RN7SL766P,0.0
RN7SL767P,0.0
RN7SL768P,0.0
RN7SL769P,0.0
RN7SL76P,0.0
RN7SL770P,0.0
RN7SL771P,0.0
RN7SL772P,0.0
RN7SL773P,0.0
RN7SL774P,0.0
RN7SL775P,0.0
RN7SL776P,0.0
RN7SL777P,0.0
RN7SL77P,0.0
RN7SL781P,0.0
RN7SL782P,0.0
RN7SL783P,0.0
RN7SL784P,0.0
RN7SL785P,0.0
RN7SL786P,0.0
RN7SL787P,0.0
RN7SL788P,0.0
RN7SL789P,0.0
RN7SL78P,0.0
RN7SL790P,0.0
RN7SL791P,0.0
RN7SL792P,0.0
RN7SL793P,0.0
RN7SL794P,0.0
RN7SL795P,0.0
RN7SL796P,0.0
RN7SL797P,0.0
RN7SL798P,0.0
RN7SL799P,0.0
RN7SL79P,0.0
RN7SL7P,0.0
RN7SL800P,0.0
RN7SL801P,0.0
RN7SL802P,0.0
RN7SL804P,0.0
RN7SL805P,0.0
RN7SL806P,0.0
RN7SL807P,0.0
RN7SL808P,0.0
RN7SL809P,0.0
RN7SL80P,0.0
RN7SL810P,0.0
RN7SL811P,0.0
RN7SL812P,0.0
RN7SL813P,0.0
RN7SL814P,0.0
RN7SL815P,0.253644744093139
RN7SL816P,0.0
RN7SL817P,0.0
RN7SL818P,0.0
RN7SL819P,0.0
RN7SL81P,0.0
RN7SL820P,0.0
RN7SL821P,0.0
RN7SL821P,0.0
RN7SL822P,0.0
RN7SL823P,0.0
RN7SL824P,0.0
RN7SL825P,0.0
RN7SL826P,0.0
RN7SL829P,0.0
RN7SL82P,0.0
RN7SL830P,0.0
RN7SL831P,0.0
RN7SL832P,0.7603920768618123
RN7SL833P,0.0
RN7SL834P,0.0
RN7SL835P,0.0
RN7SL836P,0.0
RN7SL837P,0.0
RN7SL838P,0.0
RN7SL839P,0.0
RN7SL83P,0.0
RN7SL841P,0.0
RN7SL842P,0.0
RN7SL843P,0.0
RN7SL844P,0.0
RN7SL845P,0.0
RN7SL846P,0.0
RN7SL847P,0.0
RN7SL849P,0.0
RN7SL84P,0.0
RN7SL850P,0.0
RN7SL851P,0.0
RN7SL852P,0.0
RN7SL853P,0.0
RN7SL854P,0.0
RN7SL855P,0.0
RN7SL856P,0.0
RN7SL857P,0.0
RN7SL859P,0.0
RN7SL85P,0.0
RN7SL860P,0.0
RN7SL861P,0.0
RN7SL862P,0.0
RN7SL863P,0.0
RN7SL864P,0.0
RN7SL865P,0.0
RN7SL866P,0.0
RN7SL867P,0.0
RN7SL868P,0.0
RN7SL869P,0.0
RN7SL86P,0.0
RN7SL86P,0.0
RN7SL870P,0.0
RN7SL871P,0.0
RN7SL872P,0.0
RN7SL87P,0.0
RN7SL88P,0.0
RN7SL89P,0.0
RN7SL8P,0.0
RN7SL90P,0.0
RN7SL91P,0.0
RN7SL92P,0.0
RN7SL93P,0.0
RN7SL93P,0.0
RN7SL94P,0.0
RN7SL95P,0.0
RN7SL96P,0.0
RN7SL97P,0.0
RN7SL98P,0.0
RN7SL99P,0.0
RN7SL9P,0.0
RNA18S5,3.387724292764438
RNA28S5,2.627984193072242
RNA5-8S5,0.0
RNA5-8S5,0.0
RNA5-8SP2,0.0
RNA5-8SP3,0.6204550963106681
RNA5-8SP4,0.0
RNA5-8SP5,0.0
RNA5-8SP6,0.0
RNA5-8SP7,0.0
RNA5S1,0.0
RNA5S10,0.0
RNA5S11,0.0
RNA5S12,0.0
RNA5S13,0.0
RNA5S14,0.0
RNA5S15,0.0
RNA5S16,0.0
RNA5S17,0.0
RNA5S2,0.0
RNA5S3,0.0
RNA5S4,0.0
RNA5S5,0.0
RNA5S6,0.0
RNA5S7,0.0
RNA5S8,0.0
RNA5S9,0.0
RNA5SP100,0.0
RNA5SP101,0.0
RNA5SP102,0.0
RNA5SP103,0.0
RNA5SP104,0.0
RNA5SP105,0.0
RNA5SP106,0.0
RNA5SP107,0.0
RNA5SP109,0.0
RNA5SP110,0.0
RNA5SP111,0.0
RNA5SP112,0.0
RNA5SP113,0.0
RNA5SP114,0.0
RNA5SP115,0.0
RNA5SP116,0.0
RNA5SP117,0.0
RNA5SP118,0.0
RNA5SP119,0.0
RNA5SP120,0.0
RNA5SP121,0.0
RNA5SP122,0.0
RNA5SP123,0.0
RNA5SP124,0.0
RNA5SP125,0.0
RNA5SP126,0.0
RNA5SP127,0.0
RNA5SP128,0.0
RNA5SP129,0.0
RNA5SP130,0.0
RNA5SP131,0.0
RNA5SP132,0.0
RNA5SP133,0.0
RNA5SP134,0.0
RNA5SP135,0.0
RNA5SP136,0.0
RNA5SP137,0.0
RNA5SP138,0.0
RNA5SP139,0.0
RNA5SP140,0.0
RNA5SP141,0.0
RNA5SP142,0.0
RNA5SP143,0.0
RNA5SP144,0.0
RNA5SP145,0.0
RNA5SP146,0.0
RNA5SP147,0.0
RNA5SP148,0.0
RNA5SP149,0.0
RNA5SP150,0.0
RNA5SP151,0.0
RNA5SP152,0.0
RNA5SP153,0.0
RNA5SP154,0.0
RNA5SP155,0.0
RNA5SP156,0.0
RNA5SP157,0.0
RNA5SP158,0.0
RNA5SP159,0.0
RNA5SP160,0.0
RNA5SP161,0.0
RNA5SP162,0.0
RNA5SP163,0.0
RNA5SP164,0.0
RNA5SP165,0.0
RNA5SP166,0.0
RNA5SP167,0.0
RNA5SP168,0.0
RNA5SP169,0.0
RNA5SP170,0.0
RNA5SP171,0.0
RNA5SP172,0.0
RNA5SP173,0.0
RNA5SP174,0.0
RNA5SP175,0.0
RNA5SP176,0.0
RNA5SP177,0.0
RNA5SP178,0.0
RNA5SP179,0.0
RNA5SP18,0.0
RNA5SP180,0.0
RNA5SP181,0.0
RNA5SP182,0.0
RNA5SP183,0.0
RNA5SP184,0.0
RNA5SP185,0.0
RNA5SP186,0.0
RNA5SP187,0.0
RNA5SP188,0.0
RNA5SP189,0.0
RNA5SP19,0.0
RNA5SP190,0.0
RNA5SP191,0.0
RNA5SP192,0.0
RNA5SP193,0.0
RNA5SP194,0.0
RNA5SP195,0.0
RNA5SP196,0.0
RNA5SP197,0.0
RNA5SP198,0.0
RNA5SP199,0.0
RNA5SP20,0.0
RNA5SP200,0.0
RNA5SP201,0.0
RNA5SP202,0.0
RNA5SP203,0.0
RNA5SP204,0.0
RNA5SP205,0.0
RNA5SP206,0.0
RNA5SP207,0.0
RNA5SP208,0.0
RNA5SP209,0.0
RNA5SP21,0.0
RNA5SP210,0.0
RNA5SP211,0.0
RNA5SP212,0.0
RNA5SP213,0.0
RNA5SP214,0.0
RNA5SP215,0.0
RNA5SP216,0.0
RNA5SP217,0.0
RNA5SP218,0.0
RNA5SP219,0.0
RNA5SP22,0.0
RNA5SP220,0.0
RNA5SP221,0.0
RNA5SP222,0.0
RNA5SP223,0.0
RNA5SP224,0.0
RNA5SP225,0.0
RNA5SP226,0.0
RNA5SP227,0.0
RNA5SP228,0.0
RNA5SP229,0.0
RNA5SP23,0.0
RNA5SP230,0.0
RNA5SP231,0.0
RNA5SP232,0.0
RNA5SP233,0.0
RNA5SP233,0.0
RNA5SP234,0.0
RNA5SP235,0.0
RNA5SP236,0.0
RNA5SP237,0.0
RNA5SP238,0.0
RNA5SP239,0.0
RNA5SP24,0.0
RNA5SP240,0.0
RNA5SP241,0.0
RNA5SP242,0.0
RNA5SP243,0.0
RNA5SP244,0.0
RNA5SP245,0.0
RNA5SP246,0.0
RNA5SP246,0.0
RNA5SP247,0.0
RNA5SP248,0.0
RNA5SP249,0.0
RNA5SP25,0.0
RNA5SP250,0.0
RNA5SP251,0.0
RNA5SP252,0.0
RNA5SP253,0.0
RNA5SP254,0.0
RNA5SP255,0.0
RNA5SP256,0.0
RNA5SP258,0.0
RNA5SP259,0.0
RNA5SP26,0.0
RNA5SP260,0.0
RNA5SP261,0.0
RNA5SP262,0.0
RNA5SP263,0.0
RNA5SP264,0.0
RNA5SP265,0.0
RNA5SP266,0.0
RNA5SP267,0.0
RNA5SP268,0.0
RNA5SP269,0.0
RNA5SP27,0.0
RNA5SP270,0.0
RNA5SP271,0.0
RNA5SP272,0.0
RNA5SP273,0.0
RNA5SP274,0.0
RNA5SP275,0.0
RNA5SP276,0.0
RNA5SP277,0.0
RNA5SP278,0.0
RNA5SP279,0.0
RNA5SP28,0.0
RNA5SP280,0.0
RNA5SP281,0.0
RNA5SP282,0.0
RNA5SP283,0.0
RNA5SP284,0.0
RNA5SP285,0.0
RNA5SP286,0.0
RNA5SP287,0.0
RNA5SP288,0.0
RNA5SP289,0.0
RNA5SP29,0.0
RNA5SP290,0.0
RNA5SP291,0.0
RNA5SP292,0.0
RNA5SP293,0.0
RNA5SP294,0.0
RNA5SP295,0.0
RNA5SP296,0.0
RNA5SP297,0.0
RNA5SP298,0.0
RNA5SP299,0.0
RNA5SP30,0.0
RNA5SP300,0.0
RNA5SP301,0.0
RNA5SP302,0.0
RNA5SP303,0.0
RNA5SP304,0.0
RNA5SP305,0.0
RNA5SP306,0.0
RNA5SP307,0.0
RNA5SP308,0.0
RNA5SP309,0.0
RNA5SP31,0.0
RNA5SP310,0.0
RNA5SP310,0.0
RNA5SP311,0.0
RNA5SP312,0.0
RNA5SP313,0.0
RNA5SP313,0.0
RNA5SP314,0.0
RNA5SP314,0.0
RNA5SP315,0.0
RNA5SP315,0.0
RNA5SP316,0.0
RNA5SP317,0.0
RNA5SP317,0.0
RNA5SP318,0.0
RNA5SP319,0.0
RNA5SP32,0.0
RNA5SP320,0.0
RNA5SP321,0.0
RNA5SP322,0.0
RNA5SP323,0.0
RNA5SP324,0.0
RNA5SP325,0.0
RNA5SP326,0.0
RNA5SP327,0.0
RNA5SP328,0.0
RNA5SP329,0.0
RNA5SP33,0.0
RNA5SP330,0.0
RNA5SP331,0.0
RNA5SP332,0.0
RNA5SP333,0.0
RNA5SP334,0.0
RNA5SP335,0.0
RNA5SP336,0.0
RNA5SP337,0.0
RNA5SP338,0.0
RNA5SP339,0.0
RNA5SP34,0.0
RNA5SP340,0.0
RNA5SP341,0.0
RNA5SP342,0.0
RNA5SP343,0.0
RNA5SP344,0.0
RNA5SP345,0.0
RNA5SP346,0.0
RNA5SP347,0.0
RNA5SP348,0.0
RNA5SP349,0.0
RNA5SP35,0.0
RNA5SP350,0.0
RNA5SP351,0.0
RNA5SP352,0.0
RNA5SP353,0.0
RNA5SP354,0.0
RNA5SP355,0.0
RNA5SP356,0.0
RNA5SP357,0.0
RNA5SP358,0.0
RNA5SP359,0.0
RNA5SP36,0.0
RNA5SP360,0.0
RNA5SP361,0.0
RNA5SP362,0.0
RNA5SP363,0.0
RNA5SP364,0.0
RNA5SP365,0.0
RNA5SP366,0.0
RNA5SP367,0.0
RNA5SP368,0.0
RNA5SP369,0.0
RNA5SP37,0.0
RNA5SP370,0.0
RNA5SP371,0.0
RNA5SP372,0.0
RNA5SP373,0.0
RNA5SP374,0.0
RNA5SP375,0.0
RNA5SP376,0.0
RNA5SP377,0.0
RNA5SP378,0.0
RNA5SP379,0.0
RNA5SP38,0.0
RNA5SP380,0.0
RNA5SP381,0.0
RNA5SP382,0.0
RNA5SP383,2.0704446931415355
RNA5SP384,0.0
RNA5SP385,0.0
RNA5SP387,0.0
RNA5SP388,0.0
RNA5SP389,0.0
RNA5SP39,0.0
RNA5SP390,0.0
RNA5SP391,0.0
RNA5SP392,0.0
RNA5SP393,0.0
RNA5SP394,0.0
RNA5SP395,0.0
RNA5SP396,0.0
RNA5SP397,0.0
RNA5SP398,0.0
RNA5SP399,0.0
RNA5SP40,0.0
RNA5SP400,0.0
RNA5SP401,0.0
RNA5SP402,0.0
RNA5SP403,0.0
RNA5SP404,0.0
RNA5SP405,0.0
RNA5SP406,0.0
RNA5SP407,0.0
RNA5SP408,0.0
RNA5SP409,0.0
RNA5SP41,0.0
RNA5SP410,0.0
RNA5SP413,0.0
RNA5SP415,0.0
RNA5SP416,0.0
RNA5SP417,0.0
RNA5SP418,0.0
RNA5SP419,0.0
RNA5SP42,0.0
RNA5SP420,0.0
RNA5SP421,0.0
RNA5SP422,0.0
RNA5SP423,0.0
RNA5SP424,0.0
RNA5SP425,0.0
RNA5SP426,0.0
RNA5SP427,0.0
RNA5SP428,0.0
RNA5SP429,0.0
RNA5SP43,0.0
RNA5SP430,0.0
RNA5SP431,0.0
RNA5SP432,0.0
RNA5SP433,0.0
RNA5SP434,0.0
RNA5SP435,0.0
RNA5SP436,0.0
RNA5SP437,0.0
RNA5SP438,0.0
RNA5SP439,0.0
RNA5SP44,0.0
RNA5SP440,0.0
RNA5SP441,0.0
RNA5SP442,0.0
RNA5SP443,0.0
RNA5SP444,0.0
RNA5SP445,0.0
RNA5SP446,0.0
RNA5SP447,0.0
RNA5SP448,0.0
RNA5SP449,0.0
RNA5SP45,0.0
RNA5SP450,0.0
RNA5SP451,0.0
RNA5SP452,0.0
RNA5SP453,0.0
RNA5SP454,0.0
RNA5SP455,0.0
RNA5SP456,0.0
RNA5SP457,0.0
RNA5SP458,0.0
RNA5SP459,0.0
RNA5SP46,0.0
RNA5SP460,0.0
RNA5SP461,0.0
RNA5SP462,0.0
RNA5SP463,0.0
RNA5SP464,0.0
RNA5SP465,1.1105557679530071
RNA5SP466,0.0
RNA5SP467,0.0
RNA5SP468,0.0
RNA5SP469,0.0
RNA5SP47,0.0
RNA5SP470,0.0
RNA5SP471,0.0
RNA5SP472,0.0
RNA5SP473,0.0
RNA5SP474,0.0
RNA5SP475,0.0
RNA5SP476,0.0
RNA5SP477,0.0
RNA5SP478,0.0
RNA5SP479,0.0
RNA5SP48,0.0
RNA5SP480,0.0
RNA5SP481,0.0
RNA5SP482,0.0
RNA5SP483,0.0
RNA5SP484,0.0
RNA5SP485,0.0
RNA5SP486,0.0
RNA5SP487,0.0
RNA5SP488,0.0
RNA5SP489,0.0
RNA5SP49,0.0
RNA5SP490,0.0
RNA5SP491,0.0
RNA5SP492,0.0
RNA5SP493,0.0
RNA5SP494,0.0
RNA5SP495,0.0
RNA5SP496,0.0
RNA5SP497,0.0
RNA5SP498,0.0
RNA5SP498,0.0
RNA5SP499,0.0
RNA5SP50,0.0
RNA5SP500,0.0
RNA5SP501,0.0
RNA5SP502,0.0
RNA5SP503,0.0
RNA5SP503,0.0
RNA5SP504,0.0
RNA5SP504,0.0
RNA5SP505,0.0
RNA5SP505,0.0
RNA5SP507,0.0
RNA5SP508,0.0
RNA5SP508,0.0
RNA5SP509,0.0
RNA5SP509,0.0
RNA5SP51,0.0
RNA5SP510,0.0
RNA5SP511,0.0
RNA5SP512,0.0
RNA5SP513,0.0
RNA5SP514,0.0
RNA5SP515,0.0
RNA5SP515,0.0
RNA5SP516,0.0
RNA5SP517,0.0
RNA5SP517,0.0
RNA5SP518,0.0
RNA5SP519,0.0
RNA5SP52,0.0
RNA5SP520,0.0
RNA5SP521,0.0
RNA5SP522,0.0
RNA5SP523,0.0
RNA5SP53,0.0
RNA5SP54,0.0
RNA5SP55,0.0
RNA5SP56,0.0
RNA5SP57,0.0
RNA5SP58,0.0
RNA5SP58,0.0
RNA5SP59,0.0
RNA5SP59,0.0
RNA5SP60,0.0
RNA5SP61,0.0
RNA5SP62,0.0
RNA5SP63,0.0
RNA5SP64,0.0
RNA5SP65,0.0
RNA5SP66,0.0
RNA5SP67,0.0
RNA5SP68,0.0
RNA5SP69,0.0
RNA5SP70,0.0
RNA5SP71,0.0
RNA5SP72,0.0
RNA5SP73,0.0
RNA5SP74,0.0
RNA5SP75,0.0
RNA5SP76,0.0
RNA5SP77,0.0
RNA5SP78,0.0
RNA5SP79,0.0
RNA5SP80,0.0
RNA5SP81,0.0
RNA5SP82,0.0
RNA5SP84,0.0
RNA5SP85,0.0
RNA5SP86,0.0
RNA5SP87,0.0
RNA5SP88,0.0
RNA5SP89,0.0
RNA5SP90,0.0
RNA5SP91,0.0
RNA5SP92,0.0
RNA5SP93,0.0
RNA5SP94,0.0
RNA5SP95,0.0
RNA5SP96,0.0
RNA5SP97,0.0
RNA5SP98,0.0
RNA5SP99,0.0
RNASE1,0.0
RNASE10,0.0
RNASE11,0.0
RNASE11,0.0
RNASE12,0.0
RNASE13,0.0
RNASE2,0.0
RNASE3,0.0
RNASE4,0.0
RNASE6,0.0
RNASE7,0.0
RNASE8,0.0
RNASE9,0.0
RNASEH1,0.0
RNASEH1P1,0.0
RNASEH1P2,0.0
RNASEH2A,0.0
RNASEH2B,0.0
RNASEH2B-AS1,0.0
RNASEH2C,1.9573154496595009
RNASEH2CP1,0.0
RNASEK,1.7206743438370773
RNASEK-C17orf49,0.253644744093139
RNASEL,0.0
RNASET2,0.0
RND1,2.551917250991796
RND2,0.0
RND3,1.1840889676042927
RNF10,0.0
RNF103,2.6131283160472547
RNF103-CHMP3,0.0
RNF10P1,0.0
RNF11,0.8164310788769841
RNF111,0.9509808635159877
RNF112,0.0
RNF113A,0.0
RNF113B,0.0
RNF114,0.0
RNF115,0.7603920768618123
RNF115,0.7603920768618123
RNF11B,0.0
RNF121,0.0
RNF122,0.0
RNF123,0.5288907918624668
RNF125,0.0
RNF126,0.0
RNF126P1,0.0
RNF128,0.0
RNF13,0.0
RNF130,1.6258250518828512
RNF133,0.0
RNF135,0.0
RNF138,0.5288907918624668
RNF138P1,0.0
RNF139,0.0
RNF139-AS1,2.5187842249330235
RNF14,0.9509808635159877
RNF141,0.9879310210915638
RNF144A,0.6204550963106681
RNF144A-AS1,0.0
RNF144B,0.0
RNF145,0.9105921305334987
RNF146,0.0
RNF148,0.0
RNF149,0.0
RNF150,1.0829908296976
RNF151,0.0
RNF152,0.0
RNF157,1.693632285926403
RNF157-AS1,0.0
RNF165,0.4127178969233909
RNF166,0.0
RNF167,0.253644744093139
RNF168,0.0
RNF169,1.266040025979822
RNF17,0.0
RNF170,0.253644744093139
RNF175,0.0
RNF180,2.040117379352544
RNF181,0.0
RNF182,0.9105921305334987
RNF183,0.5288907918624668
RNF185,0.0
RNF185-AS1,0.0
RNF186,0.0
RNF187,0.0
RNF19A,2.0876739547681398
RNF19B,0.0
RNF19BPX,0.0
RNF19BPY,0.0
RNF2,0.0
RNF20,2.265394471759429
RNF207,0.0
RNF208,0.0
RNF212,0.0
RNF213,0.4127178969233909
RNF214,1.0219824427879696
RNF215,0.0
RNF216,0.0
RNF216-IT1,0.0
RNF216P1,0.7603920768618123
RNF217,2.3247258318379904
RNF219,1.7984763234491472
RNF219-AS1,2.323091673214238
RNF220,1.5830117235334478
RNF222,0.0
RNF223,0.0
RNF224,0.0
RNF24,2.449965965965583
RNF25,0.0
RNF26,0.0
RNF2P1,0.0
RNF31,2.220106396611784
RNF32,0.8164310788769841
RNF34,0.0
RNF34,0.0
RNF38,1.882867521541892
RNF39,0.0
RNF39,0.0
RNF39,0.0
RNF39,0.0
RNF39,0.0
RNF39,0.0
RNF39,0.0
RNF39,0.0
RNF4,0.0
RNF40,0.0
RNF41,0.0
RNF43,0.0
RNF44,0.6204550963106681
RNF5,0.0
RNF5,0.0
RNF5,0.0
RNF5,0.0
RNF5,0.0
RNF5,0.0
RNF5,0.0
RNF5P1,0.0
RNF6,0.0
RNF6P1,0.0
RNF7,0.0
RNF7P1,0.0
RNF8,0.253644744093139
RNFT1,0.0
RNFT1P2,0.0
RNFT1P3,0.0
RNFT2,0.0
RNGTT,1.9048594511354124
RNGTTP1,0.0
RNH1,1.1364750726028654
RNLS,0.0
RNMT,2.3114770817288792
RNMTL1,0.0
RNMTL1P1,0.0
RNMTL1P2,0.0
RNPC3,2.101527285126893
RNPEP,0.0
RNPEPL1,0.0
RNPS1,0.0
RNPS1P1,0.0
RNU1-1,0.0
RNU1-100P,0.0
RNU1-101P,0.0
RNU1-103P,0.0
RNU1-104P,0.0
RNU1-105P,0.0
RNU1-106P,0.0
RNU1-107P,0.0
RNU1-108P,0.0
RNU1-109P,0.0
RNU1-112P,0.0
RNU1-112P,0.0
RNU1-114P,0.0
RNU1-114P,0.0
RNU1-115P,0.0
RNU1-116P,0.0
RNU1-117P,0.0
RNU1-119P,0.0
RNU1-11P,0.0
RNU1-120P,0.0
RNU1-120P,0.0
RNU1-122P,0.0
RNU1-122P,0.0
RNU1-123P,0.0
RNU1-124P,0.0
RNU1-125P,0.0
RNU1-128P,0.0
RNU1-129P,0.0
RNU1-129P,0.0
RNU1-130P,0.0
RNU1-131P,0.0
RNU1-132P,0.0
RNU1-133P,0.0
RNU1-134P,0.0
RNU1-135P,0.0
RNU1-135P,0.0
RNU1-136P,0.0
RNU1-137P,0.0
RNU1-137P,0.0
RNU1-138P,0.0
RNU1-139P,0.0
RNU1-13P,0.0
RNU1-140P,0.0
RNU1-141P,0.0
RNU1-142P,0.0
RNU1-143P,0.0
RNU1-143P,0.0
RNU1-144P,0.0
RNU1-146P,0.0
RNU1-148P,0.0
RNU1-149P,0.0
RNU1-14P,0.0
RNU1-150P,0.0
RNU1-15P,0.0
RNU1-16P,0.0
RNU1-17P,0.0
RNU1-18P,0.0
RNU1-19P,0.0
RNU1-2,0.0
RNU1-20P,0.0
RNU1-21P,0.0
RNU1-22P,0.0
RNU1-23P,0.0
RNU1-24P,0.0
RNU1-27P,0.253644744093139
RNU1-28P,0.253644744093139
RNU1-3,0.0
RNU1-31P,0.0
RNU1-32P,0.0
RNU1-33P,0.0
RNU1-34P,0.0
RNU1-35P,0.0
RNU1-36P,0.0
RNU1-38P,0.0
RNU1-39P,0.0
RNU1-4,0.253644744093139
RNU1-40P,0.0
RNU1-41P,0.0
RNU1-42P,0.0
RNU1-43P,0.0
RNU1-44P,0.0
RNU1-45P,0.0
RNU1-46P,0.0
RNU1-47P,0.0
RNU1-48P,0.0
RNU1-49P,0.0
RNU1-51P,0.0
RNU1-52P,0.0
RNU1-54P,0.0
RNU1-55P,0.0
RNU1-56P,0.0
RNU1-57P,0.0
RNU1-57P,0.0
RNU1-58P,0.0
RNU1-59P,0.253644744093139
RNU1-60P,0.0
RNU1-61P,0.0
RNU1-62P,0.0
RNU1-63P,0.0
RNU1-64P,0.0
RNU1-65P,0.0
RNU1-67P,0.0
RNU1-68P,0.0
RNU1-69P,0.0
RNU1-70P,0.0
RNU1-72P,0.0
RNU1-73P,0.0
RNU1-74P,0.0
RNU1-75P,0.0
RNU1-76P,0.0
RNU1-77P,0.0
RNU1-78P,0.0
RNU1-79P,0.0
RNU1-7P,0.0
RNU1-80P,0.0
RNU1-82P,0.0
RNU1-83P,0.0
RNU1-84P,0.0
RNU1-85P,0.0
RNU1-86P,0.0
RNU1-87P,0.0
RNU1-88P,0.0
RNU1-89P,0.0
RNU1-8P,0.0
RNU1-91P,0.0
RNU1-92P,0.0
RNU1-92P,0.0
RNU1-93P,0.0
RNU1-94P,0.0
RNU1-95P,0.0
RNU1-96P,0.0
RNU1-97P,0.0
RNU1-98P,0.0
RNU105B,0.0
RNU105C,0.0
RNU11,0.0
RNU11-2P,0.0
RNU11-3P,0.0
RNU11-4P,0.0
RNU11-5P,0.0
RNU11-6P,0.0
RNU12,0.0
RNU12-2P,0.0
RNU12-2P,0.0
RNU2-10P,0.0
RNU2-11P,0.0
RNU2-12P,0.0
RNU2-13P,0.0
RNU2-14P,0.0
RNU2-15P,0.0
RNU2-16P,0.0
RNU2-17P,0.0
RNU2-17P,0.0
RNU2-18P,0.0
RNU2-19P,0.0
RNU2-20P,0.0
RNU2-21P,0.0
RNU2-22P,0.0
RNU2-23P,0.0
RNU2-24P,0.0
RNU2-25P,0.0
RNU2-26P,0.0
RNU2-27P,0.0
RNU2-28P,0.0
RNU2-29P,0.0
RNU2-2P,0.0
RNU2-30P,0.0
RNU2-31P,0.0
RNU2-32P,0.0
RNU2-33P,0.0
RNU2-34P,0.0
RNU2-35P,0.0
RNU2-36P,0.0
RNU2-37P,0.0
RNU2-38P,0.0
RNU2-38P,0.0
RNU2-39P,0.0
RNU2-3P,0.0
RNU2-40P,0.0
RNU2-41P,0.0
RNU2-42P,0.0
RNU2-43P,0.0
RNU2-44P,0.0
RNU2-45P,0.0
RNU2-46P,0.0
RNU2-47P,0.0
RNU2-48P,0.0
RNU2-49P,0.0
RNU2-50P,0.0
RNU2-51P,0.0
RNU2-52P,0.0
RNU2-53P,0.0
RNU2-54P,0.0
RNU2-55P,0.0
RNU2-56P,0.0
RNU2-57P,0.0
RNU2-58P,0.0
RNU2-59P,0.0
RNU2-5P,0.0
RNU2-60P,0.0
RNU2-61P,0.0
RNU2-62P,0.0
RNU2-63P,0.0
RNU2-64P,0.0
RNU2-65P,0.0
RNU2-66P,0.0
RNU2-67P,0.0
RNU2-68P,0.0
RNU2-68P,0.0
RNU2-69P,0.0
RNU2-6P,0.0
RNU2-70P,0.0
RNU2-71P,0.0
RNU2-72P,0.0
RNU2-7P,0.0
RNU2-8P,0.0
RNU2-9P,0.0
RNU3P3,0.0
RNU4-1,0.0
RNU4-10P,0.0
RNU4-11P,0.0
RNU4-12P,0.0
RNU4-13P,0.0
RNU4-14P,0.0
RNU4-15P,0.0
RNU4-16P,1.693632285926403
RNU4-17P,0.0
RNU4-18P,0.0
RNU4-19P,0.0
RNU4-2,0.0
RNU4-20P,0.0
RNU4-21P,0.0
RNU4-22P,0.0
RNU4-23P,0.0
RNU4-24P,0.0
RNU4-25P,0.0
RNU4-26P,0.0
RNU4-27P,0.0
RNU4-28P,0.0
RNU4-29P,0.0
RNU4-30P,0.0
RNU4-31P,0.0
RNU4-32P,0.0
RNU4-33P,0.0
RNU4-34P,0.0
RNU4-35P,0.0
RNU4-36P,0.0
RNU4-37P,0.0
RNU4-38P,0.0
RNU4-39P,0.0
RNU4-40P,0.0
RNU4-41P,0.0
RNU4-42P,0.0
RNU4-43P,0.0
RNU4-44P,0.0
RNU4-45P,0.0
RNU4-46P,0.0
RNU4-47P,0.0
RNU4-48P,0.0
RNU4-49P,0.0
RNU4-4P,0.0
RNU4-50P,0.0
RNU4-51P,0.0
RNU4-52P,0.0
RNU4-52P,0.0
RNU4-53P,0.0
RNU4-54P,0.0
RNU4-55P,0.0
RNU4-56P,0.0
RNU4-57P,0.0
RNU4-58P,0.0
RNU4-59P,0.0
RNU4-60P,0.0
RNU4-61P,0.0
RNU4-62P,0.0
RNU4-63P,0.0
RNU4-64P,0.0
RNU4-65P,0.0
RNU4-66P,0.0
RNU4-67P,0.0
RNU4-68P,0.0
RNU4-69P,0.0
RNU4-6P,0.0
RNU4-70P,0.0
RNU4-71P,0.0
RNU4-72P,0.0
RNU4-73P,0.0
RNU4-74P,0.0
RNU4-75P,0.0
RNU4-76P,0.0
RNU4-77P,0.0
RNU4-78P,0.0
RNU4-79P,0.0
RNU4-7P,0.0
RNU4-80P,0.0
RNU4-81P,0.0
RNU4-82P,0.0
RNU4-83P,0.0
RNU4-84P,0.0
RNU4-85P,0.0
RNU4-86P,0.0
RNU4-87P,0.0
RNU4-88P,0.0
RNU4-8P,0.0
RNU4-90P,0.0
RNU4-91P,0.0
RNU4-92P,0.0
RNU4-9P,0.0
RNU4ATAC,0.0
RNU4ATAC10P,0.0
RNU4ATAC11P,0.0
RNU4ATAC12P,0.0
RNU4ATAC13P,0.0
RNU4ATAC14P,0.0
RNU4ATAC15P,0.0
RNU4ATAC16P,0.0
RNU4ATAC17P,0.0
RNU4ATAC18P,0.0
RNU4ATAC2P,0.0
RNU4ATAC3P,0.0
RNU4ATAC4P,0.0
RNU4ATAC5P,0.0
RNU4ATAC6P,0.0
RNU4ATAC7P,0.0
RNU4ATAC8P,0.0
RNU4ATAC9P,0.0
RNU5A-1,0.0
RNU5A-2P,0.0
RNU5A-3P,0.0
RNU5A-4P,0.0
RNU5A-5P,0.0
RNU5A-6P,0.0
RNU5A-7P,0.0
RNU5A-8P,0.0
RNU5B-1,0.0
RNU5B-2P,0.0
RNU5B-3P,0.0
RNU5B-4P,0.0
RNU5B-6P,0.0
RNU5D-1,0.0
RNU5D-2P,0.0
RNU5E-1,0.0
RNU5E-10P,0.0
RNU5E-2P,0.0
RNU5E-3P,0.0
RNU5E-4P,0.0
RNU5E-5P,0.0
RNU5E-6P,0.0
RNU5E-7P,0.0
RNU5E-8P,0.9509808635159877
RNU5E-9P,0.0
RNU5F-1,0.0
RNU5F-2P,0.0
RNU5F-3P,0.0
RNU5F-4P,0.0
RNU5F-6P,0.0
RNU5F-7P,0.0
RNU5F-8P,0.0
RNU6-1,0.0
RNU6-1000P,0.0
RNU6-1001P,0.0
RNU6-1002P,0.0
RNU6-1003P,0.0
RNU6-1004P,0.0
RNU6-1004P,0.0
RNU6-1005P,0.0
RNU6-1006P,0.0
RNU6-1007P,0.0
RNU6-1008P,0.0
RNU6-1009P,0.0
RNU6-100P,0.0
RNU6-1010P,0.0
RNU6-1011P,0.0
RNU6-1012P,0.0
RNU6-1013P,0.0
RNU6-1014P,0.0
RNU6-1015P,0.0
RNU6-1016P,0.0
RNU6-1017P,0.0
RNU6-1018P,0.0
RNU6-1019P,0.0
RNU6-101P,0.0
RNU6-1020P,0.0
RNU6-1021P,0.0
RNU6-1022P,0.0
RNU6-1023P,0.0
RNU6-1024P,0.253644744093139
RNU6-1025P,0.0
RNU6-1026P,0.0
RNU6-1027P,0.0
RNU6-1028P,0.0
RNU6-1029P,0.0
RNU6-102P,0.0
RNU6-1030P,0.0
RNU6-1031P,0.0
RNU6-1032P,0.0
RNU6-1033P,0.0
RNU6-1034P,0.0
RNU6-1035P,0.0
RNU6-1036P,0.0
RNU6-1037P,0.0
RNU6-1038P,0.0
RNU6-1039P,0.0
RNU6-103P,0.0
RNU6-1040P,0.0
RNU6-1041P,0.0
RNU6-1042P,0.0
RNU6-1043P,0.0
RNU6-1044P,0.0
RNU6-1045P,0.0
RNU6-1046P,0.0
RNU6-1047P,0.0
RNU6-1048P,0.0
RNU6-1049P,0.0
RNU6-104P,0.0
RNU6-1050P,0.0
RNU6-1051P,0.0
RNU6-1052P,0.0
RNU6-1053P,0.0
RNU6-1054P,0.0
RNU6-1055P,0.0
RNU6-1056P,0.0
RNU6-1056P,0.0
RNU6-1057P,0.0
RNU6-1058P,0.0
RNU6-1059P,0.0
RNU6-105P,0.0
RNU6-1060P,0.0
RNU6-1061P,0.0
RNU6-1062P,0.0
RNU6-1063P,0.0
RNU6-1064P,0.0
RNU6-1065P,0.0
RNU6-1066P,0.0
RNU6-1067P,0.0
RNU6-1068P,0.0
RNU6-1069P,0.0
RNU6-106P,0.0
RNU6-1070P,0.0
RNU6-1070P,0.0
RNU6-1071P,0.0
RNU6-1071P,0.0
RNU6-1072P,0.0
RNU6-1073P,0.0
RNU6-1074P,0.0
RNU6-1075P,0.0
RNU6-1076P,0.0
RNU6-1077P,0.0
RNU6-1078P,0.0
RNU6-1079P,0.0
RNU6-107P,0.0
RNU6-1080P,0.0
RNU6-1080P,0.0
RNU6-1081P,0.0
RNU6-1082P,0.0
RNU6-1083P,0.0
RNU6-1084P,0.0
RNU6-1085P,0.0
RNU6-1086P,0.0
RNU6-1087P,0.0
RNU6-1088P,0.0
RNU6-1089P,0.0
RNU6-108P,0.0
RNU6-1090P,0.0
RNU6-1091P,0.0
RNU6-1092P,0.0
RNU6-1093P,0.0
RNU6-1094P,0.0
RNU6-1095P,0.0
RNU6-1096P,0.0
RNU6-1097P,0.0
RNU6-1098P,0.0
RNU6-1099P,0.0
RNU6-109P,0.0
RNU6-10P,0.0
RNU6-1100P,0.0
RNU6-1101P,0.0
RNU6-1102P,0.0
RNU6-1103P,0.0
RNU6-1104P,0.0
RNU6-1105P,0.0
RNU6-1106P,0.0
RNU6-1107P,0.0
RNU6-1108P,0.0
RNU6-1109P,0.0
RNU6-110P,0.0
RNU6-1110P,0.0
RNU6-1111P,0.0
RNU6-1112P,0.0
RNU6-1113P,0.0
RNU6-1114P,0.0
RNU6-1115P,0.0
RNU6-1116P,0.0
RNU6-1117P,0.0
RNU6-1118P,0.0
RNU6-1119P,0.0
RNU6-111P,0.0
RNU6-1120P,0.0
RNU6-1121P,0.0
RNU6-1122P,0.0
RNU6-1123P,0.0
RNU6-1124P,0.0
RNU6-1125P,0.0
RNU6-1126P,0.0
RNU6-1127P,0.0
RNU6-1128P,0.0
RNU6-1129P,0.0
RNU6-112P,0.0
RNU6-1130P,0.0
RNU6-1131P,0.0
RNU6-1132P,0.0
RNU6-1133P,0.0
RNU6-1134P,0.0
RNU6-1135P,0.0
RNU6-1136P,0.0
RNU6-1137P,0.0
RNU6-1138P,0.0
RNU6-1139P,0.0
RNU6-113P,0.0
RNU6-1140P,0.0
RNU6-1141P,0.0
RNU6-1142P,0.0
RNU6-1143P,0.0
RNU6-1144P,0.0
RNU6-1145P,0.0
RNU6-1146P,0.0
RNU6-1147P,0.0
RNU6-1148P,0.0
RNU6-1149P,0.0
RNU6-114P,0.0
RNU6-1150P,0.0
RNU6-1151P,0.0
RNU6-1152P,0.0
RNU6-1153P,0.0
RNU6-1154P,0.0
RNU6-1155P,0.0
RNU6-1156P,0.0
RNU6-1157P,0.0
RNU6-1157P,0.0
RNU6-1158P,0.0
RNU6-1159P,0.0
RNU6-115P,0.0
RNU6-1160P,0.0
RNU6-1161P,0.0
RNU6-1162P,0.0
RNU6-1163P,0.0
RNU6-1164P,0.0
RNU6-1165P,0.0
RNU6-1166P,0.0
RNU6-1167P,0.0
RNU6-1168P,0.0
RNU6-1169P,0.0
RNU6-116P,0.0
RNU6-1170P,0.0
RNU6-1171P,0.0
RNU6-1172P,0.0
RNU6-1173P,0.0
RNU6-1174P,0.0
RNU6-1175P,0.0
RNU6-1176P,0.0
RNU6-1177P,0.0
RNU6-1178P,0.0
RNU6-1179P,0.0
RNU6-117P,0.0
RNU6-117P,0.0
RNU6-1180P,0.0
RNU6-1181P,0.0
RNU6-1182P,0.0
RNU6-1183P,0.0
RNU6-1184P,0.0
RNU6-1185P,0.0
RNU6-1186P,0.0
RNU6-1187P,0.0
RNU6-1188P,0.0
RNU6-1189P,0.0
RNU6-1189P,0.0
RNU6-118P,0.0
RNU6-1190P,0.0
RNU6-1191P,0.0
RNU6-1192P,0.0
RNU6-1193P,0.0
RNU6-1194P,0.0
RNU6-1195P,0.0
RNU6-1196P,0.0
RNU6-1197P,0.0
RNU6-1198P,0.0
RNU6-1198P,0.0
RNU6-1199P,0.0
RNU6-119P,0.0
RNU6-11P,0.0
RNU6-1200P,0.0
RNU6-1201P,0.0
RNU6-1202P,0.0
RNU6-1203P,0.0
RNU6-1204P,0.0
RNU6-1205P,0.0
RNU6-1206P,0.0
RNU6-1207P,0.0
RNU6-1208P,0.0
RNU6-1209P,0.0
RNU6-120P,0.0
RNU6-1210P,0.0
RNU6-1211P,0.0
RNU6-1212P,0.0
RNU6-1213P,0.0
RNU6-1214P,0.0
RNU6-1215P,0.0
RNU6-1216P,0.0
RNU6-1217P,0.0
RNU6-1218P,0.0
RNU6-1219P,0.0
RNU6-121P,0.0
RNU6-1220P,0.0
RNU6-1221P,0.0
RNU6-1222P,0.0
RNU6-1223P,0.0
RNU6-1224P,0.0
RNU6-1225P,0.0
RNU6-1226P,0.0
RNU6-1226P,0.0
RNU6-1227P,0.0
RNU6-1228P,0.0
RNU6-1229P,0.0
RNU6-122P,0.0
RNU6-1230P,0.0
RNU6-1231P,0.0
RNU6-1232P,0.0
RNU6-1233P,0.0
RNU6-1234P,0.0
RNU6-1235P,0.0
RNU6-1236P,0.0
RNU6-1237P,0.0
RNU6-1238P,0.0
RNU6-1239P,0.0
RNU6-123P,0.0
RNU6-1240P,0.0
RNU6-1241P,0.0
RNU6-1242P,0.0
RNU6-1243P,0.0
RNU6-1244P,0.0
RNU6-1245P,0.0
RNU6-1246P,0.0
RNU6-1247P,0.0
RNU6-1248P,0.0
RNU6-1249P,0.0
RNU6-124P,0.0
RNU6-1250P,0.0
RNU6-1251P,0.0
RNU6-1252P,0.0
RNU6-1253P,0.0
RNU6-1254P,0.0
RNU6-1255P,0.0
RNU6-1256P,0.0
RNU6-1257P,0.0
RNU6-1258P,0.0
RNU6-1259P,0.0
RNU6-125P,0.0
RNU6-1260P,0.0
RNU6-1261P,0.0
RNU6-1262P,0.0
RNU6-1263P,0.0
RNU6-1264P,0.0
RNU6-1265P,0.0
RNU6-1266P,0.0
RNU6-1267P,0.0
RNU6-1268P,0.0
RNU6-1269P,0.0
RNU6-126P,0.0
RNU6-1270P,0.0
RNU6-1271P,0.0
RNU6-1272P,0.0
RNU6-1273P,0.0
RNU6-1274P,0.0
RNU6-1275P,0.0
RNU6-1276P,0.0
RNU6-1277P,0.0
RNU6-1278P,0.0
RNU6-1279P,0.0
RNU6-127P,0.0
RNU6-1280P,0.0
RNU6-1281P,0.0
RNU6-1282P,0.0
RNU6-1283P,0.0
RNU6-1284P,0.0
RNU6-1285P,0.0
RNU6-1286P,0.0
RNU6-1287P,0.0
RNU6-1288P,0.0
RNU6-1289P,0.0
RNU6-128P,0.0
RNU6-1290P,0.0
RNU6-1291P,0.0
RNU6-1292P,0.0
RNU6-1293P,0.0
RNU6-1294P,0.0
RNU6-1295P,0.0
RNU6-1296P,0.0
RNU6-1297P,0.0
RNU6-1298P,0.0
RNU6-1299P,0.0
RNU6-1299P,0.0
RNU6-129P,0.0
RNU6-12P,0.0
RNU6-1300P,0.0
RNU6-1301P,0.0
RNU6-1302P,0.0
RNU6-1303P,0.0
RNU6-1304P,0.0
RNU6-1305P,0.0
RNU6-1306P,0.0
RNU6-1307P,0.0
RNU6-1307P,0.0
RNU6-1308P,0.0
RNU6-1309P,0.0
RNU6-130P,0.0
RNU6-1310P,0.0
RNU6-1311P,0.0
RNU6-1312P,0.0
RNU6-1313P,0.0
RNU6-1314P,0.0
RNU6-1315P,0.0
RNU6-1316P,0.0
RNU6-1317P,0.0
RNU6-1318P,0.0
RNU6-1319P,0.0
RNU6-131P,0.0
RNU6-1320P,0.0
RNU6-1321P,1.3187237340792874
RNU6-1322P,0.0
RNU6-1323P,0.0
RNU6-1324P,1.7522684493138374
RNU6-1325P,0.0
RNU6-1326P,0.0
RNU6-1327P,0.0
RNU6-1328P,0.0
RNU6-1329P,0.0
RNU6-132P,0.0
RNU6-1330P,0.0
RNU6-1331P,1.266040025979822
RNU6-1332P,0.0
RNU6-1333P,0.0
RNU6-1334P,0.0
RNU6-1335P,0.0
RNU6-1336P,0.0
RNU6-1337P,0.0
RNU6-1338P,0.0
RNU6-1339P,0.0
RNU6-133P,0.0
RNU6-1340P,0.0
RNU6-134P,0.0
RNU6-135P,0.0
RNU6-136P,1.564630272110482
RNU6-137P,0.0
RNU6-138P,0.0
RNU6-139P,0.0
RNU6-13P,0.0
RNU6-140P,0.0
RNU6-141P,0.0
RNU6-142P,0.0
RNU6-143P,0.0
RNU6-144P,0.0
RNU6-145P,0.0
RNU6-146P,0.0
RNU6-147P,0.0
RNU6-148P,0.0
RNU6-149P,0.0
RNU6-14P,0.0
RNU6-150P,0.0
RNU6-151P,0.0
RNU6-152P,0.0
RNU6-153P,0.0
RNU6-154P,0.0
RNU6-154P,0.0
RNU6-155P,0.0
RNU6-156P,0.0
RNU6-157P,0.0
RNU6-158P,0.0
RNU6-159P,0.0
RNU6-15P,0.0
RNU6-160P,0.0
RNU6-161P,0.0
RNU6-162P,0.0
RNU6-163P,0.0
RNU6-164P,0.0
RNU6-165P,0.0
RNU6-166P,0.0
RNU6-167P,0.0
RNU6-168P,0.0
RNU6-169P,0.0
RNU6-16P,0.0
RNU6-170P,0.0
RNU6-171P,0.0
RNU6-172P,0.0
RNU6-173P,0.0
RNU6-174P,0.0
RNU6-175P,0.0
RNU6-176P,0.0
RNU6-177P,0.0
RNU6-178P,0.0
RNU6-179P,0.0
RNU6-17P,0.0
RNU6-180P,0.0
RNU6-181P,0.0
RNU6-182P,0.0
RNU6-183P,0.0
RNU6-184P,0.0
RNU6-185P,0.0
RNU6-186P,0.0
RNU6-187P,0.0
RNU6-188P,0.0
RNU6-189P,0.0
RNU6-18P,0.0
RNU6-190P,0.0
RNU6-191P,0.0
RNU6-192P,0.0
RNU6-193P,0.0
RNU6-194P,0.0
RNU6-195P,0.0
RNU6-196P,0.0
RNU6-197P,0.0
RNU6-198P,0.0
RNU6-199P,0.0
RNU6-19P,0.0
RNU6-2,0.0
RNU6-200P,0.0
RNU6-201P,0.0
RNU6-202P,0.0
RNU6-203P,0.0
RNU6-204P,0.0
RNU6-205P,0.0
RNU6-206P,0.0
RNU6-207P,0.0
RNU6-208P,0.0
RNU6-209P,0.0
RNU6-20P,0.0
RNU6-20P,0.0
RNU6-210P,0.0
RNU6-211P,0.0
RNU6-212P,0.0
RNU6-213P,0.0
RNU6-214P,0.0
RNU6-215P,0.0
RNU6-216P,0.0
RNU6-217P,0.0
RNU6-218P,0.0
RNU6-219P,0.0
RNU6-21P,0.0
RNU6-220P,0.0
RNU6-221P,0.0
RNU6-222P,0.0
RNU6-222P,0.0
RNU6-223P,0.0
RNU6-224P,0.0
RNU6-225P,0.0
RNU6-226P,0.0
RNU6-227P,0.0
RNU6-228P,0.0
RNU6-229P,0.0
RNU6-22P,0.0
RNU6-230P,0.0
RNU6-231P,0.0
RNU6-232P,0.0
RNU6-233P,0.0
RNU6-234P,0.0
RNU6-235P,0.0
RNU6-236P,0.0
RNU6-237P,0.0
RNU6-238P,0.0
RNU6-239P,0.0
RNU6-23P,0.0
RNU6-240P,0.0
RNU6-241P,0.0
RNU6-242P,0.0
RNU6-243P,0.0
RNU6-244P,0.0
RNU6-245P,0.0
RNU6-246P,0.0
RNU6-247P,0.0
RNU6-248P,0.0
RNU6-249P,0.0
RNU6-24P,0.0
RNU6-250P,0.0
RNU6-251P,0.0
RNU6-252P,0.0
RNU6-253P,0.0
RNU6-254P,0.0
RNU6-255P,0.0
RNU6-256P,0.0
RNU6-257P,0.0
RNU6-258P,0.0
RNU6-259P,0.0
RNU6-25P,0.0
RNU6-260P,0.0
RNU6-261P,0.0
RNU6-262P,0.0
RNU6-263P,0.0
RNU6-264P,0.0
RNU6-265P,0.0
RNU6-266P,0.0
RNU6-267P,0.0
RNU6-268P,0.0
RNU6-269P,0.0
RNU6-26P,0.0
RNU6-270P,0.0
RNU6-271P,0.0
RNU6-272P,0.0
RNU6-273P,0.0
RNU6-274P,0.0
RNU6-275P,0.0
RNU6-276P,0.0
RNU6-277P,0.0
RNU6-278P,0.0
RNU6-279P,0.0
RNU6-27P,0.0
RNU6-280P,0.0
RNU6-281P,0.0
RNU6-282P,0.0
RNU6-283P,0.0
RNU6-284P,0.0
RNU6-285P,0.0
RNU6-286P,0.0
RNU6-287P,0.0
RNU6-288P,0.0
RNU6-289P,0.0
RNU6-28P,0.0
RNU6-290P,0.0
RNU6-291P,0.0
RNU6-292P,0.0
RNU6-293P,0.0
RNU6-294P,0.0
RNU6-295P,0.0
RNU6-296P,0.0
RNU6-297P,0.0
RNU6-298P,0.0
RNU6-299P,0.0
RNU6-29P,0.0
RNU6-29P,0.0
RNU6-300P,0.0
RNU6-301P,0.0
RNU6-302P,0.0
RNU6-303P,0.0
RNU6-304P,0.0
RNU6-305P,0.0
RNU6-306P,0.0
RNU6-307P,0.0
RNU6-308P,0.0
RNU6-309P,0.0
RNU6-30P,0.0
RNU6-30P,0.0
RNU6-310P,0.0
RNU6-311P,0.0
RNU6-312P,0.0
RNU6-313P,0.0
RNU6-314P,0.0
RNU6-315P,0.0
RNU6-316P,0.0
RNU6-317P,0.0
RNU6-318P,0.0
RNU6-319P,0.0
RNU6-31P,0.0
RNU6-320P,0.0
RNU6-321P,0.0
RNU6-322P,0.0
RNU6-324P,0.0
RNU6-325P,0.0
RNU6-326P,0.0
RNU6-327P,0.0
RNU6-328P,0.0
RNU6-329P,0.0
RNU6-32P,0.6960356275201428
RNU6-330P,0.0
RNU6-331P,0.0
RNU6-332P,0.0
RNU6-333P,0.0
RNU6-334P,0.0
RNU6-335P,0.0
RNU6-336P,0.0
RNU6-337P,0.0
RNU6-338P,0.0
RNU6-339P,0.0
RNU6-33P,0.0
RNU6-340P,0.0
RNU6-341P,0.0
RNU6-342P,0.0
RNU6-343P,0.0
RNU6-344P,0.0
RNU6-345P,0.0
RNU6-346P,0.0
RNU6-347P,0.0
RNU6-348P,0.0
RNU6-349P,0.0
RNU6-34P,0.0
RNU6-350P,0.0
RNU6-351P,0.0
RNU6-352P,0.0
RNU6-353P,0.0
RNU6-354P,0.0
RNU6-355P,0.0
RNU6-356P,0.0
RNU6-357P,0.0
RNU6-358P,0.0
RNU6-359P,0.0
RNU6-35P,0.0
RNU6-360P,0.0
RNU6-361P,0.0
RNU6-362P,0.0
RNU6-363P,0.0
RNU6-364P,0.0
RNU6-365P,0.0
RNU6-366P,0.0
RNU6-367P,0.0
RNU6-368P,0.0
RNU6-369P,0.0
RNU6-36P,0.0
RNU6-370P,0.0
RNU6-371P,0.0
RNU6-372P,0.0
RNU6-373P,0.0
RNU6-374P,0.0
RNU6-375P,0.0
RNU6-376P,0.0
RNU6-376P,0.0
RNU6-377P,0.0
RNU6-378P,0.0
RNU6-379P,0.0
RNU6-37P,0.0
RNU6-380P,0.0
RNU6-381P,0.0
RNU6-382P,0.0
RNU6-382P,0.0
RNU6-383P,0.0
RNU6-383P,0.0
RNU6-384P,0.0
RNU6-385P,0.0
RNU6-386P,0.0
RNU6-387P,0.0
RNU6-388P,0.0
RNU6-389P,0.0
RNU6-38P,0.0
RNU6-390P,0.0
RNU6-391P,0.0
RNU6-392P,0.0
RNU6-393P,0.0
RNU6-394P,0.0
RNU6-395P,0.0
RNU6-396P,0.0
RNU6-397P,0.0
RNU6-398P,0.0
RNU6-399P,0.0
RNU6-39P,0.0
RNU6-3P,0.0
RNU6-3P,0.0
RNU6-400P,0.0
RNU6-401P,0.0
RNU6-402P,0.0
RNU6-403P,0.0
RNU6-404P,0.0
RNU6-405P,0.0
RNU6-406P,0.0
RNU6-407P,0.0
RNU6-408P,0.0
RNU6-409P,0.0
RNU6-40P,0.0
RNU6-410P,0.0
RNU6-411P,0.0
RNU6-412P,0.0
RNU6-413P,0.0
RNU6-414P,0.0
RNU6-415P,0.0
RNU6-416P,0.0
RNU6-417P,0.0
RNU6-418P,0.0
RNU6-419P,0.8164310788769841
RNU6-41P,0.0
RNU6-420P,0.0
RNU6-421P,0.0
RNU6-421P,0.0
RNU6-422P,0.0
RNU6-423P,0.0
RNU6-424P,0.0
RNU6-425P,0.0
RNU6-426P,0.0
RNU6-427P,0.0
RNU6-428P,0.0
RNU6-429P,0.0
RNU6-42P,0.0
RNU6-430P,0.0
RNU6-431P,0.0
RNU6-432P,0.0
RNU6-433P,0.0
RNU6-434P,0.0
RNU6-434P,0.0
RNU6-435P,0.0
RNU6-436P,0.0
RNU6-437P,0.0
RNU6-438P,0.0
RNU6-439P,0.0
RNU6-43P,0.0
RNU6-440P,0.0
RNU6-441P,0.0
RNU6-442P,0.0
RNU6-443P,0.0
RNU6-444P,0.0
RNU6-445P,0.0
RNU6-446P,0.0
RNU6-447P,0.0
RNU6-448P,0.0
RNU6-449P,0.0
RNU6-44P,0.0
RNU6-450P,0.0
RNU6-451P,0.0
RNU6-452P,0.0
RNU6-453P,0.0
RNU6-454P,0.0
RNU6-455P,0.0
RNU6-456P,0.0
RNU6-457P,0.0
RNU6-458P,0.0
RNU6-459P,0.0
RNU6-45P,0.0
RNU6-460P,0.0
RNU6-461P,0.0
RNU6-462P,0.0
RNU6-463P,0.0
RNU6-464P,0.0
RNU6-465P,0.0
RNU6-465P,0.0
RNU6-466P,0.0
RNU6-468P,0.0
RNU6-469P,0.0
RNU6-46P,0.0
RNU6-470P,0.0
RNU6-471P,0.0
RNU6-472P,0.0
RNU6-473P,0.0
RNU6-474P,0.0
RNU6-475P,0.0
RNU6-476P,1.664793942489872
RNU6-477P,0.0
RNU6-478P,0.0
RNU6-479P,0.0
RNU6-47P,0.0
RNU6-480P,0.0
RNU6-481P,0.5288907918624668
RNU6-482P,1.408091496025075
RNU6-483P,0.0
RNU6-484P,0.0
RNU6-485P,0.0
RNU6-486P,0.0
RNU6-487P,0.0
RNU6-488P,0.0
RNU6-489P,0.0
RNU6-48P,0.0
RNU6-490P,0.0
RNU6-491P,0.0
RNU6-492P,0.0
RNU6-493P,0.0
RNU6-494P,0.0
RNU6-495P,0.0
RNU6-496P,0.0
RNU6-497P,0.8164310788769841
RNU6-498P,0.0
RNU6-499P,0.0
RNU6-49P,0.0
RNU6-4P,0.0
RNU6-500P,0.0
RNU6-501P,0.0
RNU6-502P,0.0
RNU6-503P,0.0
RNU6-504P,0.0
RNU6-504P,0.0
RNU6-505P,0.0
RNU6-506P,0.0
RNU6-507P,0.0
RNU6-508P,0.0
RNU6-509P,0.0
RNU6-50P,0.0
RNU6-510P,0.0
RNU6-511P,0.0
RNU6-512P,0.0
RNU6-513P,0.0
RNU6-514P,0.0
RNU6-515P,0.0
RNU6-516P,0.0
RNU6-517P,0.0
RNU6-518P,0.0
RNU6-519P,0.0
RNU6-51P,0.0
RNU6-520P,0.0
RNU6-521P,0.0
RNU6-522P,0.0
RNU6-523P,0.4127178969233909
RNU6-524P,0.0
RNU6-525P,0.0
RNU6-526P,0.0
RNU6-527P,0.0
RNU6-528P,0.0
RNU6-529P,1.4213491305518202
RNU6-52P,0.0
RNU6-530P,0.0
RNU6-531P,0.0
RNU6-532P,0.0
RNU6-533P,0.0
RNU6-534P,0.0
RNU6-535P,0.0
RNU6-536P,0.0
RNU6-537P,0.0
RNU6-538P,0.0
RNU6-539P,0.0
RNU6-53P,0.0
RNU6-540P,0.0
RNU6-541P,0.0
RNU6-542P,0.0
RNU6-543P,0.0
RNU6-544P,0.0
RNU6-545P,0.0
RNU6-546P,0.0
RNU6-547P,0.0
RNU6-548P,0.0
RNU6-549P,0.0
RNU6-54P,0.0
RNU6-550P,0.0
RNU6-551P,0.0
RNU6-552P,0.0
RNU6-553P,0.253644744093139
RNU6-554P,0.0
RNU6-555P,0.0
RNU6-556P,0.0
RNU6-557P,0.0
RNU6-558P,0.0
RNU6-559P,0.0
RNU6-55P,0.0
RNU6-560P,0.0
RNU6-561P,0.0
RNU6-562P,0.0
RNU6-563P,0.0
RNU6-564P,0.0
RNU6-565P,0.0
RNU6-566P,0.0
RNU6-567P,0.0
RNU6-568P,0.0
RNU6-569P,0.0
RNU6-56P,0.0
RNU6-570P,0.0
RNU6-571P,0.0
RNU6-572P,0.0
RNU6-573P,0.0
RNU6-574P,0.0
RNU6-575P,0.0
RNU6-576P,0.0
RNU6-577P,0.0
RNU6-578P,0.0
RNU6-579P,0.0
RNU6-57P,0.0
RNU6-580P,0.0
RNU6-581P,0.0
RNU6-582P,0.0
RNU6-583P,0.0
RNU6-584P,0.0
RNU6-585P,0.0
RNU6-586P,0.0
RNU6-587P,0.0
RNU6-587P,0.0
RNU6-588P,0.0
RNU6-589P,0.0
RNU6-58P,0.0
RNU6-590P,0.0
RNU6-591P,0.0
RNU6-592P,0.0
RNU6-593P,0.0
RNU6-594P,0.0
RNU6-595P,0.0
RNU6-596P,0.0
RNU6-597P,0.0
RNU6-598P,0.0
RNU6-599P,0.0
RNU6-59P,0.0
RNU6-5P,0.0
RNU6-600P,0.0
RNU6-601P,0.0
RNU6-602P,0.0
RNU6-603P,0.0
RNU6-604P,0.0
RNU6-605P,0.0
RNU6-606P,0.0
RNU6-607P,0.0
RNU6-608P,0.0
RNU6-609P,0.0
RNU6-60P,0.0
RNU6-610P,0.0
RNU6-611P,1.434214011430753
RNU6-612P,0.0
RNU6-613P,0.0
RNU6-614P,0.0
RNU6-615P,0.0
RNU6-616P,0.0
RNU6-617P,0.0
RNU6-618P,0.0
RNU6-619P,0.0
RNU6-61P,0.0
RNU6-620P,0.0
RNU6-621P,0.0
RNU6-622P,0.0
RNU6-623P,0.0
RNU6-624P,0.0
RNU6-625P,0.0
RNU6-626P,0.0
RNU6-627P,0.0
RNU6-628P,0.0
RNU6-629P,0.0
RNU6-62P,0.0
RNU6-630P,0.0
RNU6-631P,0.0
RNU6-632P,0.0
RNU6-633P,0.0
RNU6-634P,0.0
RNU6-635P,0.0
RNU6-636P,0.0
RNU6-637P,0.0
RNU6-638P,0.0
RNU6-639P,0.0
RNU6-63P,0.0
RNU6-640P,0.0
RNU6-641P,0.0
RNU6-642P,0.0
RNU6-643P,0.0
RNU6-644P,0.0
RNU6-645P,0.0
RNU6-646P,0.0
RNU6-647P,0.0
RNU6-648P,0.0
RNU6-648P,0.0
RNU6-649P,0.0
RNU6-64P,0.0
RNU6-650P,0.0
RNU6-651P,0.0
RNU6-652P,0.0
RNU6-653P,0.0
RNU6-654P,0.0
RNU6-655P,0.0
RNU6-656P,0.0
RNU6-657P,0.0
RNU6-658P,0.0
RNU6-659P,0.0
RNU6-65P,0.0
RNU6-660P,0.0
RNU6-661P,0.0
RNU6-662P,0.0
RNU6-663P,0.0
RNU6-664P,0.0
RNU6-665P,0.0
RNU6-666P,0.0
RNU6-667P,0.0
RNU6-668P,0.0
RNU6-669P,0.0
RNU6-66P,0.0
RNU6-670P,0.0
RNU6-671P,0.0
RNU6-672P,0.0
RNU6-673P,0.0
RNU6-674P,0.0
RNU6-675P,0.0
RNU6-676P,0.0
RNU6-677P,0.0
RNU6-678P,0.0
RNU6-679P,0.0
RNU6-67P,0.0
RNU6-680P,0.0
RNU6-681P,0.0
RNU6-682P,0.0
RNU6-683P,0.0
RNU6-684P,0.0
RNU6-685P,0.0
RNU6-686P,0.0
RNU6-687P,0.0
RNU6-688P,0.0
RNU6-689P,0.0
RNU6-68P,0.0
RNU6-690P,0.0
RNU6-691P,0.0
RNU6-692P,0.0
RNU6-693P,0.0
RNU6-694P,0.0
RNU6-695P,0.0
RNU6-696P,0.0
RNU6-697P,0.0
RNU6-698P,0.0
RNU6-699P,0.0
RNU6-69P,0.0
RNU6-6P,0.0
RNU6-7,0.0
RNU6-700P,0.0
RNU6-701P,0.0
RNU6-702P,0.0
RNU6-703P,0.0
RNU6-704P,0.0
RNU6-705P,0.0
RNU6-706P,0.0
RNU6-707P,0.0
RNU6-707P,0.0
RNU6-708P,0.0
RNU6-709P,0.0
RNU6-70P,0.0
RNU6-710P,0.0
RNU6-711P,0.0
RNU6-712P,0.0
RNU6-713P,0.0
RNU6-714P,0.0
RNU6-715P,0.0
RNU6-716P,0.0
RNU6-717P,0.0
RNU6-718P,0.0
RNU6-719P,0.0
RNU6-71P,0.0
RNU6-720P,0.0
RNU6-721P,0.0
RNU6-722P,0.0
RNU6-722P,0.0
RNU6-723P,0.0
RNU6-724P,0.0
RNU6-725P,0.0
RNU6-726P,0.0
RNU6-727P,0.0
RNU6-728P,0.0
RNU6-729P,0.0
RNU6-72P,0.0
RNU6-730P,0.0
RNU6-731P,0.0
RNU6-732P,0.0
RNU6-733P,0.0
RNU6-734P,0.0
RNU6-735P,0.0
RNU6-736P,0.0
RNU6-737P,0.0
RNU6-738P,0.0
RNU6-739P,0.0
RNU6-73P,0.0
RNU6-740P,0.0
RNU6-741P,0.0
RNU6-742P,0.0
RNU6-743P,0.0
RNU6-744P,0.0
RNU6-745P,0.0
RNU6-746P,0.0
RNU6-747P,0.0
RNU6-748P,0.0
RNU6-749P,0.0
RNU6-74P,0.0
RNU6-750P,0.0
RNU6-751P,0.0
RNU6-752P,0.0
RNU6-753P,0.0
RNU6-754P,0.0
RNU6-755P,0.0
RNU6-756P,0.0
RNU6-757P,0.0
RNU6-758P,0.0
RNU6-759P,0.0
RNU6-75P,0.0
RNU6-760P,0.0
RNU6-761P,2.017553329078163
RNU6-762P,0.0
RNU6-763P,0.0
RNU6-764P,0.0
RNU6-765P,0.0
RNU6-766P,0.0
RNU6-767P,0.0
RNU6-768P,0.0
RNU6-769P,0.0
RNU6-76P,0.0
RNU6-770P,0.0
RNU6-771P,0.0
RNU6-772P,0.0
RNU6-773P,0.0
RNU6-774P,0.0
RNU6-775P,0.0
RNU6-776P,0.0
RNU6-777P,0.0
RNU6-778P,0.0
RNU6-779P,0.0
RNU6-77P,0.0
RNU6-780P,0.0
RNU6-781P,0.0
RNU6-782P,0.0
RNU6-783P,0.0
RNU6-784P,0.0
RNU6-785P,0.0
RNU6-786P,0.0
RNU6-787P,0.0
RNU6-788P,0.0
RNU6-789P,0.0
RNU6-78P,0.0
RNU6-790P,0.0
RNU6-791P,0.0
RNU6-792P,0.0
RNU6-793P,0.0
RNU6-794P,0.0
RNU6-795P,0.0
RNU6-796P,0.0
RNU6-797P,0.0
RNU6-798P,0.0
RNU6-799P,0.0
RNU6-79P,0.0
RNU6-8,0.0
RNU6-800P,0.0
RNU6-801P,0.0
RNU6-802P,0.0
RNU6-803P,0.0
RNU6-804P,0.0
RNU6-805P,0.0
RNU6-806P,0.0
RNU6-807P,0.0
RNU6-808P,0.0
RNU6-809P,0.0
RNU6-80P,0.0
RNU6-810P,0.0
RNU6-811P,0.0
RNU6-812P,0.0
RNU6-813P,0.0
RNU6-814P,0.0
RNU6-815P,0.0
RNU6-816P,0.0
RNU6-817P,1.7005522897870602
RNU6-818P,0.0
RNU6-819P,0.0
RNU6-81P,0.0
RNU6-820P,0.0
RNU6-821P,0.0
RNU6-822P,0.0
RNU6-823P,0.0
RNU6-824P,0.0
RNU6-825P,0.0
RNU6-826P,0.0
RNU6-827P,0.0
RNU6-828P,0.0
RNU6-829P,0.0
RNU6-82P,0.0
RNU6-830P,0.0
RNU6-831P,0.0
RNU6-832P,0.0
RNU6-833P,0.0
RNU6-834P,0.0
RNU6-835P,0.0
RNU6-836P,0.0
RNU6-837P,0.0
RNU6-838P,0.0
RNU6-839P,0.0
RNU6-83P,0.0
RNU6-840P,0.0
RNU6-841P,0.0
RNU6-842P,0.0
RNU6-843P,0.0
RNU6-844P,0.0
RNU6-845P,0.0
RNU6-846P,0.0
RNU6-847P,0.0
RNU6-848P,0.0
RNU6-849P,0.0
RNU6-850P,0.0
RNU6-851P,0.0
RNU6-852P,0.0
RNU6-853P,0.0
RNU6-854P,0.0
RNU6-854P,0.0
RNU6-855P,0.0
RNU6-856P,0.0
RNU6-857P,0.0
RNU6-858P,0.0
RNU6-859P,0.0
RNU6-860P,0.0
RNU6-861P,0.0
RNU6-862P,0.0
RNU6-863P,0.0
RNU6-863P,0.0
RNU6-864P,0.0
RNU6-865P,0.0
RNU6-866P,0.0
RNU6-867P,0.0
RNU6-867P,0.0
RNU6-868P,0.0
RNU6-869P,0.0
RNU6-870P,0.0
RNU6-871P,0.0
RNU6-872P,0.0
RNU6-873P,0.0
RNU6-874P,0.0
RNU6-875P,0.7603920768618123
RNU6-876P,0.0
RNU6-877P,0.0
RNU6-878P,0.0
RNU6-879P,0.0
RNU6-880P,0.0
RNU6-881P,0.0
RNU6-882P,0.0
RNU6-883P,0.0
RNU6-884P,0.0
RNU6-885P,0.0
RNU6-886P,0.0
RNU6-887P,0.0
RNU6-888P,0.0
RNU6-889P,0.0
RNU6-890P,0.0
RNU6-891P,0.0
RNU6-892P,0.0
RNU6-893P,0.0
RNU6-894P,0.0
RNU6-895P,0.0
RNU6-896P,0.0
RNU6-897P,0.0
RNU6-898P,0.0
RNU6-899P,0.0
RNU6-9,0.0
RNU6-900P,0.0
RNU6-901P,0.0
RNU6-902P,0.0
RNU6-903P,0.0
RNU6-904P,0.0
RNU6-905P,0.0
RNU6-906P,0.0
RNU6-907P,0.0
RNU6-908P,0.0
RNU6-909P,0.0
RNU6-910P,0.0
RNU6-911P,0.0
RNU6-912P,0.0
RNU6-912P,0.0
RNU6-913P,0.0
RNU6-914P,0.0
RNU6-915P,0.0
RNU6-916P,0.0
RNU6-917P,0.0
RNU6-918P,0.0
RNU6-919P,0.0
RNU6-920P,0.0
RNU6-921P,0.0
RNU6-922P,0.0
RNU6-923P,0.0
RNU6-924P,2.2363999041364866
RNU6-925P,0.253644744093139
RNU6-926P,0.0
RNU6-927P,0.0
RNU6-928P,0.0
RNU6-929P,0.0
RNU6-930P,0.0
RNU6-931P,0.0
RNU6-932P,0.0
RNU6-933P,0.0
RNU6-934P,0.0
RNU6-934P,0.0
RNU6-935P,0.0
RNU6-935P,0.0
RNU6-936P,0.0
RNU6-937P,0.0
RNU6-938P,0.0
RNU6-939P,0.0
RNU6-940P,0.0
RNU6-941P,0.0
RNU6-942P,0.0
RNU6-943P,0.0
RNU6-944P,0.0
RNU6-945P,0.0
RNU6-946P,0.0
RNU6-947P,0.0
RNU6-948P,0.0
RNU6-949P,0.0
RNU6-950P,0.0
RNU6-951P,0.0
RNU6-952P,0.0
RNU6-953P,0.0
RNU6-954P,0.0
RNU6-955P,0.0
RNU6-956P,0.0
RNU6-957P,1.525354679322857
RNU6-958P,0.0
RNU6-959P,0.0
RNU6-95P,0.0
RNU6-960P,0.0
RNU6-961P,0.0
RNU6-962P,0.0
RNU6-963P,0.0
RNU6-964P,0.0
RNU6-965P,0.0
RNU6-966P,0.0
RNU6-967P,0.0
RNU6-968P,0.0
RNU6-969P,0.0
RNU6-96P,0.0
RNU6-970P,0.0
RNU6-971P,0.0
RNU6-972P,0.0
RNU6-973P,0.0
RNU6-974P,0.0
RNU6-975P,0.0
RNU6-976P,0.0
RNU6-977P,0.0
RNU6-978P,0.0
RNU6-979P,0.0
RNU6-97P,0.0
RNU6-980P,0.0
RNU6-981P,0.0
RNU6-982P,0.0
RNU6-983P,0.0
RNU6-984P,0.0
RNU6-985P,0.0
RNU6-986P,0.0
RNU6-987P,0.0
RNU6-989P,0.0
RNU6-98P,0.0
RNU6-990P,0.0
RNU6-991P,0.0
RNU6-992P,0.0
RNU6-993P,0.0
RNU6-994P,0.0
RNU6-995P,0.0
RNU6-996P,0.0
RNU6-997P,0.0
RNU6-998P,0.0
RNU6-999P,0.0
RNU6-99P,0.0
RNU6ATAC,0.0
RNU6ATAC,0.0
RNU6ATAC10P,0.0
RNU6ATAC11P,0.0
RNU6ATAC12P,1.3187237340792874
RNU6ATAC13P,0.0
RNU6ATAC14P,0.0
RNU6ATAC15P,0.0
RNU6ATAC16P,0.0
RNU6ATAC17P,0.0
RNU6ATAC18P,0.0
RNU6ATAC19P,0.0
RNU6ATAC20P,0.0
RNU6ATAC21P,0.0
RNU6ATAC22P,0.0
RNU6ATAC23P,0.0
RNU6ATAC24P,0.0
RNU6ATAC25P,0.0
RNU6ATAC26P,0.0
RNU6ATAC27P,0.0
RNU6ATAC28P,0.0
RNU6ATAC29P,0.0
RNU6ATAC2P,0.0
RNU6ATAC30P,0.0
RNU6ATAC31P,0.0
RNU6ATAC32P,0.0
RNU6ATAC33P,0.0
RNU6ATAC34P,0.0
RNU6ATAC35P,0.0
RNU6ATAC36P,0.0
RNU6ATAC37P,0.0
RNU6ATAC38P,0.0
RNU6ATAC39P,0.0
RNU6ATAC3P,0.0
RNU6ATAC40P,0.0
RNU6ATAC41P,0.0
RNU6ATAC42P,0.0
RNU6ATAC4P,0.0
RNU6ATAC5P,0.0
RNU6ATAC6P,0.0
RNU6ATAC7P,0.0
RNU6ATAC8P,0.0
RNU6ATAC9P,0.0
RNU6V,0.0
RNU7-1,0.0
RNU7-1,0.0
RNU7-101P,0.0
RNU7-102P,0.0
RNU7-103P,0.0
RNU7-104P,0.0
RNU7-105P,0.0
RNU7-106P,0.0
RNU7-107P,0.0
RNU7-108P,0.0
RNU7-109P,0.0
RNU7-110P,0.0
RNU7-111P,0.0
RNU7-113P,0.0
RNU7-114P,0.0
RNU7-115P,0.0
RNU7-116P,0.0
RNU7-117P,0.0
RNU7-119P,0.0
RNU7-11P,0.0
RNU7-120P,0.0
RNU7-121P,0.0
RNU7-122P,0.0
RNU7-123P,1.0219824427879696
RNU7-124P,0.0
RNU7-125P,0.0
RNU7-126P,0.0
RNU7-127P,0.0
RNU7-128P,0.0
RNU7-129P,0.0
RNU7-12P,0.0
RNU7-130P,0.0
RNU7-131P,0.0
RNU7-133P,0.0
RNU7-134P,0.0
RNU7-135P,0.0
RNU7-136P,0.0
RNU7-137P,0.0
RNU7-138P,0.0
RNU7-13P,0.0
RNU7-140P,0.0
RNU7-141P,0.0
RNU7-143P,0.0
RNU7-144P,0.0
RNU7-145P,0.0
RNU7-146P,0.0
RNU7-147P,0.0
RNU7-148P,0.0
RNU7-149P,0.0
RNU7-14P,0.0
RNU7-150P,0.0
RNU7-151P,0.0
RNU7-152P,0.0
RNU7-153P,0.0
RNU7-154P,0.0
RNU7-155P,0.0
RNU7-156P,0.0
RNU7-157P,0.0
RNU7-158P,0.0
RNU7-159P,0.0
RNU7-160P,0.0
RNU7-161P,0.0
RNU7-162P,0.0
RNU7-163P,1.4467087411059607
RNU7-164P,0.0
RNU7-165P,0.0
RNU7-166P,0.0
RNU7-167P,0.0
RNU7-168P,0.0
RNU7-169P,0.0
RNU7-16P,0.0
RNU7-170P,0.0
RNU7-171P,0.0
RNU7-172P,0.0
RNU7-173P,0.0
RNU7-174P,0.0
RNU7-175P,0.0
RNU7-176P,0.0
RNU7-177P,0.0
RNU7-179P,0.0
RNU7-180P,0.0
RNU7-181P,0.0
RNU7-182P,0.0
RNU7-183P,0.0
RNU7-184P,0.0
RNU7-185P,0.0
RNU7-186P,0.0
RNU7-187P,0.0
RNU7-188P,0.0
RNU7-189P,0.0
RNU7-18P,0.0
RNU7-190P,0.0
RNU7-191P,0.0
RNU7-192P,0.0
RNU7-193P,0.0
RNU7-194P,0.0
RNU7-195P,0.0
RNU7-196P,0.0
RNU7-197P,0.0
RNU7-198P,0.0
RNU7-199P,0.0
RNU7-19P,0.0
RNU7-200P,0.0
RNU7-20P,0.0
RNU7-21P,0.0
RNU7-22P,0.0
RNU7-23P,0.0
RNU7-24P,0.0
RNU7-25P,0.0
RNU7-26P,0.0
RNU7-27P,0.0
RNU7-28P,0.0
RNU7-29P,0.0
RNU7-2P,0.0
RNU7-30P,0.0
RNU7-31P,0.0
RNU7-34P,0.0
RNU7-35P,0.253644744093139
RNU7-36P,0.0
RNU7-37P,0.0
RNU7-37P,0.0
RNU7-38P,0.0
RNU7-3P,0.0
RNU7-40P,0.0
RNU7-41P,0.0
RNU7-43P,0.0
RNU7-45P,0.0
RNU7-46P,0.0
RNU7-47P,0.0
RNU7-48P,0.0
RNU7-49P,0.0
RNU7-4P,0.0
RNU7-50P,0.0
RNU7-51P,0.0
RNU7-52P,0.0
RNU7-53P,0.0
RNU7-54P,0.0
RNU7-55P,0.0
RNU7-56P,0.0
RNU7-57P,0.0
RNU7-58P,0.0
RNU7-59P,0.0
RNU7-5P,0.0
RNU7-60P,0.0
RNU7-61P,0.0
RNU7-62P,0.0
RNU7-63P,0.0
RNU7-63P,0.0
RNU7-64P,0.0
RNU7-65P,0.0
RNU7-66P,0.0
RNU7-67P,0.0
RNU7-69P,0.0
RNU7-6P,0.0
RNU7-70P,0.0
RNU7-71P,0.0
RNU7-72P,0.0
RNU7-73P,0.0
RNU7-74P,0.0
RNU7-75P,0.0
RNU7-76P,0.0
RNU7-77P,0.0
RNU7-79P,0.0
RNU7-7P,0.0
RNU7-80P,0.0
RNU7-81P,0.0
RNU7-84P,0.0
RNU7-85P,0.0
RNU7-87P,0.0
RNU7-88P,0.0
RNU7-8P,0.0
RNU7-90P,0.0
RNU7-91P,0.0
RNU7-92P,0.0
RNU7-93P,0.0
RNU7-94P,0.0
RNU7-95P,0.0
RNU7-96P,0.0
RNU7-97P,0.0
RNU7-98P,0.0
RNU7-98P,0.0
RNU7-99P,0.0
RNU7-9P,0.0
RNVU1-1,0.0
RNVU1-10,0.0
RNVU1-10,0.0
RNVU1-11,0.0
RNVU1-11,0.0
RNVU1-12,0.0
RNVU1-12,0.0
RNVU1-13,0.0
RNVU1-14,0.0
RNVU1-14,0.0
RNVU1-15,0.0
RNVU1-15,0.0
RNVU1-16,0.0
RNVU1-17,0.0
RNVU1-17,0.0
RNVU1-18,0.253644744093139
RNVU1-18,0.0
RNVU1-19,0.0
RNVU1-2,0.0
RNVU1-20,0.0
RNVU1-3,0.0
RNVU1-4,0.0
RNVU1-5,0.0
RNVU1-5,0.0
RNVU1-6,0.0
RNVU1-6,0.0
RNVU1-7,0.0
RNVU1-7,0.0
RNVU1-8,0.0
RNVU1-8,0.0
RNVU1-9,0.0
RNVU1-9,0.0
RNY1,0.0
RNY1P1,0.0
RNY1P2,0.0
RNY1P3,0.0
RNY1P4,0.0
RNY1P5,0.0
RNY1P6,0.0
RNY1P7,0.0
RNY1P8,0.0
RNY3,0.0
RNY3P1,0.0
RNY3P10,0.0
RNY3P2,0.0
RNY3P3,0.0
RNY3P4,0.0
RNY3P5,0.0
RNY3P6,0.0
RNY3P7,0.0
RNY3P8,0.0
RNY3P9,0.0
RNY4,0.0
RNY4P1,0.0
RNY4P10,0.0
RNY4P11,0.0
RNY4P13,0.0
RNY4P13,0.0
RNY4P14,0.0
RNY4P15,0.0
RNY4P16,0.0
RNY4P17,0.0
RNY4P18,0.0
RNY4P19,0.0
RNY4P2,0.0
RNY4P20,0.0
RNY4P22,0.0
RNY4P23,0.0
RNY4P24,0.0
RNY4P25,0.0
RNY4P26,0.0
RNY4P27,0.0
RNY4P28,0.0
RNY4P29,0.0
RNY4P3,0.0
RNY4P30,0.0
RNY4P31,0.0
RNY4P4,0.0
RNY4P5,0.0
RNY4P6,0.0
RNY4P7,0.0
RNY4P8,0.0
RNY4P9,0.0
RNY5,0.0
RNY5P1,0.0
RNY5P3,0.0
RNY5P4,0.0
RNY5P5,0.0
RNY5P8,0.0
ROBO1,0.0
ROBO2,0.4127178969233909
ROBO2P1,0.0
ROBO3,2.007512212023229
ROBO4,0.0
ROCK1,2.1254013691955027
ROCK1P1,0.0
ROCK2,1.434214011430753
ROGDI,0.8164310788769841
ROM1,0.0
ROMO1,0.0
ROPN1,0.0
ROPN1B,0.0
ROPN1L,0.0
ROPN1L-AS1,0.0
ROR1,0.0
ROR2,0.0
RORA,1.9048594511354124
RORB,2.7617057287330296
RORC,0.0
ROS1,0.0
RP1,0.0
RP1-100J12.1,0.0
RP1-101G11.2,0.0
RP1-101K10.4,0.0
RP1-101K10.6,0.0
RP1-102D24.5,0.0
RP1-102E24.1,0.0
RP1-102E24.6,0.0
RP1-102E24.8,0.0
RP1-102E24.9,0.0
RP1-102G20.2,0.0
RP1-102G20.4,0.0
RP1-102G20.5,0.0
RP1-102H19.8,0.0
RP1-102K2.6,0.0
RP1-102K2.8,0.0
RP1-104O17.1,0.0
RP1-104O17.2,0.0
RP1-104O17.3,0.0
RP1-105O18.1,0.0
RP1-106C24.1,0.0
RP1-107N3.1,0.0
RP1-107N3.2,0.0
RP1-10C16.1,0.0
RP1-111B22.3,0.0
RP1-111C20.3,0.0
RP1-111C20.4,0.0
RP1-111D6.2,0.0
RP1-111D6.3,0.0
RP1-116K23.1,0.0
RP1-117B12.4,0.0
RP1-117O3.2,0.0
RP1-117P20.3,0.0
RP1-118J21.24,0.0
RP1-118J21.25,0.0
RP1-118J21.5,0.0
RP1-120G22.11,0.0
RP1-121G13.2,0.0
RP1-121G13.3,0.0
RP1-122K4.2,0.0
RP1-122K4.3,0.0
RP1-122O8.7,0.0
RP1-122P22.2,0.0
RP1-124C6.1,0.0
RP1-125I3.2,0.0
RP1-125I3.4,0.0
RP1-125N5.2,0.0
RP1-127B20.4,0.0
RP1-127C7.6,0.0
RP1-127D3.4,0.0
RP1-127H14.3,0.0
RP1-127L4.10,0.0
RP1-127L4.7,0.0
RP1-128M12.3,0.0
RP1-128O3.4,0.0
RP1-128O3.5,0.0
RP1-128O3.6,0.0
RP1-12G14.5,0.0
RP1-12G14.6,0.0
RP1-12G14.7,0.0
RP1-130G2.1,0.0
RP1-130H16.16,0.0
RP1-130H16.18,0.0
RP1-130L23.1,0.0
RP1-131F15.2,0.0
RP1-134E15.3,0.0
RP1-134O19.3,0.0
RP1-135L22.1,0.0
RP1-136B1.1,0.0
RP1-136J15.1,0.0
RP1-136J15.5,0.0
RP1-137D17.1,0.0
RP1-137D17.2,0.0
RP1-137F1.3,0.0
RP1-137H15.2,0.0
RP1-137K2.2,0.0
RP1-137K24.1,0.0
RP1-138A5.2,0.0
RP1-138B7.4,0.0
RP1-138B7.5,0.0
RP1-139D8.6,0.0
RP1-13D10.2,0.0
RP1-13D10.3,0.0
RP1-13D10.5,0.0
RP1-13P20.6,0.0
RP1-140A9.1,0.0
RP1-140C12.2,0.0
RP1-140J1.1,0.0
RP1-140J1.4,0.0
RP1-140K8.1,0.0
RP1-140K8.2,0.0
RP1-140K8.3,0.0
RP1-140K8.5,0.0
RP1-142F18.2,0.0
RP1-142L7.5,0.0
RP1-142L7.5,0.0
RP1-142L7.8,0.0
RP1-142L7.8,0.0
RP1-142L7.9,0.0
RP1-142L7.9,0.0
RP1-142O9.2,0.0
RP1-144C9.2,0.0
RP1-144F13.3,0.0
RP1-144F13.4,0.0
RP1-145M24.1,0.0
RP1-146A15.1,0.0
RP1-146I3.1,0.0
RP1-148H17.1,0.0
RP1-149A16.12,0.0
RP1-149A16.16,0.0
RP1-149A16.17,0.0
RP1-149A16.3,0.0
RP1-149C7.1,0.0
RP1-149L1.1,0.0
RP1-14D6.2,0.0
RP1-14D6.2,0.0
RP1-14D6.7,0.0
RP1-14D6.7,0.0
RP1-150O5.3,0.0
RP1-151B14.6,0.0
RP1-151B14.9,0.0
RP1-151F17.1,0.0
RP1-151F17.2,0.8164310788769841
RP1-152L7.1,0.0
RP1-152L7.3,0.0
RP1-152L7.5,0.0
RP1-152L7.8,0.0
RP1-152L7.9,0.0
RP1-153G14.4,0.0
RP1-153P14.3,0.0
RP1-153P14.5,0.0
RP1-153P14.8,0.0
RP1-154J13.2,0.0
RP1-154J13.3,0.0
RP1-154K9.2,0.0
RP1-155D22.1,0.0
RP1-155D22.2,0.0
RP1-155G6.4,0.0
RP1-156L9.1,0.0
RP1-158P9.1,0.0
RP1-159A19.3,0.0
RP1-159A19.4,0.0
RP1-159G19.1,0.0
RP1-159M24.1,0.0
RP1-15D23.2,0.0
RP1-15D7.1,0.0
RP1-161C16.1,0.0
RP1-161N10.1,0.0
RP1-161P9.5,0.0
RP1-161P9.5,0.0
RP1-163G9.2,0.0
RP1-164F3.8,0.0
RP1-164F3.8,0.0
RP1-164L12.1,0.0
RP1-166H1.2,0.0
RP1-166H4.2,0.0
RP1-167A14.2,0.0
RP1-167F1.2,0.6960356275201428
RP1-167G20.1,0.0
RP1-167G20.2,0.0
RP1-168L15.5,0.4127178969233909
RP1-168P16.1,0.0
RP1-168P16.2,0.0
RP1-168P16.3,0.0
RP1-169I5.4,0.0
RP1-169K13.3,0.0
RP1-169P22.2,0.0
RP1-169P22.2,0.0
RP1-16A9.1,0.0
RP1-170B16.1,0.0
RP1-170O19.14,0.0
RP1-170O19.17,0.0
RP1-170O19.20,0.0
RP1-170O19.21,0.0
RP1-170O19.22,0.0
RP1-170O19.23,0.0
RP1-171K16.5,0.0
RP1-171K16.5,0.0
RP1-172B20.6,0.0
RP1-172I22.1,0.0
RP1-172N19.1,0.0
RP1-172N19.1,0.0
RP1-172N19.3,0.0
RP1-172N19.3,0.0
RP1-172N19.4,0.0
RP1-172N19.4,0.0
RP1-177A13.1,0.0
RP1-177I10.1,0.0
RP1-178F10.1,0.0
RP1-178F10.3,0.0
RP1-178F15.4,1.1364750726028654
RP1-178F15.5,0.0
RP1-179N16.3,0.0
RP1-179N16.6,0.0
RP1-17K7.1,0.0
RP1-17K7.2,0.0
RP1-17K7.3,0.0
RP1-180M12.1,0.0
RP1-181J22.1,0.0
RP1-182D15.2,0.0
RP1-182O16.1,0.0
RP1-182O16.2,0.0
RP1-184J9.2,0.0
RP1-186E20.1,0.0
RP1-187B23.1,0.0
RP1-18D14.7,0.0
RP1-18F17.1,0.0
RP1-190J20.2,0.0
RP1-191J18.65,0.0
RP1-191J18.66,0.0
RP1-191L6.2,0.0
RP1-192P9.1,0.0
RP1-193H18.2,0.0
RP1-193H18.3,0.0
RP1-196A12.1,0.0
RP1-197B17.3,0.0
RP1-197J16.1,0.0
RP1-197J16.2,0.0
RP1-197O17.2,0.0
RP1-197O17.3,0.0
RP1-199H16.6,0.0
RP1-199J3.5,0.0
RP1-199J3.7,1.7140700431083098
RP1-1J6.2,0.0
RP1-200G19.1,0.0
RP1-200K18.1,0.0
RP1-202I21.3,0.0
RP1-202O8.2,0.0
RP1-202O8.3,0.0
RP1-203C2.2,0.0
RP1-203C2.3,0.0
RP1-203C2.4,0.0
RP1-203P18.1,0.0
RP1-203P18.1,0.0
RP1-206D15.3,0.0
RP1-206D15.5,0.0
RP1-207H1.2,0.0
RP1-207H1.3,0.0
RP1-209A6.1,0.0
RP1-209B5.2,0.0
RP1-20B11.2,0.0
RP1-20B21.4,0.0
RP1-20C7.6,0.0
RP1-20I3.3,0.0
RP1-20N18.4,0.0
RP1-20N2.6,1.4821708087520635
RP1-20N2.7,0.0
RP1-20N4.1,0.0
RP1-212G6.4,0.0
RP1-212G6.7,0.0
RP1-212P9.2,0.0
RP1-212P9.3,0.0
RP1-213J1P__B.1,0.0
RP1-213J1P__B.2,0.0
RP1-214M20.2,0.0
RP1-215K18.4,0.0
RP1-217P22.2,0.0
RP1-218B13.1,0.0
RP1-21O18.3,0.0
RP1-21P18.1,0.0
RP1-223B1.1,0.0
RP1-223D17.1,0.0
RP1-223E5.4,0.0
RP1-223H12.5,0.0
RP1-224A6.3,0.0
RP1-224A6.8,0.0
RP1-224A6.9,0.0
RP1-225E12.2,0.0
RP1-225E12.3,0.0
RP1-228H13.1,0.0
RP1-228H13.2,0.0
RP1-228H13.5,0.0
RP1-228P16.1,0.0
RP1-228P16.3,0.0
RP1-228P16.4,0.0
RP1-228P16.5,0.0
RP1-228P16.7,2.4375659423327463
RP1-229K20.5,0.0
RP1-22N22.1,0.0
RP1-230L10.1,0.0
RP1-231P7P.1,0.0
RP1-232L22__A.1,0.0
RP1-232L22__B.1,0.0
RP1-232L24.1,0.0
RP1-232L24.2,0.0
RP1-232L24.2,0.0
RP1-232L24.3,0.0
RP1-232L24.3,0.0
RP1-232L24.4,0.0
RP1-232L24.4,0.0
RP1-232L24.4,0.0
RP1-232N11.2,0.0
RP1-232P20.1,0.0
RP1-234P15.4,0.0
RP1-239B22.5,0.0
RP1-23E21.2,0.0
RP1-23K20.2,0.0
RP1-240B8.3,0.9105921305334987
RP1-240K6.3,0.0
RP1-241P17.1,0.0
RP1-241P17.1,0.0
RP1-241P17.4,0.0
RP1-241P17.4,0.0
RP1-241P17.7,0.0
RP1-241P17.7,0.0
RP1-244F24.1,0.0
RP1-245M18.2,0.0
RP1-249C1.1,0.0
RP1-249F5.3,0.0
RP1-249H1.2,0.0
RP1-249H1.3,0.0
RP1-249H1.4,0.0
RP1-249I4.2,0.0
RP1-24O22.5,0.0
RP1-251I12.1,0.0
RP1-251M9.2,0.0
RP1-251M9.3,0.0
RP1-253B10.1,0.0
RP1-253B10.2,0.0
RP1-253P7.1,0.0
RP1-256G22.2,0.0
RP1-257A15.1,0.0
RP1-257A7.4,0.0
RP1-257A7.5,1.878332270313977
RP1-257I20.14,0.0
RP1-257I20.14,0.0
RP1-257I20.14,0.0
RP1-257I9.2,0.7603920768618123
RP1-258N20.3,0.0
RP1-261D10.1,0.0
RP1-261D10.2,0.0
RP1-261G23.4,0.0
RP1-261G23.5,0.0
RP1-261G23.7,0.0
RP1-263J7.1,0.0
RP1-263J7.2,0.0
RP1-265C24.5,0.0
RP1-265C24.8,0.253644744093139
RP1-266L20.2,0.0
RP1-266L20.4,0.0
RP1-266L20.9,0.0
RP1-267D11.1,0.0
RP1-267L14.3,0.0
RP1-269M15.3,0.0
RP1-269O5.3,0.0
RP1-272E8.1,0.0
RP1-272J12.1,0.0
RP1-272L16.1,0.0
RP1-273G13.1,0.0
RP1-273G13.2,0.0
RP1-273G13.3,0.0
RP1-273P12.1,0.0
RP1-274L7.1,0.0
RP1-274L7.3,0.0
RP1-276E15.1,0.0
RP1-276J11.2,0.0
RP1-276J11.3,0.0
RP1-276N6.2,0.0
RP1-278E11.3,0.0
RP1-278O22.1,0.0
RP1-278O22.2,0.0
RP1-279N11.1,0.0
RP1-279N11.1,0.0
RP1-27K12.2,0.0
RP1-27K12.4,0.0
RP1-27O5.3,0.0
RP1-281H8.3,0.0
RP1-283E3.4,0.0
RP1-283E3.8,0.6204550963106681
RP1-283K11.2,0.0
RP1-283K11.3,0.0
RP1-286D6.5,0.0
RP1-287H17.1,0.0
RP1-288H2.2,0.0
RP1-288H2.4,0.0
RP1-288L1.4,0.0
RP1-288L1.5,0.0
RP1-288M22.1,0.0
RP1-288M22.2,0.0
RP1-28C20.1,0.0
RP1-28H20.3,0.0
RP1-28O10.1,0.0
RP1-28O17.1,0.0
RP1-290F12.3,0.0
RP1-290F12.3,0.0
RP1-290I10.2,0.0
RP1-290I10.3,0.0
RP1-290I10.5,0.0
RP1-290I10.7,0.0
RP1-292B18.1,0.0
RP1-292B18.3,0.0
RP1-292B18.4,0.0
RP1-292L20.2,0.0
RP1-293L6.1,0.0
RP1-293L8.2,0.0
RP1-296G17.3,0.0
RP1-296L11.1,0.0
RP1-297M16.2,0.0
RP1-298M8.1,0.0
RP1-29C18.10,0.0
RP1-29C18.8,0.0
RP1-29C18.9,0.0
RP1-29G21.1,0.0
RP1-300G12.2,0.0
RP1-300I2.2,0.0
RP1-300I2.3,0.0
RP1-302D9.1,0.0
RP1-302D9.2,0.0
RP1-302D9.3,0.0
RP1-302D9.5,0.0
RP1-302G2.5,0.0
RP1-303A1.1,0.0
RP1-305B16.3,0.0
RP1-305G21.1,0.0
RP1-308E4.1,0.0
RP1-309F20.3,0.0
RP1-309F20.4,0.0
RP1-309H15.2,0.0
RP1-309K20.6,0.0
RP1-30E17.2,0.0
RP1-30G7.2,0.0
RP1-30M3.5,0.0
RP1-30M3.6,0.0
RP1-310O13.7,0.0
RP1-313I6.12,0.0
RP1-313L4.3,0.0
RP1-313L4.4,0.0
RP1-315G1.1,0.0
RP1-315G1.3,0.0
RP1-317E23.3,0.0
RP1-317E23.6,0.0
RP1-317E23.7,0.0
RP1-319M7.2,0.0
RP1-31B8.1,0.0
RP1-321E8.4,0.0
RP1-32B1.4,0.0
RP1-32I10.10,0.0
RP1-32I10.11,0.0
RP1-34B20.4,0.0
RP1-34H18.1,0.0
RP1-34L19.1,0.0
RP1-34M23.5,0.0
RP1-35C21.1,0.0
RP1-35C21.2,0.0
RP1-37C10.3,0.0
RP1-37J18.1,0.0
RP1-37J18.2,0.0
RP1-37M3.8,0.0
RP1-37N7.1,0.0
RP1-37N7.2,0.0
RP1-37N7.3,0.0
RP1-37N7.5,0.0
RP1-37N7.6,0.0
RP1-38C16.2,0.0
RP1-39G22.4,0.0
RP1-39G22.7,0.0
RP1-39J2.1,0.0
RP1-3E10.2,0.0
RP1-3J17.3,0.0
RP1-40E16.11,0.0
RP1-40E16.12,0.0
RP1-40E16.2,0.0
RP1-40E16.9,0.0
RP1-40G4P.1,0.0
RP1-41C23.1,0.0
RP1-41P2.7,0.0
RP1-43E13.2,0.0
RP1-43O17.1,0.0
RP1-43O17.2,0.0
RP1-45C12.1,0.0
RP1-45I4.2,0.0
RP1-45I4.3,0.0
RP1-45N11.1,0.0
RP1-46F2.2,0.0
RP1-46F2.3,0.0
RP1-48J14.1,0.0
RP1-49C23.1,0.0
RP1-4G17.2,0.0
RP1-4G17.5,0.0
RP1-50A13.1,0.0
RP1-50J22.4,0.0
RP1-50O24.6,0.0
RP1-52D1.1,0.0
RP1-52J10.9,0.0
RP1-53C18.3,0.0
RP1-55C23.7,0.0
RP1-55C23.8,0.0
RP1-56J10.8,0.0
RP1-56K13.2,0.0
RP1-56K13.3,0.0
RP1-56K13.5,0.0
RP1-56K13.6,0.0
RP1-57E3.1,0.0
RP1-58B11.1,0.0
RP1-59B16.1,0.0
RP1-59D14.1,0.0
RP1-59D14.5,0.0
RP1-59M18.2,0.0
RP1-5O6.4,0.0
RP1-5O6.5,0.0
RP1-60G11.1,0.0
RP1-60N8.1,0.0
RP1-60O19.1,0.0
RP1-60O19.1,0.0
RP1-60O19.2,0.0
RP1-60O19.2,0.0
RP1-62O9.3,2.052503577203945
RP1-63G5.5,0.0
RP1-63G5.7,0.0
RP1-63G5.8,0.0
RP1-63M2.5,0.0
RP1-63M2.6,0.0
RP1-63P18.2,0.0
RP1-64K7.4,0.0
RP1-65J11.1,0.0
RP1-65J11.5,0.0
RP1-65P5.1,0.0
RP1-65P5.3,0.0
RP1-65P5.5,0.0
RP1-66C13.1,0.0
RP1-66C13.2,0.0
RP1-66C13.3,0.0
RP1-66C13.4,0.0
RP1-66N13.1,0.0
RP1-67A8.3,0.0
RP1-67K17.3,0.0
RP1-67K17.4,0.0
RP1-68D18.2,0.0
RP1-68D18.3,0.253644744093139
RP1-68D18.4,0.0
RP1-69B13.2,0.0
RP1-69D17.3,0.0
RP1-69D17.4,0.0
RP1-69E11.3,0.0
RP1-69M21.2,0.0
RP1-6P5.2,0.0
RP1-71H19.2,0.0
RP1-71H24.1,0.0
RP1-71H24.4,0.0
RP1-71L16.9,0.0
RP1-72A23.1,0.0
RP1-72A23.3,0.0
RP1-72E17.2,0.0
RP1-73A14.1,0.0
RP1-73A14.1,0.0
RP1-73A14.2,0.0
RP1-73A14.2,0.0
RP1-74B13.2,0.0
RP1-74M1.3,0.0
RP1-76B20.11,0.0
RP1-76B20.12,0.0
RP1-76C18.1,0.0
RP1-77H15.1,0.0
RP1-78O14.1,0.0
RP1-79C4.1,0.0
RP1-79C4.4,0.0
RP1-7G5.5,0.0
RP1-7G5.6,0.0
RP1-80N2.2,0.0
RP1-80N2.3,0.0
RP1-81D8.3,0.0
RP1-81D8.4,0.0
RP1-81F6.1,0.0
RP1-81P11.1,0.0
RP1-83M4.2,0.0
RP1-84O15.1,0.0
RP1-84O15.2,0.0
RP1-85D24.1,0.0
RP1-85D24.2,0.0
RP1-85D24.3,0.0
RP1-85F18.5,0.0
RP1-85F18.6,0.0
RP1-86C11.7,0.0
RP1-86D1.2,0.0
RP1-86D1.3,0.0
RP1-86D1.4,0.0
RP1-86D1.5,0.0
RP1-89D4.1,0.0
RP1-8B1.4,0.0
RP1-8B22.1,0.0
RP1-8B22.2,0.0
RP1-90G24.10,0.0
RP1-90G24.11,0.0
RP1-90G24.6,0.0
RP1-90G24.8,0.0
RP1-90J20.10,0.0
RP1-90J20.11,0.7603920768618123
RP1-90J20.12,0.0
RP1-90J20.2,0.0
RP1-90J20.8,0.0
RP1-90J4.1,0.0
RP1-90J4.2,0.0
RP1-90J4.3,0.0
RP1-90K10.4,0.0
RP1-90L14.1,0.0
RP1-90L6.2,0.0
RP1-90L6.3,0.0
RP1-91G5.3,0.0
RP1-91J24.1,0.0
RP1-91J24.3,0.0
RP1-91N13.1,0.0
RP1-92C4.1,0.0
RP1-92C4.2,0.0
RP1-92C8.2,0.0
RP1-92C8.3,0.0
RP1-92O14.3,0.0
RP1-92O14.6,0.0
RP1-93H18.1,0.0
RP1-93H18.6,0.0
RP1-93H18.7,0.0
RP1-93I3.1,0.0
RP1-93I3.1,0.0
RP1-93L7.3,0.0
RP1-95L4.2,0.0
RP1-95L4.3,0.0
RP1-95L4.4,0.0
RP1-96H9.5,0.0
RP1-97D16.1,0.0
RP1-97G4.1,0.0
RP1-97J1.2,0.0
RP1-99E18.2,0.0
RP11-1000B6.2,0.0
RP11-1000B6.3,1.0535570409588524
RP11-1000B6.5,0.0
RP11-1002K11.1,0.0
RP11-1003J3.1,0.0
RP11-1006G14.1,0.0
RP11-1006G14.2,0.0
RP11-1006G14.3,0.0
RP11-1006G14.4,0.0
RP11-1007G5.2,0.0
RP11-1007I13.2,0.0
RP11-1007I13.4,0.0
RP11-1007J8.1,0.0
RP11-1007O24.2,0.0
RP11-1007O24.3,0.0
RP11-1007O24.4,0.0
RP11-1008C21.1,0.0
RP11-1008C21.2,0.0
RP11-1008M1.1,0.0
RP11-100E13.1,0.0
RP11-100E13.3,0.0
RP11-100F15.1,0.0
RP11-100F15.2,0.0
RP11-100G15.10,0.0
RP11-100G15.2,0.0
RP11-100G15.3,0.0
RP11-100G15.4,0.0
RP11-100G15.5,0.0
RP11-100G15.7,0.0
RP11-100J16.4,0.0
RP11-100J16.5,0.0
RP11-100K18.1,0.0
RP11-100L22.1,0.0
RP11-100L22.2,0.0
RP11-100L22.3,0.0
RP11-100L22.4,0.0
RP11-100M12.1,0.0
RP11-100M12.2,0.0
RP11-100M12.3,0.0
RP11-100N20.1,0.0
RP11-100N21.1,0.0
RP11-100N3.2,0.0
RP11-100N3.2,0.0
RP11-1012A1.10,0.0
RP11-1012A1.4,0.0
RP11-1012A1.7,0.0
RP11-1012E15.1,0.0
RP11-1016B18.1,0.0
RP11-1017G21.3,0.0
RP11-1017G21.4,0.0
RP11-1017G21.5,0.0
RP11-1017G21.6,0.0
RP11-1018J11.1,0.0
RP11-1018N14.1,0.0
RP11-1018N14.2,0.0
RP11-1018N14.3,0.0
RP11-1018N14.4,0.0
RP11-1018N14.5,0.0
RP11-101B14.1,0.0
RP11-101B14.4,0.0
RP11-101C11.1,0.0
RP11-101E13.5,0.0
RP11-101E14.2,0.0
RP11-101E14.3,0.0
RP11-101E19.4,0.0
RP11-101E19.7,0.0
RP11-101E19.8,0.0
RP11-101E3.5,0.0
RP11-101E5.1,0.0
RP11-101E5.2,0.0
RP11-101E7.2,0.6960356275201428
RP11-101K23.1,0.0
RP11-101O21.1,0.0
RP11-101O6.2,0.0
RP11-101P17.11,0.0
RP11-101P17.14,0.0
RP11-1020A11.1,0.0
RP11-1020A11.2,0.0
RP11-1020M18.10,0.0
RP11-1021N1.1,0.0
RP11-1022B3.1,0.0
RP11-1023L17.1,0.253644744093139
RP11-1023L17.2,0.0
RP11-1023P17.2,0.0
RP11-1024P17.1,0.0
RP11-1026M7.2,0.0
RP11-1026M7.3,0.0
RP11-1028N23.2,0.0
RP11-1028N23.3,0.0
RP11-1028N23.4,0.0
RP11-1029F8.1,0.0
RP11-1029J19.2,0.0
RP11-1029J19.4,0.0
RP11-1029J19.5,0.0
RP11-1029M24.1,0.0
RP11-1029M24.4,0.0
RP11-102C16.3,0.0
RP11-102D18.1,0.0
RP11-102F4.2,0.0
RP11-102J14.1,0.0
RP11-102L12.2,0.0
RP11-102M11.1,0.253644744093139
RP11-102M11.2,0.0
RP11-102N11.1,0.0
RP11-102N12.2,0.0
RP11-102N12.3,0.0
RP11-1030E3.1,0.0
RP11-1030E3.1,0.0
RP11-1033A18.1,0.7603920768618123
RP11-1033H12.1,0.0
RP11-1033H12.3,0.0
RP11-1035H13.2,0.0
RP11-1035H13.3,0.0
RP11-1036E20.10,0.0
RP11-1036E20.7,0.0
RP11-1036E20.9,0.0
RP11-1036F1.1,0.0
RP11-1037D22.1,0.0
RP11-1038A11.1,0.0
RP11-1038A11.2,0.0
RP11-1038A11.3,0.0
RP11-103B5.2,2.1305330951471686
RP11-103C16.2,0.0
RP11-103C3.1,0.0
RP11-103C3.2,0.0
RP11-103G8.1,0.0
RP11-103G8.2,0.0
RP11-103H7.1,0.0
RP11-103H7.2,0.0
RP11-103H7.3,0.0
RP11-103H7.5,0.0
RP11-103J17.1,0.0
RP11-103J17.2,0.0
RP11-103J8.1,0.0
RP11-103J8.2,0.0
RP11-1041F24.1,0.0
RP11-1042B17.1,0.0
RP11-1042B17.2,0.0
RP11-1042B17.3,0.0
RP11-1042B17.4,0.0
RP11-1042B17.5,0.0
RP11-1046B16.1,0.0
RP11-1049A21.2,0.0
RP11-1049H7.1,0.0
RP11-1049H7.2,0.0
RP11-1049H7.2,0.0
RP11-104C4.2,0.0
RP11-104C4.4,0.0
RP11-104D21.1,0.0
RP11-104D21.1,0.0
RP11-104D21.2,0.0
RP11-104D21.2,0.0
RP11-104D21.3,0.0
RP11-104D21.3,0.0
RP11-104D3.1,0.0
RP11-104D3.2,0.0
RP11-104E19.1,0.0
RP11-104G3.2,1.0829908296976
RP11-104G3.5,0.0
RP11-104H15.10,0.0
RP11-104H15.7,0.0
RP11-104H15.8,0.0
RP11-104H15.9,0.0
RP11-104J23.1,0.0
RP11-104J23.2,0.0
RP11-104L21.2,0.0
RP11-104L21.3,0.0
RP11-104N10.1,0.0
RP11-104O19.2,0.0
RP11-1053O12.1,0.0
RP11-1055B8.2,0.0
RP11-1055B8.2,0.0
RP11-1055B8.3,0.0
RP11-1055B8.3,0.0
RP11-1055B8.4,0.0
RP11-1055B8.4,0.0
RP11-1055B8.6,0.0
RP11-1055B8.7,0.0
RP11-1055B8.8,0.0
RP11-1055B8.8,0.0
RP11-1057B6.1,0.0
RP11-1057B8.1,0.0
RP11-1057B8.2,0.0
RP11-1057N3.2,0.0
RP11-1058G23.1,0.0
RP11-1058N17.1,0.0
RP11-1059L18.1,0.0
RP11-105C19.1,0.0
RP11-105C19.2,0.0
RP11-105C20.2,0.0
RP11-105C20.3,0.0
RP11-105N13.4,0.0
RP11-105N14.1,0.0
RP11-105N14.2,0.0
RP11-105N14.3,0.0
RP11-1060G2.1,0.0
RP11-1060G2.2,0.0
RP11-1060J15.3,0.0
RP11-1060J15.4,0.0
RP11-1060J15.5,0.0
RP11-1060J15.7,0.0
RP11-1069G10.1,0.0
RP11-1069G10.2,0.0
RP11-106A1.2,0.0
RP11-106A1.3,0.0
RP11-106E15.1,0.0
RP11-106E7.1,0.0
RP11-106J23.1,0.0
RP11-106M3.1,0.0
RP11-106M3.2,0.0
RP11-106M3.3,0.0
RP11-106M7.1,0.0
RP11-106M7.4,0.0
RP11-1070A24.1,0.0
RP11-1070A24.2,0.0
RP11-1070N10.3,0.0
RP11-1070N10.4,0.0
RP11-1070N10.5,0.0
RP11-1070N10.6,0.0
RP11-1070N10.7,0.0
RP11-1072C15.1,0.0
RP11-1072C15.2,0.0
RP11-1072C15.3,0.0
RP11-1072C15.4,0.0
RP11-1072C15.7,0.0
RP11-1072N2.2,0.0
RP11-1072N2.3,0.0
RP11-1072N2.4,0.0
RP11-1074O12.1,0.0
RP11-1078H9.1,0.0
RP11-1078H9.2,0.0
RP11-1078H9.5,0.0
RP11-1078H9.6,0.0
RP11-1079H9.1,0.0
RP11-1079J22.1,0.0
RP11-1079K10.1,0.0
RP11-1079K10.2,0.0
RP11-1079K10.3,0.0
RP11-1079K10.4,0.0
RP11-1079K10.5,0.0
RP11-107C10.1,0.0
RP11-107C16.2,0.0
RP11-107D24.2,0.0
RP11-107E21.1,0.0
RP11-107F6.3,0.0
RP11-107F6.4,0.0
RP11-107G24.3,0.0
RP11-107I14.2,0.0
RP11-107I14.4,0.0
RP11-107I14.5,0.0
RP11-107K17.1,0.0
RP11-107K17.2,0.0
RP11-107M16.2,0.0
RP11-107N15.1,0.0
RP11-107N7.1,0.0
RP11-107P7.1,0.0
RP11-107P7.2,0.0
RP11-107P7.4,0.0
RP11-107P7.5,0.0
RP11-107P7.6,0.0
RP11-1080G15.1,0.0
RP11-1080G15.2,0.0
RP11-1081K18.1,0.0
RP11-1081L13.3,0.0
RP11-1081L13.4,0.0
RP11-1081M5.1,0.0
RP11-1081M5.2,0.0
RP11-1082A3.1,0.0
RP11-1082L8.1,0.0
RP11-1082L8.2,0.0
RP11-1082L8.3,0.0
RP11-1082L8.4,0.0
RP11-1084A12.1,0.0
RP11-1084A12.2,0.0
RP11-1084E5.1,0.0
RP11-1084I9.1,0.0
RP11-1084I9.2,0.0
RP11-1084J3.1,0.0
RP11-1084J3.3,0.0
RP11-1084J3.4,0.0
RP11-1085N6.1,0.0
RP11-1085N6.2,0.0
RP11-1085N6.3,0.0
RP11-1085N6.4,0.0
RP11-1085N6.5,0.0
RP11-1085N6.6,0.0
RP11-108B14.1,0.0
RP11-108B14.4,0.0
RP11-108B14.5,0.0
RP11-108E14.1,0.0
RP11-108F13.2,0.0
RP11-108K14.4,0.0
RP11-108K14.8,0.0
RP11-108K3.1,0.0
RP11-108K3.2,0.0
RP11-108K3.3,0.0
RP11-108K3.4,0.0
RP11-108K3.5,0.0
RP11-108L7.14,0.0
RP11-108L7.15,0.0
RP11-108L7.4,0.0
RP11-108M11.3,0.0
RP11-108M12.2,0.0
RP11-108M12.3,0.0
RP11-108M9.1,0.0
RP11-108M9.2,0.0
RP11-108M9.4,0.0
RP11-108M9.5,0.0
RP11-108M9.6,0.0
RP11-108N13.1,0.0
RP11-108O10.2,0.0
RP11-108O10.2,0.0
RP11-108P20.1,0.0
RP11-108P20.2,0.0
RP11-108P20.3,0.0
RP11-108P20.4,0.0
RP11-1090M7.1,0.0
RP11-1094H24.3,0.0
RP11-1094H24.4,0.0
RP11-1094M14.1,0.0
RP11-1094M14.10,0.0
RP11-1094M14.11,0.0
RP11-1094M14.12,0.0
RP11-1094M14.14,0.0
RP11-1094M14.4,0.0
RP11-1094M14.5,0.0
RP11-1094M14.7,0.0
RP11-1094M14.8,0.0
RP11-1094M14.9,0.0
RP11-1096D5.1,0.0
RP11-1096D5.2,0.0
RP11-1096G20.5,0.0
RP11-1099M24.7,0.0
RP11-1099M24.8,0.0
RP11-109A6.2,0.0
RP11-109A6.3,0.0
RP11-109D20.1,0.0
RP11-109D20.2,0.0
RP11-109D24.1,0.0
RP11-109D9.4,0.0
RP11-109E10.1,0.0
RP11-109E10.2,0.0
RP11-109E12.1,0.0
RP11-109E24.1,0.0
RP11-109E24.2,0.0
RP11-109G10.2,0.0
RP11-109G10.2,0.0
RP11-109G23.1,0.0
RP11-109G23.3,0.0
RP11-109I13.2,0.0
RP11-109J4.1,0.0
RP11-109L13.1,0.0
RP11-109L13.5,0.0
RP11-109M17.1,0.0
RP11-109M17.2,0.0
RP11-109M19.1,0.0
RP11-109M19.2,0.0
RP11-109M19.3,0.0
RP11-109M19.4,0.0
RP11-109M19.5,0.0
RP11-109N23.1,0.0
RP11-109N23.4,0.0
RP11-109N23.5,2.079144757918472
RP11-109N23.6,0.0
RP11-109P11.1,0.0
RP11-109P14.10,0.0
RP11-109P14.2,0.0
RP11-109P14.8,0.0
RP11-109P14.9,0.0
RP11-109P6.2,0.0
RP11-10A14.3,0.0
RP11-10A14.4,0.0
RP11-10A14.5,0.0
RP11-10A14.6,0.0
RP11-10A14.7,0.0
RP11-10A14.8,0.0
RP11-10A2.1,0.0
RP11-10A7.1,0.0
RP11-10B2.1,0.0
RP11-10C24.1,0.0
RP11-10C24.2,0.0
RP11-10C24.3,0.0
RP11-10C8.2,0.0
RP11-10D7.2,0.0
RP11-10D7.5,0.0
RP11-10E6.1,0.0
RP11-10F11.2,0.0
RP11-10G12.1,0.0
RP11-10G12.2,0.0
RP11-10G15.4,0.0
RP11-10H3.1,0.0
RP11-10I6.2,0.0
RP11-10J18.3,0.0
RP11-10J21.3,0.0
RP11-10J21.4,0.0
RP11-10J21.5,0.0
RP11-10J21.6,0.0
RP11-10J5.1,0.0
RP11-10K16.1,0.0
RP11-10K17.3,0.0
RP11-10K17.6,0.0
RP11-10L12.1,0.0
RP11-10L12.2,0.0
RP11-10L12.4,0.0
RP11-10L7.1,0.0
RP11-10N16.2,0.0
RP11-10N16.3,0.0
RP11-10N23.2,0.0
RP11-10N23.4,0.0
RP11-10N23.5,0.0
RP11-10O17.1,0.0
RP11-10O17.3,0.0
RP11-10O22.1,0.0
RP11-1100L3.4,1.0535570409588524
RP11-1100L3.7,0.0
RP11-1100L3.8,0.253644744093139
RP11-1101H11.1,0.0
RP11-1101K5.1,0.0
RP11-1101K5.2,0.0
RP11-1102P16.1,0.0
RP11-1103G16.1,0.0
RP11-1105G2.3,0.0
RP11-1105G2.4,0.0
RP11-1105O14.1,0.0
RP11-1109F11.3,0.0
RP11-1109F11.5,0.0
RP11-1109M24.11,0.0
RP11-1109M24.12,0.0
RP11-1109M24.13,0.0
RP11-1109M24.14,0.0
RP11-1109M24.15,0.0
RP11-1109M24.16,0.0
RP11-1109M24.5,0.0
RP11-1109M24.7,0.0
RP11-1109M24.8,0.0
RP11-1109M24.9,0.0
RP11-110A12.2,0.0
RP11-110F24.1,0.0
RP11-110G21.1,0.0
RP11-110G21.2,1.2469559880685197
RP11-110H1.1,0.0
RP11-110H1.4,0.0
RP11-110H1.8,0.0
RP11-110H1.9,0.0
RP11-110I1.11,0.0
RP11-110I1.11,0.0
RP11-110I1.12,0.0
RP11-110I1.12,0.0
RP11-110I1.13,0.0
RP11-110I1.13,0.0
RP11-110I1.14,0.0
RP11-110I1.14,0.0
RP11-110I1.14,0.0
RP11-110I1.5,0.0
RP11-110I1.5,0.0
RP11-110I1.6,0.0
RP11-110J1.2,0.0
RP11-110L15.1,0.0
RP11-110L15.2,0.0
RP11-1110J8.1,0.0
RP11-1112C15.1,0.0
RP11-1112C15.2,0.0
RP11-1112G13.3,0.0
RP11-1112J20.1,0.0
RP11-1112J20.2,0.0
RP11-1113C11.2,0.0
RP11-1113L8.1,0.0
RP11-1113L8.2,0.0
RP11-1113L8.6,0.0
RP11-1113L8.7,0.0
RP11-1113N2.4,0.0
RP11-1113N2.4,0.0
RP11-1114A5.4,0.0
RP11-1114A5.5,0.0
RP11-1114A5.6,0.0
RP11-1114I9.1,0.0
RP11-1118M6.1,0.0
RP11-1118M6.2,0.0
RP11-111A21.1,0.0
RP11-111A22.1,0.0
RP11-111A24.1,0.0
RP11-111A24.2,0.0
RP11-111D3.1,0.0
RP11-111D3.2,0.0
RP11-111E14.1,0.0
RP11-111E2.1,0.0
RP11-111F16.2,0.253644744093139
RP11-111F5.1,0.0
RP11-111F5.2,0.0
RP11-111F5.3,0.0
RP11-111F5.4,0.0
RP11-111F5.5,0.0
RP11-111F5.6,0.0
RP11-111F5.8,0.0
RP11-111G23.1,0.253644744093139
RP11-111H3.3,0.0
RP11-111I12.1,0.0
RP11-111J6.2,0.0
RP11-111K18.2,0.0
RP11-111M22.2,0.0
RP11-111M22.3,1.693632285926403
RP11-111M22.4,0.0
RP11-111M22.5,0.0
RP11-111N20.4,0.0
RP11-1124B17.1,0.0
RP11-1127D7.1,0.0
RP11-1129I3.1,0.0
RP11-112H10.4,0.0
RP11-112H10.6,0.0
RP11-112J1.1,0.253644744093139
RP11-112J1.2,0.0
RP11-112J1.3,0.0
RP11-112J3.15,0.0
RP11-112J3.16,0.0
RP11-112L18.1,0.0
RP11-112L6.2,0.0
RP11-112L6.3,0.0
RP11-112L6.4,0.0
RP11-112L7.1,0.0
RP11-112N13.1,0.0
RP11-112N19.1,0.0
RP11-112N19.2,0.0
RP11-112N23.1,0.0
RP11-1134I14.2,0.0
RP11-1134I14.4,0.0
RP11-1134I14.6,0.0
RP11-1134I14.8,0.0
RP11-1136G11.6,0.0
RP11-1136G11.8,0.0
RP11-1136G4.1,0.0
RP11-1136J12.1,0.0
RP11-1137G4.3,0.0
RP11-1137G4.4,0.0
RP11-113A11.1,0.0
RP11-113C12.2,0.0
RP11-113C12.4,2.049439987961752
RP11-113C12.8,0.0
RP11-113D6.10,0.0
RP11-113D6.3,0.0
RP11-113D6.6,0.0
RP11-113D6.9,0.0
RP11-113E21.1,0.0
RP11-113I22.1,0.0
RP11-113I24.1,0.0
RP11-113K21.1,0.0
RP11-113K21.2,0.0
RP11-113K21.3,0.0
RP11-113K21.4,0.0
RP11-113O24.3,0.0
RP11-1140I5.1,0.0
RP11-1141N12.1,0.0
RP11-1143G9.2,2.368151039973088
RP11-1143G9.4,0.0
RP11-1144P22.1,0.0
RP11-1145L24.1,0.0
RP11-1148L6.5,0.0
RP11-1148L6.5,0.0
RP11-1148O4.1,0.0
RP11-1148O4.2,0.0
RP11-1149M10.1,0.0
RP11-1149M10.2,0.0
RP11-1149M3.2,0.0
RP11-1149O23.1,0.0
RP11-1149O23.2,0.0
RP11-1149O23.3,0.0
RP11-1149O23.4,0.0
RP11-114B7.6,0.0
RP11-114F10.2,0.0
RP11-114F10.3,0.0
RP11-114F3.2,0.0
RP11-114F3.5,0.0
RP11-114G11.2,0.0
RP11-114G11.2,0.0
RP11-114G11.3,0.0
RP11-114G22.1,0.0
RP11-114H20.1,0.0
RP11-114H20.1,0.0
RP11-114H21.2,0.0
RP11-114H23.1,0.0
RP11-114H23.2,0.0
RP11-114H23.3,0.0
RP11-114H24.2,0.0
RP11-114H24.3,0.0
RP11-114H24.4,0.0
RP11-114H24.5,0.0
RP11-114H24.6,0.0
RP11-114H24.7,0.0
RP11-114H7.1,0.0
RP11-114H7.2,0.0
RP11-114H7.3,0.0
RP11-114I8.4,0.0
RP11-114J13.1,0.0
RP11-114L10.2,0.0
RP11-114L10.2,0.0
RP11-114M1.1,0.0
RP11-114M1.2,0.0
RP11-114M5.1,0.0
RP11-114M5.3,0.0
RP11-114N19.2,0.0
RP11-114N19.3,0.0
RP11-114N19.5,0.0
RP11-114O13.1,0.0
RP11-114O18.1,0.0
RP11-114O18.1,0.0
RP11-114O8.1,0.0
RP11-1151B14.2,0.0
RP11-1151B14.3,0.0
RP11-1151B14.4,0.0
RP11-1151M9.1,0.0
RP11-1151M9.3,0.0
RP11-1152B5.1,0.0
RP11-1152H14.1,0.0
RP11-1152H15.1,0.0
RP11-1157N2__B.2,0.0
RP11-115A14.1,0.0
RP11-115A15.1,0.0
RP11-115A15.2,0.0
RP11-115A15.4,0.0
RP11-115C10.1,0.0
RP11-115C21.2,0.0
RP11-115C21.4,0.0
RP11-115D19.1,0.0
RP11-115D7.3,0.0
RP11-115E19.1,0.0
RP11-115F18.1,0.0
RP11-115H15.1,0.0
RP11-115H15.2,0.0
RP11-115H18.1,0.0
RP11-115I9.1,0.0
RP11-115J16.1,0.0
RP11-115J16.2,0.0
RP11-115J16.3,0.0
RP11-115J23.1,0.0
RP11-115K3.1,0.0
RP11-115K3.2,0.0
RP11-115L11.1,0.0
RP11-115M14.1,0.0
RP11-115N12.1,0.0
RP11-115N4.1,0.0
RP11-115P21.1,0.0
RP11-1166P10.1,0.0
RP11-1166P10.6,0.0
RP11-1166P10.7,0.0
RP11-1167A19.2,0.0
RP11-1167A19.6,0.0
RP11-116A1.1,0.0
RP11-116B13.1,0.0
RP11-116B19.2,0.0
RP11-116D17.1,0.0
RP11-116D17.2,0.0
RP11-116D17.3,0.0
RP11-116D2.1,0.0
RP11-116G8.5,0.0
RP11-116K4.1,0.0
RP11-116N8.1,0.0
RP11-116N8.2,0.0
RP11-116N8.4,0.0
RP11-116O11.1,0.0
RP11-116O11.2,0.0
RP11-116O18.1,0.0
RP11-116O18.3,1.5454363124656982
RP11-1174L13.2,0.0
RP11-1174L13.2,0.0
RP11-117D22.1,0.0
RP11-117D22.2,0.0
RP11-117L5.4,0.0
RP11-117L6.1,0.0
RP11-117N2.2,0.0
RP11-117O7.2,0.0
RP11-1180F24.1,0.0
RP11-1186N24.5,0.0
RP11-118A3.1,0.0
RP11-118B13.1,0.0
RP11-118B18.1,0.0
RP11-118B18.2,0.0
RP11-118B22.1,0.0
RP11-118B22.4,0.0
RP11-118D22.3,0.0
RP11-118E18.2,0.0
RP11-118E18.4,0.0
RP11-118F19.1,0.0
RP11-118F2.2,0.0
RP11-118F2.3,0.0
RP11-118G23.1,0.0
RP11-118G23.2,0.0
RP11-118H15.1,0.0
RP11-118H17.1,0.0
RP11-118H4.1,0.0
RP11-118H4.3,0.0
RP11-118K6.2,0.0
RP11-118K6.3,0.0
RP11-118M9.3,0.0
RP11-118N24.2,0.0
RP11-1191J2.2,0.0
RP11-1191J2.4,0.0
RP11-1191J2.5,0.0
RP11-1195F20.7,0.0
RP11-1197K16.2,0.0
RP11-1198D22.1,0.0
RP11-1198D22.2,0.0
RP11-1198D22.3,0.0
RP11-119B16.2,0.253644744093139
RP11-119D18.1,0.0
RP11-119D9.1,0.253644744093139
RP11-119D9.4,0.0
RP11-119F19.2,0.0
RP11-119F7.3,0.0
RP11-119F7.5,0.0
RP11-119F7.6,0.0
RP11-119H12.1,0.0
RP11-119H12.3,0.0
RP11-119H12.4,0.0
RP11-119H12.5,0.0
RP11-119H12.6,0.0
RP11-119J18.1,0.0
RP11-119K6.6,0.0
RP11-119N19.1,0.0
RP11-11C20.1,0.0
RP11-11C20.3,0.0
RP11-11D8.3,0.0
RP11-11K13.1,0.0
RP11-11L12.2,0.0
RP11-11M20.2,0.0
RP11-11N5.1,0.0
RP11-11N5.3,0.0
RP11-11N6.1,0.0
RP11-11N7.4,0.0
RP11-11N9.4,0.0
RP11-120A1.1,0.0
RP11-120B7.1,0.0
RP11-120C12.3,0.0
RP11-120D5.1,0.0
RP11-120E13.1,0.0
RP11-120E5.2,0.0
RP11-120I21.2,0.0
RP11-120I21.3,0.0
RP11-120J1.1,2.19003355152204
RP11-120J4.1,0.0
RP11-120K18.2,0.0
RP11-120K18.3,0.0
RP11-120K24.3,0.0
RP11-120K24.4,0.0
RP11-120K24.5,0.0
RP11-120K9.2,0.0
RP11-120M18.2,0.0
RP11-120M18.5,0.0
RP11-1212A22.1,0.0
RP11-1212A22.4,0.0
RP11-1217F2.1,0.0
RP11-1217F2.10,0.0
RP11-1217F2.13,0.0
RP11-1217F2.15,0.0
RP11-1217F2.3,0.0
RP11-1217F2.7,0.0
RP11-1217F2.9,0.0
RP11-121A14.2,0.0
RP11-121A14.3,0.0
RP11-121A8.1,0.0
RP11-121C1.1,0.0
RP11-121C2.2,0.0
RP11-121E16.1,0.0
RP11-121G22.3,0.0
RP11-121J20.1,0.0
RP11-121L10.3,0.0
RP11-121L11.2,0.0
RP11-121L11.3,0.0
RP11-121M22.1,0.0
RP11-121P10.1,0.0
RP11-1220K2.2,0.0
RP11-1220K2.2,0.0
RP11-1223D19.1,0.0
RP11-122A21.2,0.0
RP11-122A3.2,0.866058549240148
RP11-122C21.1,0.0
RP11-122C21.4,0.0
RP11-122C5.1,0.0
RP11-122C5.2,0.0
RP11-122C5.3,0.0
RP11-122C9.1,0.5288907918624668
RP11-122D10.1,0.0
RP11-122F24.1,0.0
RP11-122G11.1,0.0
RP11-122G18.5,0.0
RP11-122G18.7,0.0
RP11-122G18.8,0.0
RP11-122K13.12,0.0
RP11-122K13.14,0.0
RP11-122K13.7,0.0
RP11-122L4.1,0.0
RP11-122M14.1,0.0
RP11-122M14.3,0.0
RP11-1236K1.11,0.0
RP11-1236K1.8,0.0
RP11-123B3.2,0.0
RP11-123C21.1,0.0
RP11-123C21.2,1.9378825323901545
RP11-123C5.5,0.0
RP11-123G9.1,0.0
RP11-123H22.1,0.0
RP11-123I22.1,0.0
RP11-123I22.1,0.0
RP11-123J14.1,0.0
RP11-123J14.2,0.0
RP11-123J14.4,0.0
RP11-123K19.1,0.0
RP11-123K19.2,0.0
RP11-123K3.4,0.0
RP11-123M21.1,0.0
RP11-123M21.2,0.0
RP11-123M6.2,0.0
RP11-123N4.4,0.0
RP11-123O1.1,0.0
RP11-123O10.3,0.0
RP11-123O10.4,0.0
RP11-123O22.1,0.0
RP11-1246C19.1,0.0
RP11-124A7.1,0.0
RP11-124B13.1,0.0
RP11-124D2.1,0.0
RP11-124D2.3,0.0
RP11-124D2.7,0.0
RP11-124D9.1,0.0
RP11-124G5.1,0.0
RP11-124G5.2,0.0
RP11-124G5.3,0.0
RP11-124I4.2,0.0
RP11-124K4.1,0.0
RP11-124L9.1,0.0
RP11-124L9.2,0.253644744093139
RP11-124L9.3,0.0
RP11-124L9.4,0.0
RP11-124L9.5,0.0
RP11-124L9.6,0.0
RP11-124N14.3,0.0
RP11-124N19.3,0.0
RP11-124N2.1,0.0
RP11-124N3.2,0.0
RP11-124N3.3,0.0
RP11-124O11.1,0.0
RP11-124O11.2,0.0
RP11-1250I15.3,0.0
RP11-1252D15.1,0.0
RP11-1252I4.2,0.0
RP11-1258F18.1,0.0
RP11-1259L22.1,0.0
RP11-1259L22.2,0.0
RP11-125B21.2,0.0
RP11-125D12.1,0.0
RP11-125D12.2,0.0
RP11-125H8.1,0.0
RP11-125K10.5,0.0
RP11-125M16.1,0.0
RP11-125N22.1,0.0
RP11-125N22.2,0.0
RP11-125N22.3,0.0
RP11-125N22.4,0.0
RP11-125O18.1,0.0
RP11-125O5.2,0.0
RP11-125P18.1,0.0
RP11-1260E13.1,0.0
RP11-1260E13.1,0.0
RP11-1260E13.1,0.0
RP11-1260E13.2,0.0
RP11-1260E13.2,0.0
RP11-1260E13.2,0.0
RP11-1260E13.3,0.0
RP11-1260E13.3,0.0
RP11-1260E13.3,0.0
RP11-1260E13.4,0.0
RP11-1260E13.4,0.0
RP11-1260E13.4,0.0
RP11-1263C18.1,0.0
RP11-1264N5.1,0.0
RP11-1267H10.1,0.0
RP11-1267H10.2,0.0
RP11-1267H10.3,0.0
RP11-1267H10.4,0.0
RP11-126D17.1,0.0
RP11-126F18.2,0.0
RP11-126K1.2,0.0
RP11-126K1.6,0.0
RP11-126K1.8,0.0
RP11-126K1.9,0.0
RP11-126K15.1,0.0
RP11-126L15.4,0.0
RP11-126M14.1,0.0
RP11-126O1.2,0.0
RP11-126O1.4,0.0
RP11-126O1.5,0.0
RP11-126O22.1,0.0
RP11-1275H24.1,0.0
RP11-1275H24.2,0.0
RP11-1275H24.3,0.0
RP11-1275J23.2,0.0
RP11-1275J23.3,0.0
RP11-1277A3.1,1.9867054694268544
RP11-1277A3.2,2.052503577203945
RP11-1277A3.3,0.0
RP11-1277H1.3,0.0
RP11-127B1.1,0.0
RP11-127B16.1,0.0
RP11-127B20.2,0.0
RP11-127B20.3,0.0
RP11-127H13.1,0.0
RP11-127H5.1,0.0
RP11-127I20.5,0.0
RP11-127I20.7,0.0
RP11-127L20.3,0.0
RP11-127L20.5,0.0
RP11-127L21.1,0.0
RP11-127O4.2,0.0
RP11-127O4.3,0.0
RP11-1280N14.3,0.0
RP11-1280N14.3,0.0
RP11-1281K21.1,0.0
RP11-1281K21.10,0.0
RP11-1281K21.2,0.0
RP11-1281K21.3,0.0
RP11-1281K21.6,0.0
RP11-1281K21.7,0.0
RP11-1281K21.9,0.0
RP11-128A17.1,0.0
RP11-128A6.3,0.0
RP11-128B16.3,0.0
RP11-128D14.1,0.0
RP11-128I7.1,0.0
RP11-128L5.1,0.0
RP11-128M1.1,0.0
RP11-128P10.1,0.0
RP11-128P17.1,0.0
RP11-128P17.2,0.0
RP11-128P17.3,0.0
RP11-128P17.4,0.0
RP11-1292F20.1,0.0
RP11-1293J14.1,0.0
RP11-1299A16.1,0.0
RP11-1299A16.3,0.0
RP11-129B22.1,0.0
RP11-129B9.1,0.0
RP11-129B9.2,2.246281411471585
RP11-129H15.1,0.0
RP11-129H15.3,0.0
RP11-129H15.4,0.0
RP11-129I19.2,0.0
RP11-129J12.1,0.0
RP11-129J12.2,0.0
RP11-129K12.1,0.0
RP11-129K12.3,0.0
RP11-129K12.4,0.0
RP11-129M6.1,2.319804792484853
RP11-129O7.2,0.0
RP11-12A16.3,0.0
RP11-12A2.1,0.0
RP11-12A2.3,0.0
RP11-12A20.2,0.0
RP11-12A20.4,0.0
RP11-12A20.6,0.0
RP11-12A20.7,0.9105921305334987
RP11-12A20.8,0.0
RP11-12C17.2,0.0
RP11-12D16.2,0.0
RP11-12D24.10,0.0
RP11-12D24.6,0.0
RP11-12D24.7,0.0
RP11-12D5.2,0.0
RP11-12D5.3,0.0
RP11-12D5.4,0.0
RP11-12D5.5,0.0
RP11-12D5.6,0.0
RP11-12J10.3,0.9509808635159877
RP11-12K11.1,0.0
RP11-12K11.2,0.0
RP11-12K22.1,0.0
RP11-12K6.2,0.0
RP11-12L8.1,0.0
RP11-12L8.2,0.0
RP11-12M5.1,0.0
RP11-12M5.3,0.0
RP11-12M5.4,0.0
RP11-12M9.3,0.0
RP11-12M9.4,0.0
RP11-12N13.1,0.0
RP11-12N13.2,0.0
RP11-12N13.4,0.0
RP11-12N13.6,0.0
RP11-12P19.1,0.0
RP11-12P19.2,0.0
RP11-1305N21.2,0.0
RP11-1305N21.3,0.0
RP11-130C19.1,0.0
RP11-130C19.3,0.0
RP11-130C6.1,0.0
RP11-130F10.1,0.0
RP11-130L8.1,0.0
RP11-130L8.2,0.0
RP11-130N24.2,0.0
RP11-1319K7.1,0.0
RP11-131H24.4,0.0
RP11-131J3.1,0.0
RP11-131J4.12,0.0
RP11-131K17.1,0.0
RP11-131K5.1,0.0
RP11-131K5.2,0.0
RP11-131L12.2,0.0
RP11-131L23.1,0.0
RP11-131L23.2,1.8597022796682896
RP11-131N11.4,0.0
RP11-1324A7.2,0.0
RP11-1324A7.2,0.0
RP11-1325J9.1,0.0
RP11-132A1.3,0.0
RP11-132A1.4,0.0
RP11-132E11.2,0.0
RP11-132E11.3,0.0
RP11-132E11.4,0.0
RP11-132G19.3,0.0
RP11-132J14.3,0.0
RP11-132M7.2,0.0
RP11-132M7.3,0.0
RP11-132N15.1,0.0
RP11-132N15.2,0.0
RP11-132N15.3,0.0
RP11-1334A24.6,0.0
RP11-1336O20.2,0.0
RP11-1338A24.1,0.0
RP11-133F8.2,0.0
RP11-133G22.1,0.0
RP11-133I21.2,0.0
RP11-133K1.1,0.0
RP11-133K1.2,0.0
RP11-133K1.6,0.0
RP11-133K1.7,0.0
RP11-133L14.2,0.0
RP11-133L14.5,0.0
RP11-133L19.1,0.0
RP11-133L19.2,0.0
RP11-133N21.10,0.0
RP11-133N21.12,0.0
RP11-133N21.7,0.0
RP11-133O22.6,0.0
RP11-1348G14.1,0.0
RP11-1348G14.4,0.0
RP11-1348G14.5,0.0
RP11-1348G14.6,0.0
RP11-134C1.1,0.0
RP11-134D3.1,0.0
RP11-134D3.2,0.0
RP11-134E15.1,0.0
RP11-134E15.2,0.0
RP11-134F2.2,0.0
RP11-134G8.2,0.0
RP11-134G8.6,0.0
RP11-134G8.7,0.0
RP11-134G8.8,0.0
RP11-134J21.1,0.0
RP11-134K1.2,0.0
RP11-134K1.3,0.0
RP11-134K13.2,0.0
RP11-134K13.4,0.0
RP11-134L10.1,0.0
RP11-134L4.2,0.0
RP11-134N1.2,0.0
RP11-134N8.2,0.0
RP11-134O21.1,0.0
RP11-134P9.1,0.0
RP11-134P9.3,0.0
RP11-135A1.2,0.0
RP11-135A1.3,0.0
RP11-135A24.2,0.0
RP11-135A24.4,0.0
RP11-135D11.2,0.0
RP11-135J2.3,0.253644744093139
RP11-135J2.4,0.0
RP11-135L13.4,0.0
RP11-135M8__A.1,0.0
RP11-1360M22.2,0.0
RP11-1365D11.1,0.0
RP11-1365D11.1,0.0
RP11-136B18.1,0.0
RP11-136B18.2,0.0
RP11-136C24.1,0.0
RP11-136C24.2,0.0
RP11-136F16.1,0.0
RP11-136F16.2,0.0
RP11-136H13.1,0.0
RP11-136H13.2,0.0
RP11-136H19.1,0.0
RP11-136I13.1,0.0
RP11-136I13.2,0.0
RP11-136I14.2,0.0
RP11-136I14.3,0.0
RP11-136I14.4,0.0
RP11-136I14.5,0.0
RP11-136K14.1,0.0
RP11-136K14.2,0.0
RP11-136K14.3,0.0
RP11-136K7.1,0.0
RP11-136K7.1,0.0
RP11-136K7.2,0.0
RP11-136K7.2,0.0
RP11-136K7.3,0.0
RP11-136K7.3,0.0
RP11-136O12.2,0.0
RP11-1376P16.1,0.0
RP11-1376P16.2,0.0
RP11-1379J22.2,0.0
RP11-1379J22.5,0.0
RP11-137D19.1,0.0
RP11-137F15.1,0.0
RP11-137H2.4,0.0
RP11-137H2.6,0.9509808635159877
RP11-137J7.2,0.0
RP11-137J7.3,0.0
RP11-137L10.5,0.0
RP11-137L10.6,0.0
RP11-137N23.1,0.0
RP11-138A23.1,0.0
RP11-138A23.2,0.0
RP11-138A9.1,0.0
RP11-138A9.1,0.0
RP11-138A9.2,0.0
RP11-138A9.2,0.0
RP11-138B4.1,0.0
RP11-138C24.2,0.0
RP11-138C9.1,0.0
RP11-138E16.1,0.0
RP11-138E2.1,0.0
RP11-138E9.2,0.0
RP11-138H10.2,0.0
RP11-138H11.1,0.0
RP11-138H14.1,0.253644744093139
RP11-138H8.2,0.0
RP11-138H8.3,0.0
RP11-138H8.4,0.0
RP11-138H8.6,0.0
RP11-138H8.7,0.0
RP11-138I1.2,0.0
RP11-138I1.3,0.0
RP11-138I1.4,0.0
RP11-138I17.1,0.0
RP11-138I18.1,0.0
RP11-138I18.2,0.0
RP11-138J23.1,0.0
RP11-138M12.1,0.0
RP11-138P22.1,0.0
RP11-1391J7.1,0.0
RP11-1394O16.1,0.0
RP11-1396O13.1,0.0
RP11-1396O13.13,0.0
RP11-1396O13.14,0.0
RP11-1396O13.15,0.0
RP11-1396O13.2,0.0
RP11-1396O13.22,0.0
RP11-1398P2.1,0.0
RP11-1399P15.1,0.0
RP11-139B1.1,0.0
RP11-139E19.2,0.0
RP11-139F4.2,1.2269946489498065
RP11-139F9.1,0.0
RP11-139G7.1,0.0
RP11-139H15.1,0.0
RP11-139I14.2,0.0
RP11-139J15.5,0.0
RP11-139J15.7,0.0
RP11-139K1.2,0.0
RP11-139K4.1,0.0
RP11-139K4.2,0.0
RP11-139K4.4,0.0
RP11-13A1.1,0.0
RP11-13A1.2,0.0
RP11-13A1.3,0.0
RP11-13E1.5,0.0
RP11-13E5.2,0.0
RP11-13G14.4,0.0
RP11-13J10.1,0.0
RP11-13J8.1,0.0
RP11-13K12.1,0.0
RP11-13K12.2,0.0
RP11-13K12.5,0.0
RP11-13L2.1,0.0
RP11-13N12.1,0.0
RP11-13N12.2,0.0
RP11-13N13.2,0.0
RP11-13N13.5,0.0
RP11-13N13.6,0.0
RP11-13P5.1,0.0
RP11-13P5.2,0.0
RP11-1406H17.1,0.0
RP11-1407O15.2,0.0
RP11-1407O15.3,0.0
RP11-140A10.3,0.0
RP11-140C18.2,0.0
RP11-140C5.3,0.0
RP11-140H17.1,0.0
RP11-140I16.2,0.0
RP11-140I16.3,0.0
RP11-140I24.1,0.0
RP11-140K17.2,0.0
RP11-140K17.3,0.0
RP11-140L24.3,0.0
RP11-140M13.1,0.0
RP11-1415C14.1,0.0
RP11-1415C14.2,0.0
RP11-1415C14.3,0.0
RP11-1415C14.4,0.0
RP11-141A19.1,0.0
RP11-141A19.2,0.0
RP11-141B14.1,0.0
RP11-141C7.3,0.0
RP11-141C7.4,0.0
RP11-141E13.1,0.0
RP11-141J10.1,0.0
RP11-141J10.2,0.0
RP11-141J13.3,0.0
RP11-141J13.4,0.0
RP11-141J13.5,0.0
RP11-141M1.1,0.0
RP11-141M1.3,0.0
RP11-141M3.5,0.0
RP11-141O11.1,0.0
RP11-141O15.1,0.0
RP11-141P6.1,0.253644744093139
RP11-142A12.1,0.0
RP11-142A22.4,0.0
RP11-142A23.1,0.0
RP11-142A5.1,0.0
RP11-142C4.4,0.0
RP11-142C4.5,0.0
RP11-142C4.6,0.0
RP11-142G1.1,0.0
RP11-142G1.2,0.0
RP11-142G1.3,0.0
RP11-142G7.2,0.0
RP11-142I2.1,0.0
RP11-142I20.1,0.0
RP11-142J21.1,0.0
RP11-142J21.2,0.0
RP11-142L1.1,0.0
RP11-142L1.3,0.0
RP11-142L4.2,0.0
RP11-142L4.3,0.0
RP11-142M10.2,0.0
RP11-142O6.1,0.4127178969233909
RP11-1437A8.2,0.0
RP11-1437A8.3,0.0
RP11-1437A8.4,0.0
RP11-1437A8.5,0.0
RP11-1437A8.6,0.0
RP11-1437A8.7,0.0
RP11-143A12.3,0.0
RP11-143A22.1,0.0
RP11-143E21.1,0.0
RP11-143E21.6,0.0
RP11-143G3.1,0.0
RP11-143G3.1,0.0
RP11-143H17.1,0.0
RP11-143H17.1,0.0
RP11-143I21.1,0.0
RP11-143J12.2,0.0
RP11-143J12.3,0.0
RP11-143J24.1,0.0
RP11-143K11.1,0.0
RP11-143K11.5,0.0
RP11-143M1.2,0.0
RP11-143M1.3,0.0
RP11-143M1.4,0.0
RP11-143M1.7,0.0
RP11-143N13.1,0.253644744093139
RP11-143N13.2,0.0
RP11-143P4.2,0.0
RP11-144A16.1,0.0
RP11-144A16.2,0.0
RP11-144A16.5,0.0
RP11-144C15.1,0.0
RP11-144C9.1,0.0
RP11-144F15.1,0.0
RP11-144G16.1,0.0
RP11-144G6.10,0.0
RP11-144G6.12,0.0
RP11-144G6.13,0.0
RP11-144G6.4,0.0
RP11-144G7.2,0.0
RP11-144L1.4,0.0
RP11-144L1.8,0.253644744093139
RP11-144N1.1,0.0
RP11-144N1.4,0.0
RP11-144O23.20,0.0
RP11-144O23.8,0.0
RP11-144O23.8,0.0
RP11-144O23.8,0.0
RP11-145A3.1,0.0
RP11-145A3.2,0.0
RP11-145A3.4,0.0
RP11-145B3.2,0.0
RP11-145E17.2,0.0
RP11-145E17.2,0.0
RP11-145E5.5,0.0
RP11-145G20.1,0.0
RP11-145H9.3,0.0
RP11-145M4.1,0.0
RP11-145M4.2,0.0
RP11-145M4.3,0.0
RP11-145M9.2,0.253644744093139
RP11-145M9.4,0.0
RP11-145M9.5,0.0
RP11-145M9.6,0.0
RP11-145O15.2,0.0
RP11-145O15.3,0.0
RP11-145P16.3,0.0
RP11-146D12.2,0.0
RP11-146D12.5,0.0
RP11-146D12.6,0.0
RP11-146E13.3,0.0
RP11-146E13.4,0.0
RP11-146E23.2,0.0
RP11-146F11.1,0.0
RP11-146F11.2,0.0
RP11-146F11.3,0.0
RP11-146F11.4,0.0
RP11-146F11.5,0.0
RP11-146G7.2,0.0
RP11-146I2.1,0.0
RP11-146N18.1,0.0
RP11-146N23.1,0.0
RP11-146N23.4,0.0
RP11-146P2.1,0.0
RP11-147B8.1,0.0
RP11-147B8.2,0.0
RP11-147C23.1,0.0
RP11-147G16.1,0.0
RP11-147I11.1,0.0
RP11-147I3.1,0.0
RP11-147K6.1,0.0
RP11-147K6.2,0.0
RP11-147L13.2,0.0
RP11-147L13.2,0.0
RP11-147L13.7,0.0
RP11-147L13.7,0.0
RP11-147L13.8,0.0
RP11-147L13.8,0.4127178969233909
RP11-147N17.1,0.0
RP11-148B18.1,0.0
RP11-148B18.3,0.0
RP11-148B18.4,0.0
RP11-148B3.1,0.0
RP11-148B3.2,0.0
RP11-148B6.2,0.0
RP11-148E17.1,0.0
RP11-148G20.1,0.0
RP11-148I19.1,0.0
RP11-148K1.10,0.0
RP11-148K1.12,0.0
RP11-148K14.1,0.0
RP11-148L24.1,0.0
RP11-148M9.1,0.0
RP11-148O21.2,0.0
RP11-148O21.3,0.253644744093139
RP11-148O21.4,0.0
RP11-148O21.6,0.0
RP11-148O7.2,0.0
RP11-149A7.1,0.0
RP11-149A7.2,0.0
RP11-149B9.2,0.0
RP11-149F8.3,0.0
RP11-149F8.4,0.0
RP11-149F8.5,0.0
RP11-149I2.4,0.0
RP11-149I2.5,0.0
RP11-149I23.3,0.0
RP11-149I9.2,0.0
RP11-149P14.1,0.0
RP11-149P24.1,0.0
RP11-14C10.1,0.0
RP11-14C10.2,0.0
RP11-14C22.3,0.0
RP11-14C22.6,0.0
RP11-14D22.1,0.0
RP11-14D22.2,0.0
RP11-14H3.3,0.0
RP11-14I17.1,0.0
RP11-14I17.2,1.6258250518828512
RP11-14I17.3,0.0
RP11-14I2.2,0.0
RP11-14J7.1,0.0
RP11-14J7.6,0.0
RP11-14K2.1,0.0
RP11-14K3.1,0.0
RP11-14K3.2,0.0
RP11-14K3.3,0.0
RP11-14K3.4,0.0
RP11-14K3.7,0.0
RP11-14N4.1,0.0
RP11-14N7.2,0.253644744093139
RP11-14N9.2,0.0
RP11-14O19.1,0.0
RP11-14O19.2,0.0
RP11-14P20.1,0.0
RP11-150C16.1,0.0
RP11-150D20.5,0.0
RP11-150D5.2,0.0
RP11-150L8.3,0.0
RP11-150L8.4,0.0
RP11-150O12.1,0.0
RP11-150O12.2,0.0
RP11-150O12.3,0.0
RP11-150O12.4,0.0
RP11-150O12.5,0.0
RP11-150O12.6,0.0
RP11-151A6.4,0.0
RP11-151D14.1,0.0
RP11-151E14.1,0.0
RP11-151F5.2,0.0
RP11-151G12.2,0.0
RP11-151H2.1,0.0
RP11-151H2.3,0.0
RP11-151M7.1,0.0
RP11-151N17.1,0.0
RP11-152C15.1,0.0
RP11-152C17.1,0.0
RP11-152F13.10,0.0
RP11-152F13.3,0.0
RP11-152F13.7,0.0
RP11-152F13.8,0.0
RP11-152H18.3,0.0
RP11-152H18.4,0.0
RP11-152K4.1,0.0
RP11-152K4.2,0.0
RP11-152L20.3,0.0
RP11-152L7.1,0.0
RP11-152L7.2,0.0
RP11-152N13.16,0.0
RP11-152N13.5,0.0
RP11-152O14.1,0.0
RP11-152O14.4,0.0
RP11-152P17.1,0.0
RP11-152P17.2,1.2269946489498065
RP11-152P17.3,0.0
RP11-152P23.2,0.0
RP11-153F1.1,0.0
RP11-153F1.2,0.0
RP11-153F5.2,0.0
RP11-153F5.3,0.0
RP11-153K11.3,0.0
RP11-153K16.1,0.0
RP11-153K16.2,0.0
RP11-153M3.1,0.0
RP11-153M7.1,0.0
RP11-153M7.3,0.0
RP11-153M7.5,0.0
RP11-153N17.1,0.0
RP11-154B12.3,0.0
RP11-154D17.1,0.0
RP11-154D3.1,0.0
RP11-154D6.1,0.5288907918624668
RP11-154D9.1,0.0
RP11-154F14.2,0.0
RP11-154H12.2,0.0
RP11-154H12.3,0.0
RP11-154H17.1,0.0
RP11-154H23.3,0.0
RP11-154J22.1,0.0
RP11-154P18.2,0.0
RP11-155D18.12,0.0
RP11-155D18.14,0.0
RP11-155G14.1,0.0
RP11-155G14.5,0.0
RP11-155G14.6,0.0
RP11-155G15.2,0.0
RP11-155G15.3,0.0
RP11-155I9.1,0.0
RP11-155L15.1,0.0
RP11-155O18.6,0.0
RP11-156E6.1,0.0
RP11-156E6.1,0.0
RP11-156E8.1,1.7522684493138374
RP11-156F23.2,0.0
RP11-156G14.6,0.0
RP11-156J23.1,0.0
RP11-156K13.1,0.0
RP11-156K13.2,0.0
RP11-156K13.3,0.0
RP11-156L14.1,0.0
RP11-156N15.1,0.0
RP11-156P1.2,0.0
RP11-156P1.3,0.0
RP11-157B13.1,0.0
RP11-157B13.1,0.0
RP11-157B13.3,0.0
RP11-157B13.3,0.0
RP11-157B13.6,0.0
RP11-157B13.6,0.0
RP11-157B13.7,0.0
RP11-157B13.7,0.0
RP11-157B13.8,0.0
RP11-157B13.8,0.0
RP11-157B13.9,0.0
RP11-157B13.9,0.0
RP11-157D18.2,0.0
RP11-157D23.1,0.0
RP11-157D23.2,0.0
RP11-157D6.1,0.0
RP11-157E14.1,0.0
RP11-157E16.1,0.0
RP11-157E21.1,0.0
RP11-157E21.2,0.0
RP11-157F20.1,0.0
RP11-157F20.3,0.0
RP11-157G21.2,0.0
RP11-157I4.4,0.0
RP11-157J24.1,0.0
RP11-157J24.2,0.0
RP11-157L10.1,0.0
RP11-157L3.1,0.0
RP11-157L3.2,0.0
RP11-157L3.3,0.0
RP11-157L3.4,0.0
RP11-157L3.5,0.0
RP11-157L3.6,0.0
RP11-157N3.1,0.0
RP11-157P1.4,0.0
RP11-157P1.5,0.0
RP11-157P23.2,0.0
RP11-158A14.1,0.0
RP11-158C21.2,0.0
RP11-158C21.3,0.0
RP11-158D1.1,0.0
RP11-158D2.1,0.0
RP11-158D2.2,0.0
RP11-158G18.1,0.0
RP11-158H5.7,0.0
RP11-158I13.2,0.0
RP11-158I23.1,0.0
RP11-158I3.1,0.0
RP11-158I3.3,0.0
RP11-158I9.1,0.0
RP11-158I9.5,0.0
RP11-158I9.7,0.0
RP11-158J3.2,0.0
RP11-158K1.3,0.0
RP11-158L12.2,0.0
RP11-158L12.5,0.0
RP11-158M2.2,0.0
RP11-158M2.3,0.0
RP11-158M2.4,0.0
RP11-158M2.5,0.0
RP11-158M2.6,0.0
RP11-158N24.1,0.0
RP11-158O16.1,0.0
RP11-159A18.1,0.0
RP11-159C21.4,0.0
RP11-159D12.10,0.0
RP11-159D12.2,0.0
RP11-159D12.5,0.0
RP11-159D23.2,0.0
RP11-159D8.1,0.0
RP11-159F24.2,0.0
RP11-159F24.3,0.0
RP11-159F24.5,0.0
RP11-159F24.6,0.0
RP11-159G9.5,1.8146108385283355
RP11-159H10.1,0.0
RP11-159H10.3,0.0
RP11-159H10.4,0.0
RP11-159H20.1,0.0
RP11-159H20.2,0.0
RP11-159H20.3,0.0
RP11-159H22.1,0.0
RP11-159H22.2,0.0
RP11-159H3.1,0.0
RP11-159H3.2,0.0
RP11-159J3.1,0.0
RP11-159K7.1,0.0
RP11-159K7.2,0.0
RP11-159L20.2,0.0
RP11-159L8.2,0.0
RP11-159M11.2,0.0
RP11-159N11.3,0.0
RP11-159N11.4,0.0
RP11-15A1.2,0.0
RP11-15A1.3,1.664793942489872
RP11-15A1.7,0.0
RP11-15B17.1,0.0
RP11-15B17.2,0.0
RP11-15B17.3,0.0
RP11-15B24.1,0.0
RP11-15B24.2,0.0
RP11-15B24.3,0.0
RP11-15B24.4,0.0
RP11-15B24.5,0.0
RP11-15D14.1,0.0
RP11-15D14.2,0.0
RP11-15E1.3,0.0
RP11-15E18.1,0.0
RP11-15E18.2,0.0
RP11-15E18.3,0.0
RP11-15E18.4,0.0
RP11-15E18.5,0.0
RP11-15F12.1,0.0
RP11-15F12.3,0.0
RP11-15G16.1,0.0
RP11-15G8.1,0.0
RP11-15H20.2,0.0
RP11-15H20.3,0.0
RP11-15H20.5,0.0
RP11-15H20.6,1.887355901089917
RP11-15H20.7,0.0
RP11-15H7.2,0.0
RP11-15I11.2,0.0
RP11-15I11.3,0.0
RP11-15I20.1,0.0
RP11-15J10.1,0.0
RP11-15J10.3,0.0
RP11-15J10.8,0.0
RP11-15J10.9,0.0
RP11-15J23.1,0.0
RP11-15K2.2,0.0
RP11-15K3.1,0.0
RP11-15L13.4,0.0
RP11-15M15.1,0.0
RP11-15M15.2,0.0
RP11-15N24.4,0.0
RP11-15P13.1,0.0
RP11-160A9.2,0.0
RP11-160A9.3,0.0
RP11-160C18.2,0.0
RP11-160C18.4,0.0
RP11-160E2.11,0.0
RP11-160E2.16,0.0
RP11-160E2.17,0.0
RP11-160E2.19,0.0
RP11-160E2.21,0.0
RP11-160H12.2,0.0
RP11-160H12.3,0.0
RP11-160H22.3,0.0
RP11-160H22.5,0.0
RP11-160N1.10,0.0
RP11-160N1.8,0.0
RP11-160N1.9,0.0
RP11-160O5.1,0.0
RP11-161D15.1,0.0
RP11-161D15.2,0.0
RP11-161D15.3,0.0
RP11-161H23.10,0.0
RP11-161H23.5,0.0
RP11-161H23.8,0.0
RP11-161H23.9,0.0
RP11-161I10.1,0.0
RP11-161I2.1,0.0
RP11-161I6.2,0.0
RP11-161M6.2,0.0
RP11-161M6.3,0.0
RP11-161M6.5,0.0
RP11-161N3.3,0.0
RP11-161N3.3,0.0
RP11-162A12.2,0.0
RP11-162A12.3,0.0
RP11-162A23.5,0.0
RP11-162D16.2,0.0
RP11-162D9.1,0.0
RP11-162D9.3,0.0
RP11-162G10.1,0.0
RP11-162G10.5,0.0
RP11-162G9.1,0.0
RP11-162I7.1,0.0
RP11-162I7.2,0.0
RP11-162J8.2,0.0
RP11-162J8.3,0.0
RP11-162K11.4,0.0
RP11-162K6.1,0.0
RP11-162N7.1,0.0
RP11-162O12.1,0.0
RP11-162O12.2,0.0
RP11-162P23.2,0.0
RP11-163E9.1,0.0
RP11-163E9.1,0.0
RP11-163E9.2,0.0
RP11-163E9.2,0.0
RP11-163F15.1,0.0
RP11-163G10.2,0.0
RP11-163G10.4,0.0
RP11-163M18.1,0.0
RP11-163N6.2,0.9879310210915638
RP11-163O19.1,0.0
RP11-163O19.1,0.0
RP11-163O19.10,0.0
RP11-163O19.10,0.0
RP11-163O19.11,0.0
RP11-163O19.11,0.0
RP11-163O19.15,0.0
RP11-163O19.16,0.0
RP11-163O19.3,0.0
RP11-163O19.3,0.0
RP11-163O19.8,0.0
RP11-163O19.8,0.0
RP11-164A6.1,0.0
RP11-164C1.2,0.0
RP11-164C12.1,0.0
RP11-164C12.2,0.0
RP11-164D18.2,0.0
RP11-164H13.1,0.0
RP11-164H5.1,0.0
RP11-164J13.1,0.0
RP11-164N20.2,0.0
RP11-164N3.1,0.0
RP11-164N3.2,0.0
RP11-164N3.3,0.0
RP11-164O23.5,0.0
RP11-164O23.7,0.0
RP11-164P12.3,0.0
RP11-164P12.4,0.0
RP11-165A20.3,0.0
RP11-165D20.1,0.0
RP11-165E7.1,0.0
RP11-165F24.2,0.0
RP11-165F24.3,0.0
RP11-165F24.5,0.0
RP11-165H23.1,0.0
RP11-165H4.2,0.0
RP11-165H4.3,0.0
RP11-165J3.5,0.0
RP11-165J3.6,0.0
RP11-165M1.2,0.0
RP11-165M1.3,0.0
RP11-165N19.2,0.0
RP11-165N19.4,0.0
RP11-165P7.1,0.0
RP11-166A12.1,0.0
RP11-166B14.1,0.0
RP11-166B2.1,0.0
RP11-166B2.3,0.0
RP11-166B2.5,0.0
RP11-166B2.7,0.0
RP11-166B2.8,0.0
RP11-166D18.1,0.0
RP11-166D19.1,2.297811408112942
RP11-166J22.1,0.0
RP11-166J5.1,0.0
RP11-166N17.1,0.0
RP11-166N17.3,0.0
RP11-166N6.2,0.0
RP11-166N6.3,0.0
RP11-166O4.1,0.0
RP11-166O4.4,0.0
RP11-166O4.5,0.0
RP11-166O4.6,0.0
RP11-166P13.3,0.0
RP11-166P13.4,1.882867521541892
RP11-167B3.1,0.0
RP11-167H9.1,0.0
RP11-167H9.4,0.0
RP11-167H9.5,0.0
RP11-167H9.6,0.0
RP11-167J8.3,0.0
RP11-167J8.4,0.0
RP11-167N24.3,0.0
RP11-167N24.4,0.0
RP11-167N24.5,0.0
RP11-167N24.6,0.0
RP11-167N4.2,0.0
RP11-167N4.4,0.0
RP11-167N4.5,0.0
RP11-167N5.5,0.0
RP11-167P11.2,0.0
RP11-167P20.1,0.0
RP11-167P22.3,0.0
RP11-167P22.4,0.0
RP11-167P22.5,0.0
RP11-167P23.2,0.0
RP11-167P23.4,0.0
RP11-168A11.1,0.0
RP11-168A11.4,0.0
RP11-168C9.1,0.0
RP11-168E14.1,0.0
RP11-168E17.1,0.0
RP11-168F9.2,0.0
RP11-168G16.2,0.0
RP11-168J18.6,0.0
RP11-168J19.2,0.0
RP11-168K11.2,0.0
RP11-168K11.3,0.0
RP11-168K9.1,0.0
RP11-168K9.2,0.0
RP11-168L22.2,0.0
RP11-168L7.1,0.0
RP11-168L7.3,0.0
RP11-168O10.6,0.0
RP11-168O16.1,0.0
RP11-168O16.2,0.0
RP11-168O22.1,0.0
RP11-168P13.1,0.0
RP11-168P6.2,0.0
RP11-168P8.3,0.0
RP11-168P8.5,0.0
RP11-169D4.1,0.0
RP11-169D4.2,0.0
RP11-169E6.1,0.253644744093139
RP11-169E6.3,0.0
RP11-169E6.4,0.0
RP11-169F17.1,0.0
RP11-169I9.2,0.0
RP11-169K16.4,0.0
RP11-169K16.6,0.253644744093139
RP11-169K16.7,0.6204550963106681
RP11-169K16.8,0.0
RP11-169K16.9,0.5288907918624668
RP11-169K17.2,0.0
RP11-169K17.3,0.7603920768618123
RP11-169K17.4,0.4127178969233909
RP11-169K19.1,0.0
RP11-169K19.1,0.0
RP11-169L17.3,0.0
RP11-169L17.5,0.0
RP11-169N13.4,0.0
RP11-16B13.1,0.0
RP11-16B9.1,0.0
RP11-16C1.1,0.0
RP11-16C1.2,0.0
RP11-16C1.3,0.0
RP11-16C18.3,0.0
RP11-16D22.2,0.0
RP11-16E12.1,0.0
RP11-16E12.2,0.0
RP11-16E18.1,0.0
RP11-16E18.3,2.440074432617396
RP11-16E23.3,0.0
RP11-16E23.4,2.7243647710155527
RP11-16F15.1,0.253644744093139
RP11-16F15.2,0.0
RP11-16F15.4,0.0
RP11-16K12.1,0.0
RP11-16L14.2,0.0
RP11-16L21.7,0.0
RP11-16L9.1,0.0
RP11-16L9.2,0.0
RP11-16L9.3,0.0
RP11-16L9.4,0.0
RP11-16N11.2,0.0
RP11-16N2.1,0.0
RP11-16O13.1,0.0
RP11-16O9.2,0.0
RP11-16P20.2,0.0
RP11-16P20.3,1.5042992690810633
RP11-16P6.1,0.0
RP11-170J3.2,0.0
RP11-170L3.1,0.0
RP11-170L3.2,0.0
RP11-170L3.4,0.0
RP11-170L3.5,0.0
RP11-170L3.6,0.0
RP11-170L3.7,0.0
RP11-170L9.1,0.0
RP11-170M17.1,0.0
RP11-170M17.2,0.0
RP11-170N11.1,0.0
RP11-170N16.1,0.0
RP11-170N16.2,0.253644744093139
RP11-170N16.3,0.0
RP11-171A24.2,0.0
RP11-171A24.3,1.4821708087520635
RP11-171G2.1,0.0
RP11-171I2.1,0.0
RP11-171I2.2,0.0
RP11-171I2.3,0.0
RP11-171I2.4,0.0
RP11-171I2.5,0.0
RP11-171L9.1,0.0
RP11-171N4.1,0.0
RP11-171N4.2,0.0
RP11-171N4.3,0.0
RP11-171N4.4,0.0
RP11-172C16.4,0.0
RP11-172C16.5,0.0
RP11-172E10.1,0.0
RP11-172E9.2,0.0
RP11-172F10.1,0.0
RP11-172F4.2,0.0
RP11-173A16.1,0.4127178969233909
RP11-173A16.2,0.0
RP11-173A6.2,0.0
RP11-173A8.2,0.0
RP11-173B14.4,0.0
RP11-173B14.5,0.0
RP11-173D14.3,0.0
RP11-173D3.1,0.0
RP11-173D3.2,0.0
RP11-173D3.3,0.0
RP11-173D9.1,0.0
RP11-173D9.5,0.0
RP11-173E2.1,1.1364750726028654
RP11-173E2.2,0.0
RP11-173G21.1,0.0
RP11-173L6.1,0.0
RP11-173M1.3,0.0
RP11-173M1.4,0.0
RP11-173M1.5,0.0
RP11-173M1.8,0.0
RP11-173M11.2,0.0
RP11-173P15.3,0.0
RP11-173P15.5,0.0
RP11-173P15.7,0.0
RP11-174B4.2,0.0
RP11-174C7.1,0.0
RP11-174C7.2,0.0
RP11-174C7.3,0.0
RP11-174E22.2,0.0
RP11-174F8.1,0.0
RP11-174G17,0.0
RP11-174G17.2,0.0
RP11-174G6.1,0.0
RP11-174G6.5,0.0
RP11-174I12.2,0.0
RP11-174J11.1,0.0
RP11-174M13.1,0.0
RP11-174M13.2,0.0
RP11-174O3.1,0.0
RP11-174O3.3,0.0
RP11-174O3.4,0.0
RP11-175B12.2,0.0
RP11-175B9.2,0.0
RP11-175B9.3,0.253644744093139
RP11-175D17.3,0.0
RP11-175E9.1,0.0
RP11-175E9.2,0.0
RP11-175G14.2,0.0
RP11-175I17.2,0.0
RP11-175I17.2,0.0
RP11-175I17.6,0.0
RP11-175I17.6,0.0
RP11-175I6.5,0.0
RP11-175K6.1,0.0
RP11-175M2.1,0.0
RP11-175O19.4,0.0
RP11-175P13.2,0.0
RP11-175P13.3,0.0
RP11-175P19.2,0.0
RP11-176D17.3,0.0
RP11-176F3.7,0.0
RP11-176H8.1,0.0
RP11-176N18.2,0.0
RP11-177A2.5,0.0
RP11-177B4.1,0.0
RP11-177B4.2,0.0
RP11-177C12.1,0.0
RP11-177C12.4,0.0
RP11-177F11.1,0.0
RP11-177F15.1,0.0
RP11-177G23.2,0.0
RP11-177H13.2,0.0
RP11-177H2.2,0.0
RP11-177J6.1,0.0
RP11-177N22.2,0.0
RP11-177N22.3,0.0
RP11-178C3.1,0.0
RP11-178C3.2,0.0
RP11-178C3.6,0.0
RP11-178D12.2,0.0
RP11-178F10.1,0.0
RP11-178F10.2,0.0
RP11-178F10.3,0.0
RP11-178F10.4,0.0
RP11-178G16.4,0.253644744093139
RP11-178G16.5,0.0
RP11-178H8.3,0.0
RP11-178L8.1,0.0
RP11-178L8.3,1.3018627585701523
RP11-178L8.4,0.0
RP11-178L8.5,0.0
RP11-178L8.7,0.0
RP11-178L8.8,0.0
RP11-178L8.9,0.0
RP11-179A10.1,0.0
RP11-179A10.2,0.0
RP11-179A10.3,0.0
RP11-179A16.1,0.0
RP11-179A16.2,0.0
RP11-179A18.1,0.0
RP11-179A7.2,0.0
RP11-179B15.2,0.0
RP11-179B15.5,0.0
RP11-179B15.6,0.0
RP11-179B2.2,0.0
RP11-179D22.1,0.0
RP11-179G5.1,0.0
RP11-179G8.1,0.0
RP11-179H18.4,0.0
RP11-179H18.5,0.0
RP11-179H18.7,0.0
RP11-179H18.8,0.0
RP11-179K3.2,0.0
RP11-17A1.3,0.0
RP11-17A19.2,0.0
RP11-17A4.1,0.0
RP11-17A4.2,0.0
RP11-17A4.3,0.0
RP11-17A4.4,0.0
RP11-17E13.2,0.0
RP11-17E2.2,0.0
RP11-17G11.1,0.0
RP11-17G12.2,0.0
RP11-17G12.3,0.0
RP11-17J14.2,0.0
RP11-17L5.4,0.0
RP11-17M15.1,0.0
RP11-17M15.2,0.0
RP11-17M15.4,0.0
RP11-17M16.1,0.0
RP11-17M16.2,0.0
RP11-17M24.1,0.0
RP11-17M24.2,0.0
RP11-17P16.2,0.0
RP11-180C1.1,0.0
RP11-180C16.1,0.0
RP11-180D15.1,0.0
RP11-180D21.3,0.0
RP11-180I22.2,0.0
RP11-180I4.1,0.0
RP11-180I4.2,0.0
RP11-180K7.1,0.0
RP11-180M15.3,0.0
RP11-180M15.4,0.0
RP11-180M15.5,0.0
RP11-180N14.1,0.0
RP11-180O5.2,0.0
RP11-180P8.1,0.0
RP11-180P8.2,0.0
RP11-180P8.3,0.4127178969233909
RP11-180P8.4,0.0
RP11-180P8.5,0.0
RP11-181B11.1,0.0
RP11-181B11.2,0.0
RP11-181B18.1,0.0
RP11-181C21.4,0.0
RP11-181C21.6,0.0
RP11-181C3.1,0.0
RP11-181D18.4,0.0
RP11-181E10.3,0.0
RP11-181F12.1,0.0
RP11-181G12.2,0.0
RP11-181G12.4,0.0
RP11-181G12.5,0.0
RP11-181K12.2,0.0
RP11-181K3.4,0.0
RP11-182B22.2,0.0
RP11-182E14.1,0.0
RP11-182I10.1,0.0
RP11-182I10.2,0.0
RP11-182I10.3,0.253644744093139
RP11-182J1.1,0.0
RP11-182J1.10,0.0
RP11-182J1.11,0.0
RP11-182J1.12,0.0
RP11-182J1.13,0.0
RP11-182J1.14,0.5288907918624668
RP11-182J1.15,0.0
RP11-182J1.16,0.0
RP11-182J1.5,0.0
RP11-182J23.1,0.0
RP11-182L21.5,0.0
RP11-182L21.6,0.0
RP11-182L7.1,0.0
RP11-182N22.7,0.0
RP11-182N22.8,0.0
RP11-183C12.1,0.0
RP11-183E24.1,0.0
RP11-183E24.2,0.0
RP11-183E9.2,0.0
RP11-183G22.1,0.0
RP11-183I6.2,0.0
RP11-183K14.1,0.0
RP11-183K14.1,0.0
RP11-183M13.1,0.0
RP11-184A2.2,0.0
RP11-184A2.3,0.0
RP11-184B22.2,0.0
RP11-184C23.1,0.0
RP11-184C23.4,0.0
RP11-184D12.1,0.0
RP11-184E9.1,0.0
RP11-184E9.2,0.0
RP11-184I16.3,0.0
RP11-184I16.4,0.0
RP11-184J23.2,0.0
RP11-184M15.1,0.0
RP11-184M15.2,0.0
RP11-185B14.1,0.0
RP11-185E12.2,0.0
RP11-185E8.1,0.0
RP11-185H22.1,0.0
RP11-185J20.2,0.0
RP11-185N2.1,0.0
RP11-185O21.1,0.0
RP11-185P18.2,0.0
RP11-186F10.2,0.0
RP11-186G6.5,0.0
RP11-186N15.3,0.0
RP11-186O14.7,0.0
RP11-187A9.3,0.0
RP11-187C18.2,0.0
RP11-187C18.3,0.0
RP11-187C18.4,0.0
RP11-187C18.5,0.0
RP11-187E13.1,0.0
RP11-187E13.2,0.0
RP11-187O7.1,0.0
RP11-187O7.3,0.0
RP11-187O7.4,0.0
RP11-188C12.2,0.0
RP11-188C12.3,0.0
RP11-188D8.1,0.0
RP11-188I24.1,0.0
RP11-188P17.2,0.0
RP11-188P20.3,0.0
RP11-189B4.6,0.0
RP11-189E14.3,0.0
RP11-189E14.4,0.0
RP11-189E14.5,0.0
RP11-189G24.2,0.0
RP11-18A15.1,0.0
RP11-18B16.1,0.0
RP11-18B16.2,0.0
RP11-18B3.2,0.0
RP11-18B3.3,0.0
RP11-18D7.2,0.0
RP11-18D7.3,0.0
RP11-18F14.1,0.0
RP11-18F14.4,0.0
RP11-18H21.1,0.0
RP11-18H21.2,0.0
RP11-18H21.3,0.0
RP11-18H7.1,0.0
RP11-18I14.10,0.4127178969233909
RP11-18I14.11,0.0
RP11-18J9.3,0.0
RP11-18M17.1,0.0
RP11-18O11.1,0.0
RP11-18O11.2,0.0
RP11-18O15.1,0.0
RP11-190A12.7,0.0
RP11-190A12.8,1.266040025979822
RP11-190C22.1,0.0
RP11-190C22.8,0.0
RP11-190C22.9,0.0
RP11-190D6.2,0.0
RP11-190G13.4,0.0
RP11-190I17.2,0.0
RP11-190I17.4,0.0
RP11-190J1.3,0.0
RP11-190J23.1,0.0
RP11-190P13.1,0.0
RP11-190P13.2,0.0
RP11-191A15.1,0.0
RP11-191A15.2,0.0
RP11-191A15.4,0.0
RP11-191G24.1,0.0
RP11-191L17.1,1.60064667142076
RP11-191L9.4,0.0
RP11-191L9.5,0.0
RP11-191N8.2,0.0
RP11-192B18.1,0.0
RP11-192C21.1,0.0
RP11-192C21.2,0.0
RP11-192C21.3,0.0
RP11-192H23.4,0.0
RP11-192H23.5,0.0
RP11-192H23.6,0.0
RP11-192H23.7,0.0
RP11-192H23.8,0.0
RP11-192H6.2,0.0
RP11-192M23.1,0.0
RP11-192N10.2,0.0
RP11-192P3.4,0.0
RP11-192P3.5,0.0
RP11-192P9.1,0.0
RP11-193F5.1,0.0
RP11-193F5.4,0.0
RP11-193H22.2,2.19003355152204
RP11-193H5.1,0.0
RP11-193H5.2,0.0
RP11-193H5.5,0.0
RP11-193I22.2,0.0
RP11-193M21.1,0.0
RP11-193P11.3,0.0
RP11-194G10.3,0.0
RP11-194N12.2,0.0
RP11-195B17.1,0.0
RP11-195B21.3,0.0
RP11-195B3.1,0.0
RP11-195C7.1,0.0
RP11-195C7.2,0.0
RP11-195C7.3,0.0
RP11-195E11.3,0.0
RP11-195E2.1,0.0
RP11-195E2.4,0.0
RP11-195F19.30,0.0
RP11-195F19.5,0.0
RP11-195F19.9,0.0
RP11-195M16.1,0.0
RP11-195M16.3,0.0
RP11-196D18.1,0.0
RP11-196D18.2,0.0
RP11-196D18.4,0.0
RP11-196D18.5,0.0
RP11-196E1.3,0.0
RP11-196G11.1,0.0
RP11-196G11.2,0.0
RP11-196G11.4,0.0
RP11-196G18.1,0.0
RP11-196G18.1,0.0
RP11-196G18.21,0.0
RP11-196G18.21,0.0
RP11-196G18.22,0.0
RP11-196G18.22,0.0
RP11-196G18.23,0.0
RP11-196G18.23,0.0
RP11-196G18.24,0.0
RP11-196G18.24,0.0
RP11-196G18.3,0.0
RP11-196G18.3,0.0
RP11-196H14.2,0.0
RP11-196H14.3,0.0
RP11-196H14.4,0.0
RP11-196I18.2,0.0
RP11-196I18.3,0.0
RP11-196I18.4,0.0
RP11-196O16.1,0.0
RP11-196O2.1,0.0
RP11-196P2.1,0.0
RP11-197B12.1,0.0
RP11-197K3.1,0.0
RP11-197K6.1,0.0
RP11-197M22.2,0.0
RP11-197N18.2,0.0
RP11-197N18.7,0.0
RP11-197O8.1,0.0
RP11-197P3.1,0.0
RP11-197P3.4,0.0
RP11-197P3.5,0.0
RP11-198M11.2,0.0
RP11-198M15.1,0.0
RP11-198M6.2,0.0
RP11-199F11.2,0.0
RP11-199F6.4,0.0
RP11-199O14.1,0.0
RP11-19C24.1,0.0
RP11-19D2.1,0.0
RP11-19D2.2,0.0
RP11-19E11.1,0.0
RP11-19F9.1,0.0
RP11-19G24.1,0.0
RP11-19G24.2,0.0
RP11-19H6.1,0.0
RP11-19J3.5,0.0
RP11-19J5.1,0.0
RP11-19J5.2,0.0
RP11-19N8.2,0.0
RP11-19N8.3,0.0
RP11-19N8.4,0.0
RP11-19N8.6,0.0
RP11-19N8.7,0.0
RP11-19O2.1,0.0
RP11-19O2.2,0.0
RP11-19O2.4,0.0
RP11-19P22.10,0.0
RP11-19P22.2,0.0
RP11-19P22.3,0.0
RP11-19P22.5,0.0
RP11-19P22.6,0.0
RP11-19P22.7,0.0
RP11-19P22.8,0.0
RP11-1B20.1,0.0
RP11-1C1.4,0.0
RP11-1C1.5,0.0
RP11-1C1.6,0.0
RP11-1C1.7,0.0
RP11-1C8.4,0.0
RP11-1C8.5,0.0
RP11-1C8.6,0.0
RP11-1C8.7,0.0
RP11-1D12.1,0.0
RP11-1D12.2,0.0
RP11-1E1.1,0.0
RP11-1E1.2,0.0
RP11-1E11.1,0.0
RP11-1E11.1,0.0
RP11-1E11.2,0.0
RP11-1E11.2,0.0
RP11-1E22.1,0.0
RP11-1E3.1,0.0
RP11-1E4.1,0.0
RP11-1E6.1,0.0
RP11-1G11.2,0.0
RP11-1H15.1,0.0
RP11-1H15.2,0.0
RP11-1H8.1,0.0
RP11-1H8.3,0.0
RP11-1H8.4,0.0
RP11-1J11.1,0.0
RP11-1J7.1,0.0
RP11-1K3.1,0.0
RP11-1L12.3,0.0
RP11-1L9.1,0.0
RP11-1M18.1,0.0
RP11-1O10.1,0.0
RP11-1O2.1,0.0
RP11-1O7.1,0.0
RP11-200A1.1,0.0
RP11-200A13.1,0.0
RP11-200A13.2,0.0
RP11-200A13.3,0.0
RP11-201A3.1,0.0
RP11-201E8.1,0.0
RP11-201K10.3,0.0
RP11-201M22.1,0.0
RP11-201O14.1,0.0
RP11-201O14.2,0.0
RP11-202A13.1,0.0
RP11-202D1.2,0.0
RP11-202D1.3,0.0
RP11-202D18.2,0.0
RP11-202G11.1,0.0
RP11-202G11.2,0.0
RP11-202G18.1,0.0
RP11-202H2.1,0.6960356275201428
RP11-202I11.2,0.0
RP11-202K23.1,0.0
RP11-203B7.1,0.0
RP11-203B7.2,0.0
RP11-203B9.4,0.0
RP11-203E8.1,0.0
RP11-203F10.1,0.0
RP11-203F10.5,0.0
RP11-203F10.6,0.0
RP11-203F8.1,0.0
RP11-203H2.1,0.0
RP11-203H2.2,0.0
RP11-203I2.1,0.0
RP11-203J24.8,0.8164310788769841
RP11-203J24.9,0.0
RP11-203L2.3,0.0
RP11-203L2.4,0.0
RP11-203M5.2,0.0
RP11-203M5.6,0.0
RP11-203M5.7,0.0
RP11-203M5.8,0.0
RP11-203P2.2,2.285490700800916
RP11-203P23.2,0.0
RP11-204C16.4,0.253644744093139
RP11-204C23.1,0.0
RP11-204E4.3,0.0
RP11-204E9.1,0.0
RP11-204H9.2,0.0
RP11-204I15.1,0.0
RP11-204I15.1,0.0
RP11-204K16.1,0.0
RP11-204L24.2,0.0
RP11-204M4.1,0.0
RP11-204M4.2,1.1840889676042927
RP11-204N11.1,0.0
RP11-204N11.2,0.0
RP11-204P2.3,0.0
RP11-205K6.1,0.0
RP11-205K6.2,0.0
RP11-205M20.7,0.0
RP11-205M3.1,0.0
RP11-205M3.3,0.0
RP11-206C20.1,0.0
RP11-206C20.2,0.0
RP11-206F17.2,0.0
RP11-206L10.1,0.0
RP11-206L10.10,0.0
RP11-206L10.11,0.4127178969233909
RP11-206L10.2,0.0
RP11-206L10.3,0.4127178969233909
RP11-206L10.4,0.6960356275201428
RP11-206L10.5,0.8164310788769841
RP11-206L10.8,0.0
RP11-206L10.9,0.0
RP11-206M11.7,0.0
RP11-206P5.1,0.0
RP11-206P5.2,0.0
RP11-207C16.4,1.0219824427879696
RP11-207F8.1,0.0
RP11-208C17.4,0.0
RP11-208G20.2,0.0
RP11-208G20.3,0.0
RP11-208K4.1,0.0
RP11-208N14.4,0.0
RP11-208N20.1,0.0
RP11-208P4.1,0.0
RP11-209A2.1,0.0
RP11-209D14.2,0.0
RP11-209D14.4,0.0
RP11-209E8.1,0.0
RP11-209K10.2,0.0
RP11-209M4.1,0.0
RP11-20A20.2,0.0
RP11-20B24.3,0.0
RP11-20B24.4,0.0
RP11-20B24.5,0.0
RP11-20B24.6,0.0
RP11-20B24.7,0.0
RP11-20B7.1,0.0
RP11-20D14.3,0.0
RP11-20D14.4,0.0
RP11-20D14.6,0.0
RP11-20E23.1,0.0
RP11-20E24.1,0.0
RP11-20F24.2,0.0
RP11-20G13.1,0.0
RP11-20G13.2,0.0
RP11-20G13.3,0.0
RP11-20G6.2,0.0
RP11-20G6.3,0.0
RP11-20I20.1,0.0
RP11-20I20.2,0.0
RP11-20I20.4,0.0
RP11-20I23.1,0.0
RP11-20I23.11,0.0
RP11-20I23.13,0.0
RP11-20I23.6,0.0
RP11-20I23.7,0.253644744093139
RP11-20I23.8,0.0
RP11-20J1.1,0.0
RP11-20J15.2,0.0
RP11-20J15.3,0.0
RP11-20L19.1,0.0
RP11-20L24.1,0.0
RP11-20O24.1,0.0
RP11-20O24.4,0.253644744093139
RP11-20P5.2,0.0
RP11-210G22.1,0.0
RP11-210H10__A.1,0.0
RP11-210K20.2,0.0
RP11-210K20.3,0.0
RP11-210K20.4,0.0
RP11-210L7.1,0.0
RP11-210M15.1,0.0
RP11-210M15.2,0.0
RP11-210N13.1,0.0
RP11-211A18.1,0.0
RP11-211A18.2,0.0
RP11-211C9.1,0.0
RP11-211F2.1,0.0
RP11-211G23.1,0.0
RP11-211G23.2,0.0
RP11-211G3.2,1.2269946489498065
RP11-211G3.3,0.0
RP11-211N11.5,0.0
RP11-211N8.2,0.0
RP11-211N8.3,0.0
RP11-211N8.5,0.0
RP11-211N8.6,0.0
RP11-211N8.7,0.0
RP11-212D19.4,0.0
RP11-212D19.5,0.0
RP11-212D3.2,0.0
RP11-212D3.4,0.0
RP11-212E8.1,0.0
RP11-212F11.1,0.0
RP11-212I21.2,0.0
RP11-212I21.4,0.0
RP11-212J19.1,0.0
RP11-212P7.1,0.0
RP11-212P7.2,0.0
RP11-212P7.3,0.0
RP11-213G2.1,0.0
RP11-213G2.2,0.0
RP11-213G2.3,0.0
RP11-213G2.5,0.0
RP11-213G21.1,0.0
RP11-213G21.2,0.0
RP11-213G6.2,0.0
RP11-213H15.1,0.0
RP11-213H15.4,0.0
RP11-213L8.1,0.0
RP11-213N20.1,0.0
RP11-214C8.2,0.0
RP11-214D15.2,0.0
RP11-214J9.1,0.0
RP11-214K3.18,0.0
RP11-214K3.19,1.3349544931480026
RP11-214K3.20,0.0
RP11-214K3.21,0.253644744093139
RP11-214K3.22,0.0
RP11-214K3.23,0.0
RP11-214K3.24,0.0
RP11-214K3.5,0.0
RP11-214L13.1,0.0
RP11-214L19.1,0.0
RP11-214N1.1,0.0
RP11-214N15.5,0.0
RP11-214N16.2,0.0
RP11-214N9.1,0.0
RP11-214O1.1,0.0
RP11-214O1.2,0.0
RP11-214O1.3,0.0
RP11-214O14.1,0.0
RP11-215A19.2,0.0
RP11-215A21.2,0.0
RP11-215C7.3,0.0
RP11-215D10.1,0.0
RP11-215E13.1,0.0
RP11-215E13.2,0.0
RP11-215G15.4,0.0
RP11-215G15.5,0.0
RP11-215H18.5,0.0
RP11-215H22.1,0.0
RP11-215I16.1,0.0
RP11-215N21.1,0.0
RP11-215P8.1,0.0
RP11-215P8.3,0.0
RP11-215P8.4,0.0
RP11-216B9.6,0.0
RP11-216F5.1,0.0
RP11-216L13.17,0.0
RP11-216L13.18,0.0
RP11-216L13.19,0.0
RP11-216M21.1,0.0
RP11-216M21.2,0.0
RP11-216M21.4,0.0
RP11-216M21.5,0.0
RP11-216M21.6,0.0
RP11-216M21.7,0.0
RP11-216N14.1,0.0
RP11-216N14.1,0.0
RP11-216N14.10,0.0
RP11-216N14.5,0.0
RP11-216N14.5,0.0
RP11-216N14.7,0.0
RP11-216N14.7,0.0
RP11-216N14.8,0.0
RP11-216N14.8,0.0
RP11-216N14.9,0.0
RP11-216N14.9,0.0
RP11-216N21.1,0.0
RP11-216N21.2,0.0
RP11-216P16.2,0.0
RP11-216P16.4,0.0
RP11-216P16.6,0.0
RP11-217B1.2,0.0
RP11-217B7.2,0.6204550963106681
RP11-217B7.3,0.0
RP11-217C7.1,0.0
RP11-217E13.1,0.0
RP11-217E22.5,0.0
RP11-217F16.1,0.0
RP11-217H19.1,0.0
RP11-217L21.1,0.0
RP11-217O12.1,0.0
RP11-218C14.2,0.0
RP11-218C14.5,0.0
RP11-218C14.8,0.0
RP11-218C23.1,0.0
RP11-218D6.3,0.0
RP11-218D6.4,0.0
RP11-218E15.1,0.0
RP11-218E20.2,0.0
RP11-218E20.3,0.0
RP11-218E20.5,0.0
RP11-218F10.3,0.0
RP11-218F4.1,0.0
RP11-218F4.2,0.0
RP11-218I7.2,0.0
RP11-218L14.4,0.0
RP11-218L14.4,0.0
RP11-218M11.1,0.0
RP11-218M11.3,0.0
RP11-218M11.6,0.0
RP11-218M22.1,0.0
RP11-218M22.2,0.0
RP11-219A15.1,0.0
RP11-219A15.2,0.0
RP11-219A15.3,0.0
RP11-219A15.4,0.0
RP11-219B17.1,0.0
RP11-219B17.2,0.253644744093139
RP11-219B4.3,0.0
RP11-219B4.5,0.0
RP11-219B4.6,0.0
RP11-219B4.7,0.0
RP11-219C20.1,0.0
RP11-219C20.3,0.0
RP11-219C24.10,0.0
RP11-219C24.6,0.0
RP11-219C24.8,0.0
RP11-219D15.3,0.0
RP11-219E7.1,0.0
RP11-219E7.2,0.0
RP11-219E7.3,0.0
RP11-219E7.4,0.0
RP11-219F10.1,0.0
RP11-219G10.1,0.0
RP11-219G17.4,0.0
RP11-219G17.6,0.0
RP11-219I21.1,0.0
RP11-219J21.1,0.0
RP11-219J21.2,0.0
RP11-219O3.2,0.0
RP11-21A7A.2,0.0
RP11-21A7A.3,0.0
RP11-21A7A.4,0.0
RP11-21B21.4,0.0
RP11-21B23.1,0.0
RP11-21B23.2,0.0
RP11-21B23.3,0.0
RP11-21C17.1,0.0
RP11-21C4.1,0.0
RP11-21C4.4,0.0
RP11-21C4.5,0.0
RP11-21G15.1,0.0
RP11-21G20.1,0.0
RP11-21G20.3,0.0
RP11-21G20.4,0.0
RP11-21I10.2,0.0
RP11-21I4.2,0.0
RP11-21J18.1,0.6204550963106681
RP11-21J7.1,0.0
RP11-21L1.1,0.0
RP11-21L19.1,0.0
RP11-21L19.1,0.0
RP11-21L23.2,0.0
RP11-21L23.3,0.0
RP11-21L23.4,0.0
RP11-21M24.2,0.0
RP11-21M24.3,0.253644744093139
RP11-21M7.2,0.0
RP11-220C2.1,0.0
RP11-220D10.1,0.0
RP11-220H4.2,0.0
RP11-220H4.2,0.0
RP11-220I1.1,0.0
RP11-220I1.2,0.0
RP11-220I1.4,0.0
RP11-220I1.5,0.0
RP11-221E20.4,0.0
RP11-221E20.5,0.0
RP11-221H10.1,0.0
RP11-221J22.1,0.0
RP11-221J22.2,0.0
RP11-221N13.2,0.0
RP11-221N13.3,0.0
RP11-221N13.4,0.0
RP11-222A11.1,0.866058549240148
RP11-222A5.1,0.0
RP11-222G7.2,0.0
RP11-222K16.1,0.0
RP11-222K16.2,0.0
RP11-222N13.1,0.0
RP11-222O23.1,0.0
RP11-223A3.1,0.0
RP11-223C24.1,0.0
RP11-223C24.2,0.0
RP11-223I10.1,0.0
RP11-223J15.2,0.0
RP11-223J6.1,0.0
RP11-223P11.2,0.0
RP11-223P11.3,0.0
RP11-224O19.2,0.0
RP11-224O19.4,0.0
RP11-224O19.5,0.0
RP11-224P11.1,0.0
RP11-225B17.1,0.0
RP11-225B17.2,0.0
RP11-225H22.4,0.0
RP11-225H22.5,0.0
RP11-225H22.7,0.0
RP11-225N10.1,0.0
RP11-225N10.3,0.0
RP11-226F19.1,0.0
RP11-226L15.1,0.0
RP11-226L15.5,0.0
RP11-226P1.1,0.0
RP11-226P1.2,0.0
RP11-226P1.3,0.0
RP11-227B21.2,0.0
RP11-227D13.1,0.0
RP11-227D13.2,0.0
RP11-227D13.4,0.0
RP11-227D2.3,0.0
RP11-227F19.1,0.0
RP11-227F19.2,0.0
RP11-227F19.5,0.0
RP11-227F8.2,0.0
RP11-227G15.2,0.0
RP11-227G15.3,0.0
RP11-227G15.5,0.0
RP11-227G15.6,0.0
RP11-227G15.8,0.0
RP11-227G15.9,0.0
RP11-227H15.4,0.0
RP11-227H15.5,0.0
RP11-227H15.7,0.0
RP11-227H4.1,0.0
RP11-227H4.5,1.0829908296976
RP11-227J5.3,0.0
RP11-227P3.1,0.0
RP11-227P3.1,0.0
RP11-228B15.4,0.0
RP11-228G3.1,0.0
RP11-228O6.2,0.0
RP11-229A12.2,0.0
RP11-229C3.2,0.0
RP11-229C3.4,0.0
RP11-229M1.2,0.0
RP11-229P13.15,0.0
RP11-229P13.19,0.0
RP11-229P13.2,0.0
RP11-229P13.20,0.0
RP11-229P13.22,0.0
RP11-229P13.23,0.0
RP11-229P13.25,0.0
RP11-22A3.1,0.0
RP11-22A3.2,0.0
RP11-22B10.3,0.0
RP11-22B10.3,0.0
RP11-22B23.1,0.0
RP11-22B23.2,0.0
RP11-22C11.1,0.0
RP11-22C11.2,0.0
RP11-22C8.1,0.0
RP11-22D3.1,0.0
RP11-22D3.2,0.0
RP11-22H5.2,0.0
RP11-22K10.1,0.0
RP11-22L13.1,0.0
RP11-22M7.2,0.0
RP11-22N12.2,0.0
RP11-22N19.2,0.0
RP11-22P4.1,0.0
RP11-22P4.2,0.0
RP11-22P6.2,0.0
RP11-22P6.3,0.0
RP11-230B22.1,0.0
RP11-230C9.1,0.0
RP11-230C9.2,0.0
RP11-230C9.3,0.0
RP11-230C9.4,0.0
RP11-230G5.2,0.0
RP11-230L22.4,0.0
RP11-231C14.3,0.4127178969233909
RP11-231C14.4,0.7603920768618123
RP11-231C14.5,0.0
RP11-231C14.6,0.0
RP11-231C18.1,0.0
RP11-231C18.2,0.0
RP11-231D20.2,0.0
RP11-231E19.1,0.0
RP11-231E4.2,0.0
RP11-231E4.3,0.0
RP11-231E6.1,1.7522684493138374
RP11-231G15.1,0.0
RP11-231G15.2,0.0
RP11-231G15.3,0.0
RP11-231G3.1,0.0
RP11-231I13.2,0.0
RP11-231I16.1,1.6418345900426288
RP11-231K24.2,0.0
RP11-231L11.1,0.0
RP11-231L11.3,0.0
RP11-231N3.1,0.0
RP11-231N9.1,0.0
RP11-231P20.2,0.0
RP11-231P20.5,0.0
RP11-232A1.2,0.0
RP11-232C2.1,0.0
RP11-232C2.2,0.0
RP11-232C2.3,0.0
RP11-232D9.1,0.0
RP11-232D9.1,0.0
RP11-232D9.2,0.0
RP11-232D9.2,0.0
RP11-232D9.3,0.0
RP11-232D9.3,0.0
RP11-232D9.4,0.0
RP11-232D9.4,0.0
RP11-232L2.1,0.0
RP11-232L2.2,0.0
RP11-232M24.1,0.0
RP11-233E12.1,0.0
RP11-233E12.2,0.0
RP11-233E12.4,0.0
RP11-233G1.4,0.0
RP11-234A1.1,2.079144757918472
RP11-234B24.2,0.0
RP11-234B24.4,0.0
RP11-234B24.5,0.0
RP11-234B24.6,0.0
RP11-234K19.1,0.0
RP11-234K24.3,0.0
RP11-234N17.1,0.0
RP11-234O6.2,0.0
RP11-234P3.2,0.0
RP11-234P3.2,0.0
RP11-234P3.4,0.0
RP11-234P3.4,0.0
RP11-235C23.5,0.0
RP11-235D19.2,0.0
RP11-235D19.3,0.0
RP11-235E17.3,0.0
RP11-235E17.4,0.0
RP11-235E17.5,0.0
RP11-235E17.6,0.0
RP11-235G24.1,0.0
RP11-235G24.2,0.0
RP11-235G24.3,0.0
RP11-235P11.1,0.0
RP11-236B18.2,0.0
RP11-236B18.5,0.0
RP11-236F9.2,0.0
RP11-236J17.3,0.0
RP11-236J17.5,0.0
RP11-236J17.6,0.0
RP11-236L14.1,0.0
RP11-236P13.1,0.0
RP11-236P24.1,0.0
RP11-236P24.1,0.0
RP11-236P24.3,0.0
RP11-236P24.3,0.0
RP11-237D3.1,0.0
RP11-237M21.1,0.0
RP11-237P21.1,0.0
RP11-238F2.1,0.0
RP11-238I10.1,0.0
RP11-238K6.1,0.0
RP11-238K6.2,0.0
RP11-239A17.1,0.0
RP11-239E10.2,0.0
RP11-239E10.3,0.0
RP11-239H6.2,0.0
RP11-239L20.3,0.0
RP11-239L20.6,0.0
RP11-23A22.1,0.0
RP11-23B15.1,0.0
RP11-23B5.1,0.0
RP11-23B7.3,0.0
RP11-23B7.4,0.0
RP11-23D24.2,0.0
RP11-23D5.1,0.0
RP11-23E10.2,0.0
RP11-23E10.3,0.0
RP11-23E10.4,0.0
RP11-23E10.5,0.0
RP11-23E19.1,0.0
RP11-23E19.2,0.0
RP11-23F23.2,0.0
RP11-23F23.3,0.0
RP11-23I7.1,0.0
RP11-23J18.1,0.0
RP11-23J9.3,0.0
RP11-23J9.4,0.0
RP11-23J9.5,2.0932684256984704
RP11-23J9.6,0.0
RP11-23J9.7,0.0
RP11-23N2.4,0.0
RP11-23O13.1,0.0
RP11-23P13.4,0.0
RP11-23P13.6,0.0
RP11-23P13.7,0.0
RP11-240A16.1,0.0
RP11-240D10.4,0.0
RP11-240E2.2,0.0
RP11-240G22.1,0.0
RP11-240L7.4,0.0
RP11-240M16.1,0.0
RP11-241F15.1,0.0
RP11-241F15.10,0.0
RP11-241F15.3,0.0
RP11-241F15.5,0.0
RP11-241F15.6,0.0
RP11-241F15.7,0.0
RP11-241F15.9,0.0
RP11-241G9.3,0.0
RP11-241G9.3,0.0
RP11-241I20.1,0.0
RP11-241I20.4,0.0
RP11-241I20.5,0.0
RP11-241J12.1,0.0
RP11-241J12.3,0.0
RP11-241K18.2,0.0
RP11-241N4.2,0.0
RP11-242C19.2,0.0
RP11-242C24.2,0.0
RP11-242C24.3,0.0
RP11-242D8.1,0.0
RP11-242D8.2,0.0
RP11-242D8.3,0.0
RP11-242F11.2,0.0
RP11-242F24.1,0.0
RP11-242F4.2,0.0
RP11-242G20.1,0.0
RP11-242J7.1,0.0
RP11-242O24.3,0.0
RP11-242O24.5,0.0
RP11-242P2.1,0.0
RP11-242P2.2,0.0
RP11-243A14.1,0.253644744093139
RP11-243A14.2,0.0
RP11-243A14.3,0.0
RP11-243E13.1,0.0
RP11-243E13.2,0.0
RP11-243J16.7,0.0
RP11-243J16.8,0.0
RP11-243J18.2,0.0
RP11-243M12.1,0.0
RP11-243M5.1,0.0
RP11-244B22.1,0.0
RP11-244B22.11,0.0
RP11-244B22.12,0.0
RP11-244B22.13,0.0
RP11-244B22.14,0.0
RP11-244B22.3,0.0
RP11-244B22.5,0.0
RP11-244B22.6,0.0
RP11-244B22.7,0.0
RP11-244F12.1,0.0
RP11-244F12.2,0.0
RP11-244F12.3,0.0
RP11-244H18.1,0.0
RP11-244H18.3,0.0
RP11-244H18.4,0.0
RP11-244H3.1,0.0
RP11-244J10.1,0.0
RP11-244K5.6,0.0
RP11-244K5.7,0.0
RP11-244K5.8,0.0
RP11-244N20.7,0.0
RP11-244N20.7,0.0
RP11-244N9.4,0.0
RP11-244N9.6,0.0
RP11-244O19.1,0.0
RP11-245A18.1,0.0
RP11-245C17.2,0.0
RP11-245C23.3,0.0
RP11-245G13.1,0.0
RP11-245G13.2,0.0
RP11-245J24.1,1.825043511578913
RP11-245J9.4,0.0
RP11-245J9.5,0.0
RP11-245J9.6,0.0
RP11-245M24.1,0.0
RP11-245P10.4,0.0
RP11-245P10.6,0.0
RP11-245P10.8,0.0
RP11-246A10.1,0.0
RP11-246K15.1,0.0
RP11-247A12.1,0.0
RP11-247A12.2,0.0
RP11-247A12.7,0.0
RP11-247A12.8,0.0
RP11-247C2.1,0.0
RP11-247C2.2,0.0
RP11-247I13.11,0.0
RP11-247I13.3,0.0
RP11-247I13.6,0.0
RP11-247I13.8,0.0
RP11-247L20.3,0.0
RP11-247L20.4,1.864435233988068
RP11-248B24.4,0.0
RP11-248C1.3,0.0
RP11-248D7.2,0.0
RP11-248E9.1,0.0
RP11-248E9.4,0.0
RP11-248E9.5,0.0
RP11-248E9.6,0.0
RP11-248E9.7,0.0
RP11-248G5.8,0.0
RP11-248I9.2,0.0
RP11-248J18.2,1.380296600302216
RP11-248J18.3,0.0
RP11-248J23.5,0.0
RP11-248J23.6,0.0
RP11-248J23.7,0.253644744093139
RP11-248N22.1,0.0
RP11-248N22.2,0.0
RP11-249C24.10,1.7929621417944026
RP11-249C24.11,0.0
RP11-249L21.2,0.0
RP11-249L21.4,0.0
RP11-249M12.2,0.0
RP11-24B13.1,0.0
RP11-24B13.2,0.0
RP11-24B19.3,0.0
RP11-24B19.4,0.0
RP11-24C14.1,0.0
RP11-24C3.2,0.0
RP11-24D15.1,0.0
RP11-24F11.2,0.0
RP11-24H1.1,0.0
RP11-24I21.1,0.0
RP11-24J19.1,0.0
RP11-24J23.2,0.0
RP11-24M17.3,0.0
RP11-24M17.4,0.0
RP11-24M17.5,0.0
RP11-24N18.1,0.0
RP11-24P14.1,0.0
RP11-24P4.1,0.0
RP11-250B16.1,0.0
RP11-250B2.2,0.0
RP11-250B2.3,1.3018627585701523
RP11-250B2.5,0.0
RP11-250B2.6,0.0
RP11-250H24.2,0.0
RP11-250H24.4,0.0
RP11-250H24.6,0.0
RP11-251G23.2,0.0
RP11-251G23.5,0.0
RP11-251M1.1,0.0
RP11-251P6.1,0.0
RP11-252A24.2,0.253644744093139
RP11-252A24.3,0.0
RP11-252A24.5,0.0
RP11-252A24.7,3.175940592230015
RP11-252C15.1,0.0
RP11-252C24.2,0.0
RP11-252E2.1,0.0
RP11-252E2.2,0.0
RP11-252I13.1,0.0
RP11-252I13.2,0.0
RP11-252I14.1,1.8146108385283355
RP11-252I14.2,0.0
RP11-252K23.1,0.0
RP11-252K23.2,0.0
RP11-252M18.3,0.0
RP11-252M21.6,0.0
RP11-252O18.2,0.0
RP11-252O18.3,0.253644744093139
RP11-252O2.2,0.0
RP11-252P18.1,0.0
RP11-252P19.1,0.0
RP11-252P19.2,0.0
RP11-253A20.1,0.0
RP11-253D19.1,0.0
RP11-253D19.2,0.0
RP11-253E3.1,0.0
RP11-253E3.3,0.0
RP11-253I19.3,0.0
RP11-253I19.4,0.0
RP11-253M7.1,0.0
RP11-253M7.3,0.0
RP11-253M7.4,0.0
RP11-253M7.6,0.0
RP11-254A17.1,0.0
RP11-254B13.1,0.0
RP11-254B13.3,0.253644744093139
RP11-254B13.4,0.0
RP11-254F19.2,0.0
RP11-254F19.3,0.0
RP11-254F7.1,0.0
RP11-254F7.2,0.0
RP11-254F7.3,0.0
RP11-254F7.4,0.0
RP11-254G11.1,0.253644744093139
RP11-254I22.1,0.0
RP11-254I22.2,0.0
RP11-254I22.3,0.0
RP11-255A11.2,0.0
RP11-255A11.21,0.0
RP11-255A11.4,0.0
RP11-255B23.1,0.0
RP11-255B23.4,0.0
RP11-255C15.3,0.0
RP11-255C15.4,0.0
RP11-255E6.5,0.0
RP11-255E6.6,0.0
RP11-255G12.2,0.0
RP11-255G12.3,0.0
RP11-255G21.1,0.0
RP11-255H23.2,0.0
RP11-255H23.3,0.0
RP11-255H23.4,0.0
RP11-255I10.1,0.0
RP11-255I10.2,0.0
RP11-255J3.2,0.0
RP11-255J3.3,0.0
RP11-255L13.1,0.0
RP11-255M2.1,0.0
RP11-255M2.2,0.0
RP11-255M6.1,0.0
RP11-255N24.1,0.0
RP11-255N24.4,0.0
RP11-255P5.2,0.0
RP11-256G5.1,0.0
RP11-256I23.1,0.0
RP11-256I23.2,0.0
RP11-256I23.3,0.0
RP11-256I9.2,0.0
RP11-256I9.3,0.0
RP11-256K7.1,0.0
RP11-256L11.1,0.0
RP11-256L11.3,0.0
RP11-256L6.2,0.0
RP11-256L6.3,0.0
RP11-256L6.4,0.0
RP11-256P1.1,0.0
RP11-257A22.1,0.0
RP11-257I14.1,0.0
RP11-257I8.1,0.0
RP11-257I8.2,0.0
RP11-257K9.3,0.0
RP11-257K9.8,0.0
RP11-257P3.3,0.0
RP11-258B16.1,0.0
RP11-258C19.4,0.0
RP11-258C19.4,0.0
RP11-258C19.5,0.0
RP11-258C19.5,0.0
RP11-258C19.7,0.0
RP11-258C19.7,0.0
RP11-258F1.1,0.0
RP11-258F22.1,0.0
RP11-258F22.2,0.0
RP11-258J10.1,0.0
RP11-258O13.1,0.0
RP11-259A24.1,0.0
RP11-259F16.3,0.0
RP11-259G18.1,0.0
RP11-259G18.2,0.0
RP11-259G18.3,0.0
RP11-259K15.2,0.0
RP11-259K5.1,0.0
RP11-259K5.2,0.0
RP11-259N19.1,0.0
RP11-259O18.4,0.0
RP11-259O2.1,1.3349544931480026
RP11-259O2.2,2.152903779930327
RP11-259O2.3,0.0
RP11-259P1.1,0.0
RP11-259P15.1,0.0
RP11-259P15.3,0.0
RP11-259P15.4,0.0
RP11-259P20.1,0.0
RP11-259P6.3,0.0
RP11-25B7.1,0.0
RP11-25C15.1,0.0
RP11-25C19.3,0.0
RP11-25D10.1,0.0
RP11-25D10.2,0.0
RP11-25D3.1,0.0
RP11-25E2.1,0.0
RP11-25G10.2,0.0
RP11-25H11.1,0.0
RP11-25H12.1,0.0
RP11-25I11.1,0.0
RP11-25I15.1,0.0
RP11-25I15.2,0.0
RP11-25I15.3,0.0
RP11-25I9.2,0.0
RP11-25J3.2,0.0
RP11-25K19.1,0.0
RP11-25K21.1,0.0
RP11-25K21.6,0.0
RP11-25L3.3,0.0
RP11-25L5.2,0.0
RP11-25O10.2,0.0
RP11-25O3.1,0.0
RP11-25P11.2,0.0
RP11-260A9.1,0.0
RP11-260A9.4,0.0
RP11-260A9.6,0.0
RP11-260E18.1,0.0
RP11-260G13.1,0.0
RP11-260M19.1,0.0
RP11-260M19.2,0.0
RP11-260M2.1,1.6092026860167012
RP11-260O18.1,0.0
RP11-261B23.1,0.0
RP11-261B23.2,0.0
RP11-261C10.1,0.0
RP11-261C10.2,0.8164310788769841
RP11-261C10.3,0.4127178969233909
RP11-261C10.4,0.0
RP11-261C10.5,0.0
RP11-261C10.7,0.0
RP11-261N11.8,0.0
RP11-261P24.2,0.0
RP11-261P9.4,0.0
RP11-262A12.1,0.0
RP11-262D11.1,0.0
RP11-262D11.2,0.0
RP11-262H14.1,1.380296600302216
RP11-262H14.11,0.0
RP11-262H14.3,0.0
RP11-262H14.4,0.0
RP11-262H14.5,0.0
RP11-262H14.7,0.0
RP11-262I2.2,0.0
RP11-262K1.1,0.0
RP11-262M14.2,0.0
RP11-263C16.2,0.0
RP11-263C24.1,0.0
RP11-263C24.3,0.0
RP11-263E1.1,0.0
RP11-263F14.3,0.0
RP11-263I1.1,0.0
RP11-263K19.4,0.5288907918624668
RP11-263K19.6,0.0
RP11-263K19.8,0.0
RP11-263K4.1,0.0
RP11-263K4.3,0.0
RP11-263K4.4,0.0
RP11-263K4.5,0.0
RP11-264A11.1,0.0
RP11-264B14.1,0.0
RP11-264B14.2,0.0
RP11-264B17.2,0.0
RP11-264B17.3,0.0
RP11-264B17.4,0.0
RP11-264B17.5,0.0
RP11-264C15.2,0.0
RP11-264E18.1,0.0
RP11-264E20.1,0.0
RP11-264E20.2,0.0
RP11-264E23.1,0.0
RP11-264F23.1,0.0
RP11-264F23.3,0.0
RP11-264F23.4,0.0
RP11-264I13.2,0.253644744093139
RP11-264K23.1,0.0
RP11-264L1.3,0.0
RP11-264L1.4,2.431230585097085
RP11-264M12.2,0.253644744093139
RP11-265B8.5,0.0
RP11-265D17.2,0.0
RP11-265D19.6,0.0
RP11-265D19.6,0.0
RP11-265D19.7,0.0
RP11-265D19.7,0.0
RP11-265D20.1,0.0
RP11-265E18.1,0.0
RP11-265F19.1,0.0
RP11-265G8.3,0.0
RP11-265N6.1,0.0
RP11-265N6.2,0.0
RP11-265N6.3,0.0
RP11-265N6.4,0.0
RP11-265N7.1,0.0
RP11-265N7.2,0.0
RP11-265O12.1,0.0
RP11-265P11.1,0.0
RP11-265P11.2,0.0
RP11-266A24.1,0.0
RP11-266E14.1,0.0
RP11-266E16.1,0.0
RP11-266E6.3,0.0
RP11-266E8.2,0.0
RP11-266I3.1,0.0
RP11-266I3.5,0.0
RP11-266I3.7,0.0
RP11-266J6.2,0.0
RP11-266K22.2,0.6204550963106681
RP11-266K4.1,0.0
RP11-266K4.9,0.0
RP11-266L9.1,0.0
RP11-266L9.2,0.0
RP11-266L9.3,0.0
RP11-266L9.4,0.0
RP11-266L9.5,0.0
RP11-266L9.6,0.0
RP11-266N13.2,0.0
RP11-266O15.3,0.0
RP11-266O15.4,0.0
RP11-266O8.1,0.0
RP11-267A15.1,0.0
RP11-267A15.3,0.0
RP11-267C16.1,0.0
RP11-267C16.2,0.0
RP11-267D19.1,0.0
RP11-267D19.2,0.0
RP11-267J23.1,0.0
RP11-267J23.4,0.0
RP11-267L5.1,0.0
RP11-267M23.3,0.0
RP11-267M23.4,0.0
RP11-267M23.5,0.0
RP11-267M23.6,0.0
RP11-267M23.7,0.0
RP11-267N12.1,0.0
RP11-267N12.2,0.0
RP11-267N12.3,0.0
RP11-268E23.2,0.0
RP11-268F1.3,0.0
RP11-268G12.1,0.0
RP11-268G12.2,0.0
RP11-268G12.3,0.0
RP11-268G13.1,0.0
RP11-268I9.1,0.253644744093139
RP11-268I9.3,0.0
RP11-268I9.4,0.0
RP11-268J15.5,0.0
RP11-268P4.2,0.0
RP11-268P4.4,0.0
RP11-268P4.5,0.4127178969233909
RP11-269C4.1,0.0
RP11-269C4.2,0.0
RP11-269F19.2,0.0
RP11-269F20.1,0.0
RP11-269F21.1,0.253644744093139
RP11-269F21.2,0.0
RP11-269F21.3,0.0
RP11-269G24.2,0.0
RP11-269G24.3,0.0
RP11-269G24.4,0.0
RP11-269G24.6,0.0
RP11-269G24.7,0.0
RP11-269G24.8,0.0
RP11-269M20.1,0.0
RP11-269M20.2,0.0
RP11-269M20.3,0.0
RP11-26C10.1,0.0
RP11-26E5.1,0.0
RP11-26F2.1,0.0
RP11-26F2.2,0.0
RP11-26H16.1,0.0
RP11-26J3.1,0.0
RP11-26J3.3,0.0
RP11-26L16.1,0.0
RP11-26L20.3,0.0
RP11-26L20.4,0.0
RP11-26M5.2,0.0
RP11-26M5.3,0.0
RP11-26N15.2,0.0
RP11-26O3.1,0.0
RP11-26P13.2,0.0
RP11-270B14.1,0.0
RP11-270C12.3,0.253644744093139
RP11-270F18.2,0.0
RP11-270L13.1,0.0
RP11-270M14.1,0.0
RP11-270M14.4,0.0
RP11-270M14.5,0.0
RP11-271C24.2,0.0
RP11-271C24.3,0.0
RP11-271F18.1,0.0
RP11-271F18.4,0.0
RP11-271K11.1,0.0
RP11-271K11.5,0.0
RP11-271K21.11,0.0
RP11-271M24.2,0.0
RP11-271O3.1,0.0
RP11-272B17.1,0.0
RP11-272B17.2,0.0
RP11-272D12.1,0.0
RP11-272D12.2,0.0
RP11-272D20.2,0.0
RP11-272G22.1,0.0
RP11-272G22.1,0.0
RP11-272G22.2,0.0
RP11-272G22.2,0.0
RP11-272G22.3,0.0
RP11-272G22.3,0.0
RP11-272J7.4,0.0
RP11-272J7.6,0.0
RP11-272K23.3,0.0
RP11-272K23.4,0.0
RP11-272L13.2,0.0
RP11-272L13.3,0.0
RP11-272L13.4,0.0
RP11-272P10.2,0.253644744093139
RP11-272P10.3,0.0
RP11-273B19.1,0.0
RP11-273B19.2,0.0
RP11-273B20.1,0.0
RP11-273B20.3,0.0
RP11-273G15.2,0.0
RP11-273P3.1,0.0
RP11-274B18.2,0.0
RP11-274B18.3,0.0
RP11-274B18.4,0.0
RP11-274B21.1,1.266040025979822
RP11-274B21.10,0.0
RP11-274B21.2,0.0
RP11-274B21.3,0.0
RP11-274B21.4,0.0
RP11-274B21.5,0.0
RP11-274B21.7,0.0
RP11-274B21.8,2.2343963332378305
RP11-274B21.9,0.0
RP11-274E7.1,0.0
RP11-274E7.2,0.0
RP11-274H2.2,0.0
RP11-274H2.3,0.0
RP11-274H2.5,0.0
RP11-274H24.1,0.0
RP11-274J15.2,0.0
RP11-274J16.5,0.0
RP11-274J2.1,0.0
RP11-274J7.2,0.0
RP11-274J7.3,0.0
RP11-274K13.5,0.0
RP11-274K13.5,0.0
RP11-274M17.1,0.0
RP11-274M17.2,0.0
RP11-274M17.3,0.0
RP11-274M4.1,0.0
RP11-275F13.1,0.0
RP11-275F13.3,0.0
RP11-275H4.1,1.9685710603681643
RP11-275I14.2,0.0
RP11-275I14.4,0.0
RP11-275I4.1,0.0
RP11-275I4.2,0.0
RP11-275N1.1,0.0
RP11-275O18.1,0.0
RP11-275O4.3,0.0
RP11-275O4.4,0.0
RP11-276E15.4,0.0
RP11-276E17.2,0.0
RP11-276H1.2,0.0
RP11-276H1.3,0.0
RP11-276H19.1,2.007512212023229
RP11-276H19.2,0.0
RP11-276H19.4,0.0
RP11-276H7.2,0.0
RP11-276H7.3,0.0
RP11-276M12.1,0.0
RP11-277A4.4,0.0
RP11-277B15.1,0.0
RP11-277B15.2,0.0
RP11-277B15.3,0.0
RP11-277E18.2,0.0
RP11-277I20.2,0.0
RP11-277I20.3,0.0
RP11-277J24.1,0.0
RP11-277J6.2,0.0
RP11-277J6.3,0.0
RP11-277K23.1,0.0
RP11-277L2.3,0.0
RP11-277L2.4,0.0
RP11-277L2.5,0.0
RP11-277L2.6,0.0
RP11-277P12.10,0.0
RP11-277P12.20,0.0
RP11-277P12.9,0.0
RP11-278A23.2,0.0
RP11-278C7.1,0.0
RP11-278C7.2,0.0
RP11-278H7.1,0.0
RP11-278H7.3,0.0
RP11-278H7.4,0.0
RP11-278I4.1,0.0
RP11-278I4.2,0.0
RP11-278J20.2,0.0
RP11-278J6.1,0.0
RP11-278L15.2,0.0
RP11-278L15.3,0.0
RP11-278L15.4,0.0
RP11-278L15.6,0.0
RP11-279E1.1,0.0
RP11-279F6.1,0.0
RP11-279F6.2,0.0
RP11-279F6.3,0.0
RP11-279L11.1,0.0
RP11-279N8.1,0.0
RP11-279O17.1,0.0
RP11-279O17.2,0.0
RP11-279O17.3,0.0
RP11-279O9.4,0.0
RP11-27G13.1,0.0
RP11-27G13.3,0.0
RP11-27G13.4,0.0
RP11-27G13.5,0.0
RP11-27G22.1,0.0
RP11-27G24.1,0.0
RP11-27G24.3,0.0
RP11-27I1.4,0.0
RP11-27I1.6,0.0
RP11-27K13.3,0.0
RP11-27M24.1,0.0
RP11-27M24.2,0.0
RP11-27M24.3,0.0
RP11-27M5.1,0.0
RP11-27M9.1,0.0
RP11-27N21.3,0.0
RP11-27P7.1,0.0
RP11-280G9.1,0.0
RP11-280H21.1,0.0
RP11-280K24.1,0.0
RP11-280K24.4,0.0
RP11-280K24.6,0.0
RP11-280O1.2,0.0
RP11-280O24.1,0.0
RP11-280O24.3,0.0
RP11-281A20.1,1.7984763234491472
RP11-281A20.2,0.0
RP11-281B1.2,0.0
RP11-281H11.1,0.0
RP11-281J9.1,0.0
RP11-281J9.2,0.0
RP11-281N10.1,0.0
RP11-281O15.2,0.0
RP11-281O15.4,0.0
RP11-281O15.5,0.0
RP11-281O15.7,0.0
RP11-281O15.8,0.0
RP11-281P11.1,0.0
RP11-281P23.1,0.0
RP11-281P23.2,0.0
RP11-282C5.1,0.0
RP11-282E4.1,0.0
RP11-282I1.1,0.0
RP11-282I1.2,0.0
RP11-282K24.1,0.0
RP11-282K24.2,0.0
RP11-282K24.3,0.0
RP11-282M16.1,0.0
RP11-282O18.3,0.253644744093139
RP11-282O18.6,0.0
RP11-282O18.7,0.0
RP11-283C24.1,0.253644744093139
RP11-283C24.2,0.0
RP11-283G6.3,0.0
RP11-283G6.4,0.0
RP11-283G6.5,0.0
RP11-283I3.1,0.0
RP11-283I3.2,0.0
RP11-283I3.4,0.0
RP11-283I3.6,1.0829908296976
RP11-284A20.1,0.0
RP11-284A20.2,0.0
RP11-284A20.3,0.0
RP11-284B18.3,0.0
RP11-284F21.10,0.0
RP11-284F21.11,0.0
RP11-284F21.7,0.0
RP11-284F21.8,0.0
RP11-284F21.9,0.0
RP11-284G10.1,0.0
RP11-284H18.1,0.0
RP11-284H19.1,0.0
RP11-284J1.1,0.0
RP11-284L19.1,0.0
RP11-284M14.1,0.0
RP11-284N8.3,0.0
RP11-284P20.3,0.0
RP11-285A1.1,0.0
RP11-285A15.1,0.0
RP11-285A18.2,0.0
RP11-285B24.1,0.0
RP11-285C1.2,0.0
RP11-285E9.5,0.0
RP11-285E9.5,0.0
RP11-285E9.6,0.0
RP11-285E9.6,0.0
RP11-285F16.1,0.5288907918624668
RP11-285F7.2,1.2843206418841475
RP11-285G1.14,0.0
RP11-285G1.2,0.0
RP11-285G1.9,0.0
RP11-285J16.1,0.0
RP11-285M22.1,0.0
RP11-285M22.1,0.0
RP11-285M22.2,0.0
RP11-285M22.2,0.0
RP11-285M22.3,0.0
RP11-285M22.3,0.0
RP11-286B14.1,0.0
RP11-286B14.2,0.0
RP11-286B5.1,0.0
RP11-286E11.1,0.0
RP11-286E11.2,0.0
RP11-286H14.1,0.0
RP11-286H14.2,0.0
RP11-286H14.3,0.0
RP11-286H14.4,0.0
RP11-286H14.6,0.0
RP11-286H14.8,0.0
RP11-286H15.1,0.0
RP11-286M16.1,0.0
RP11-286N22.10,0.0
RP11-286N22.8,0.0
RP11-286N3.1,0.0
RP11-286N3.2,0.0
RP11-286O18.1,0.0
RP11-287D1.3,0.0
RP11-287F9.1,0.0
RP11-287F9.2,0.0
RP11-287J9.1,0.0
RP11-288C17.1,0.0
RP11-288C17.3,0.0
RP11-288D15.1,0.0
RP11-288E14.2,0.0
RP11-288G11.3,0.0
RP11-288G3.3,0.0
RP11-288G3.4,0.0
RP11-288H12.3,0.0
RP11-288H12.4,0.0
RP11-288I21.1,0.0
RP11-288K12.1,0.0
RP11-288L9.1,0.0
RP11-288L9.4,0.0
RP11-289A15.1,1.9048594511354124
RP11-289E15.1,0.0
RP11-289F5.1,0.0
RP11-289H16.1,0.0
RP11-289H16.1,0.0
RP11-289I10.2,0.0
RP11-289I10.2,0.0
RP11-289I10.3,0.0
RP11-289I10.3,0.0
RP11-289K10.1,0.0
RP11-28B23.1,0.0
RP11-28F1.2,0.0
RP11-28G8.1,0.0
RP11-28H5.2,0.0
RP11-28O3.1,0.0
RP11-28O3.2,0.0
RP11-28P17.3,0.0
RP11-290C10.1,0.0
RP11-290D2.3,0.0
RP11-290D2.5,0.0
RP11-290D2.6,0.0
RP11-290F20.1,0.253644744093139
RP11-290F20.2,0.0
RP11-290F20.3,0.0
RP11-290F24.3,0.0
RP11-290F24.6,0.0
RP11-290F5.1,0.0
RP11-290F5.2,0.0
RP11-290H9.4,0.0
RP11-290I21.2,0.0
RP11-290K4.1,0.0
RP11-290K4.2,0.0
RP11-290L1.2,0.0
RP11-290L1.3,0.0
RP11-290L1.4,0.0
RP11-290L1.5,0.0
RP11-290L1.6,0.0
RP11-290L1.7,0.0
RP11-290L7.2,0.0
RP11-290L7.3,0.0
RP11-290L7.5,0.0
RP11-290M5.2,0.0
RP11-290M5.4,0.0
RP11-290O12.1,0.0
RP11-290P14.2,0.0
RP11-291B21.2,0.0
RP11-291C6.1,0.0
RP11-291H24.1,0.0
RP11-291J9.1,0.0
RP11-291J9.2,0.0
RP11-291L19.1,0.0
RP11-291L22.4,0.0
RP11-291O7.1,0.0
RP11-292B1.2,0.0
RP11-292B8.1,0.0
RP11-292B8.2,0.0
RP11-292D4.1,0.0
RP11-292D4.2,0.0
RP11-292D4.3,0.0
RP11-292E2.1,0.0
RP11-292E2.2,0.0
RP11-292E2.4,0.0
RP11-292F22.5,0.0
RP11-292F22.5,0.0
RP11-292F22.7,0.0
RP11-292F22.7,0.0
RP11-292F9.1,0.0
RP11-292F9.2,0.0
RP11-292I17.1,0.0
RP11-292K15.1,0.0
RP11-293A10.3,0.0
RP11-293A21.1,0.0
RP11-293A21.2,0.0
RP11-293B20.2,0.0
RP11-293B20.3,0.0
RP11-293B7.1,0.0
RP11-293D9.2,0.0
RP11-293E1.1,0.0
RP11-293E1.2,0.0
RP11-293F5.1,0.0
RP11-293F5.8,0.0
RP11-293G6__A.2,0.0
RP11-293G6__A.3,0.0
RP11-293G6__B.2,0.0
RP11-293G6__B.4,0.0
RP11-293G6__B.8,0.0
RP11-293I14.2,0.0
RP11-293K19.1,0.0
RP11-293M10.1,0.0
RP11-293M10.2,0.6204550963106681
RP11-293M10.4,0.0
RP11-293M10.5,1.434214011430753
RP11-293M10.6,1.1840889676042927
RP11-293N14.1,0.0
RP11-293P20.2,0.0
RP11-293P20.4,0.0
RP11-294J22.5,0.0
RP11-294J22.6,0.0
RP11-294L11.1,0.0
RP11-294L13.1,0.0
RP11-294O2.1,0.0
RP11-294O2.2,0.0
RP11-295B17.6,0.0
RP11-295D22.1,0.0
RP11-295D4.1,0.0
RP11-295G12.1,0.0
RP11-295G20.2,0.0
RP11-295G24.4,0.0
RP11-295G24.5,0.0
RP11-295H24.3,0.0
RP11-295J3.3,0.0
RP11-295K2.3,0.0
RP11-295K3.1,0.0
RP11-295M18.2,0.0
RP11-295M18.6,0.0
RP11-295M3.2,0.0
RP11-295P22.1,0.0
RP11-295P22.2,0.0
RP11-295P9.12,0.0
RP11-295P9.2,0.0
RP11-295P9.3,0.0
RP11-295P9.6,0.0
RP11-295P9.8,0.0
RP11-296A16.1,0.0
RP11-296A18.3,0.0
RP11-296A18.5,0.0
RP11-296A18.6,0.0
RP11-296C13.1,0.0
RP11-296E23.1,0.253644744093139
RP11-296E23.2,0.0
RP11-296E7.1,0.0
RP11-296I10.3,0.0
RP11-296I10.5,0.0
RP11-296I10.6,0.0
RP11-296K13.4,0.0
RP11-296L20.1,0.0
RP11-296L22.7,0.0
RP11-296L22.8,0.0
RP11-296O14.1,0.0
RP11-296O14.2,0.0
RP11-296O14.3,1.9831386597707368
RP11-296P7.4,0.0
RP11-297A16.2,0.0
RP11-297B17.2,0.0
RP11-297B17.3,0.0
RP11-297C4.1,0.0
RP11-297C4.2,0.0
RP11-297C4.3,0.0
RP11-297D21.2,0.0
RP11-297D21.4,0.0
RP11-297H3.3,0.0
RP11-297H3.4,0.0
RP11-297J22.1,0.0
RP11-297K7.1,0.0
RP11-297K8.2,0.0
RP11-297L17.2,0.0
RP11-297L17.3,0.0
RP11-297L17.4,0.0
RP11-297L17.6,0.0
RP11-297L6.1,0.0
RP11-297L6.2,0.0
RP11-297M9.1,0.0
RP11-297M9.2,1.4588540253591942
RP11-297N6.4,0.0
RP11-297P16.3,0.0
RP11-297P16.4,0.0
RP11-298A8.2,0.0
RP11-298A8.2,0.0
RP11-298C3.2,0.253644744093139
RP11-298D21.1,0.0
RP11-298D21.2,0.0
RP11-298D21.3,0.0
RP11-298E10.1,0.0
RP11-298E2.2,0.0
RP11-298E9.5,0.0
RP11-298E9.6,0.0
RP11-298H24.1,0.0
RP11-298I3.1,0.0
RP11-298I3.4,0.0
RP11-298I3.5,0.0
RP11-298J20.3,0.0
RP11-298J20.4,0.0
RP11-298J23.5,0.0
RP11-298J23.8,0.0
RP11-298J23.9,0.0
RP11-298O21.2,0.0
RP11-298O21.3,0.0
RP11-298O21.5,0.0
RP11-298O21.6,0.0
RP11-298O21.7,0.0
RP11-298P3.4,0.0
RP11-298P6.2,0.0
RP11-298P6.5,0.0
RP11-299A16.1,0.0
RP11-299D14.2,0.0
RP11-299G20.2,0.0
RP11-299G20.3,0.0
RP11-299H21.1,0.0
RP11-299H22.1,0.0
RP11-299H22.4,0.0
RP11-299H22.5,0.0
RP11-299H22.6,0.0
RP11-299H22.7,0.0
RP11-299J3.6,0.0
RP11-299J3.8,1.0535570409588524
RP11-299L17.1,0.0
RP11-299L17.3,0.0
RP11-299L17.4,0.0
RP11-299M14.2,0.0
RP11-299M14.2,0.0
RP11-299P2.1,0.0
RP11-29B11.5,0.0
RP11-29B2.5,0.0
RP11-29B9.1,0.0
RP11-29B9.2,0.0
RP11-29G8.3,1.408091496025075
RP11-29H23.4,0.0
RP11-29H23.5,0.0
RP11-29H23.6,0.0
RP11-29H23.7,0.0
RP11-29O13.1,0.0
RP11-29O6.2,0.0
RP11-29O6.2,0.0
RP11-29P20.1,0.0
RP11-2A1.1,0.0
RP11-2A4.3,0.0
RP11-2A4.4,0.0
RP11-2B6.2,0.0
RP11-2B6.3,0.0
RP11-2C15.1,0.0
RP11-2C24.4,0.0
RP11-2C24.5,0.0
RP11-2C24.6,0.0
RP11-2C7.1,0.0
RP11-2E11.10,0.0
RP11-2E11.10,0.0
RP11-2E11.5,0.0
RP11-2E11.5,0.0
RP11-2E11.8,0.0
RP11-2E11.9,0.0
RP11-2E11.9,0.0
RP11-2E17.1,0.4127178969233909
RP11-2E17.2,0.0
RP11-2F20.1,0.0
RP11-2F9.3,0.0
RP11-2F9.4,0.0
RP11-2G1.1,0.0
RP11-2G1.2,0.0
RP11-2G1.3,0.0
RP11-2G17.1,0.0
RP11-2H3.2,0.0
RP11-2H3.2,0.0
RP11-2H3.6,0.0
RP11-2H3.6,0.0
RP11-2H8.2,0.0
RP11-2H8.3,0.0
RP11-2I17.1,0.0
RP11-2I17.4,0.0
RP11-2J18.1,2.155319746361917
RP11-2K6.2,0.0
RP11-2L13.1,0.0
RP11-2L4.1,0.0
RP11-2L8.1,0.0
RP11-2L8.2,0.0
RP11-2N1.1,0.0
RP11-2N1.2,0.0
RP11-2N5.1,0.0
RP11-2N5.2,0.0
RP11-2O17.2,0.0
RP11-2P2.1,0.0
RP11-300A12.2,0.0
RP11-300E4.2,0.0
RP11-300G22.2,0.0
RP11-300I6.5,0.0
RP11-300J18.1,0.0
RP11-300J18.2,0.0
RP11-300J18.3,0.0
RP11-300M24.1,0.0
RP11-300M6.1,0.0
RP11-301A5.2,0.0
RP11-301G19.1,0.0
RP11-301G19.2,0.0
RP11-301G21.1,0.0
RP11-301G23.1,0.0
RP11-301G7.1,0.0
RP11-301H24.3,0.0
RP11-301H24.4,0.0
RP11-301J16.7,0.0
RP11-301J7.8,0.0
RP11-301J7.8,0.0
RP11-301J7.9,0.0
RP11-301J7.9,0.0
RP11-301L8.2,0.0
RP11-301M17.1,0.0
RP11-301M17.1,0.0
RP11-301M17.2,0.0
RP11-301M17.2,0.0
RP11-301N24.3,0.0
RP11-301O19.1,0.0
RP11-302B13.1,0.0
RP11-302B13.5,0.0
RP11-302F12.1,0.0
RP11-302F12.10,0.0
RP11-302F12.2,0.0
RP11-302F12.3,0.0
RP11-302F12.4,0.0
RP11-302F12.5,0.0
RP11-302F12.7,0.0
RP11-302I18.1,0.0
RP11-302I18.3,0.0
RP11-302J23.1,0.0
RP11-302K17.3,0.0
RP11-302K17.4,0.0
RP11-302L19.1,0.0
RP11-302L19.3,0.0
RP11-302M6.4,0.0
RP11-302M6.5,0.0
RP11-303E16.2,0.0
RP11-303E16.3,0.0
RP11-303E16.5,0.0
RP11-303E16.6,2.238394274207005
RP11-303E16.7,0.0
RP11-303E16.8,0.0
RP11-303G3.10,0.0
RP11-303G3.6,0.253644744093139
RP11-303G3.9,0.0
RP11-303K3.1,0.0
RP11-304C12.3,0.0
RP11-304C12.4,0.0
RP11-304C16.2,0.0
RP11-304C16.3,0.0
RP11-304F15.3,0.0
RP11-304F15.4,0.0
RP11-304F15.5,0.0
RP11-304F15.6,0.0
RP11-304F15.7,0.0
RP11-304L19.1,0.0
RP11-304L19.11,0.0
RP11-304L19.12,0.0
RP11-304L19.2,0.0
RP11-304L19.3,0.0
RP11-304L19.4,0.0
RP11-304L19.5,0.0
RP11-304L19.8,0.0
RP11-304M2.1,0.0
RP11-304M2.3,0.0
RP11-304M2.5,0.0
RP11-304M2.6,0.0
RP11-305A4.3,0.0
RP11-305B6.1,0.0
RP11-305B6.2,0.0
RP11-305B6.3,0.0
RP11-305E17.4,0.0
RP11-305E17.6,0.0
RP11-305E17.7,0.0
RP11-305E6.4,0.0
RP11-305F18.1,0.0
RP11-305F5.2,0.0
RP11-305K5.1,0.0
RP11-305L7.1,0.0
RP11-305L7.3,0.0
RP11-305L7.5,0.0
RP11-305L7.6,0.0
RP11-305L7.7,0.0
RP11-305M3.2,0.0
RP11-305O4.1,0.0
RP11-305O4.2,0.0
RP11-305O4.3,0.0
RP11-305O6.3,0.0
RP11-305P14.1,0.0
RP11-305P22.9,0.0
RP11-306G20.1,0.0
RP11-306I1.1,0.0
RP11-306I1.2,0.0
RP11-306K13.1,0.0
RP11-307A17.2,0.0
RP11-307B6.3,0.0
RP11-307C12.11,0.0
RP11-307C12.12,0.0
RP11-307C12.13,0.0
RP11-307C18.1,0.0
RP11-307C19.1,0.0
RP11-307C19.2,0.0
RP11-307C19.3,0.0
RP11-307E17.8,0.0
RP11-307E17.9,0.0
RP11-307F22.2,0.0
RP11-307I14.2,0.0
RP11-307I14.3,0.0
RP11-307I14.4,0.0
RP11-307I2.1,0.0
RP11-307L14.1,0.0
RP11-307L14.2,0.0
RP11-307L3.2,0.6204550963106681
RP11-307L3.4,0.0
RP11-307N16.6,0.0
RP11-307O1.1,0.0
RP11-307O10.1,0.0
RP11-307O13.1,0.0
RP11-307P22.1,0.0
RP11-307P5.1,0.0
RP11-307P5.2,0.0
RP11-308B16.2,0.0
RP11-308B5.2,0.0
RP11-308D13.3,0.0
RP11-308D16.1,0.0
RP11-308D16.2,0.0
RP11-308D16.4,0.0
RP11-308K19.2,0.0
RP11-308K2.1,0.0
RP11-308N19.1,0.0
RP11-308N19.3,0.0
RP11-308N19.4,0.0
RP11-308N19.5,0.0
RP11-309E23.2,0.0
RP11-309G3.3,0.0
RP11-309H21.2,0.0
RP11-309H21.3,0.0
RP11-309H21.4,0.0
RP11-309I15.1,0.0
RP11-309L24.2,0.0
RP11-309L24.4,0.0
RP11-309L24.6,0.0
RP11-309L24.9,0.0
RP11-309M23.1,0.0
RP11-309M23.1,0.0
RP11-309M23.1,0.0
RP11-309M7.1,0.0
RP11-309N17.4,0.0
RP11-309N24.1,0.0
RP11-309P22.1,0.0
RP11-30B1.1,0.0
RP11-30G8.1,0.0
RP11-30G8.2,0.0
RP11-30H9.1,0.0
RP11-30J20.1,0.0
RP11-30K9.1,0.0
RP11-30K9.4,0.0
RP11-30K9.5,0.0
RP11-30K9.6,0.0
RP11-30K9.7,0.0
RP11-30L15.4,0.0
RP11-30L15.6,0.0
RP11-30L3.2,0.0
RP11-30L8.1,0.0
RP11-30M20.1,0.0
RP11-30O15.1,0.0
RP11-30P21.2,0.0
RP11-30P6.1,0.0
RP11-30P6.3,0.0
RP11-30P6.6,0.0
RP11-310A13.2,0.0
RP11-310E22.4,0.0
RP11-310E22.5,0.0
RP11-310H4.1,0.0
RP11-310H4.2,0.0
RP11-310H4.3,0.0
RP11-310H4.6,0.0
RP11-310I24.1,0.0
RP11-310I9.1,0.0
RP11-310J24.3,0.0
RP11-310P5.1,0.0
RP11-310P5.2,0.0
RP11-311B14.1,0.0
RP11-311C24.1,0.0
RP11-311D14.1,0.0
RP11-311F12.1,0.0
RP11-311F12.2,0.0
RP11-311H10.4,0.0
RP11-311H10.7,0.0
RP11-311P8.2,0.0
RP11-312A15.1,0.0
RP11-312A15.3,0.0
RP11-312B18.1,0.0
RP11-312B8.1,0.0
RP11-312B8.2,0.0
RP11-312J18.3,0.0
RP11-312J18.5,0.253644744093139
RP11-312J18.6,0.0
RP11-312J18.7,0.0
RP11-312O7.2,0.0
RP11-312P12.3,0.0
RP11-312P21.2,0.0
RP11-313A24.1,0.0
RP11-313C15.1,0.0
RP11-313C4.1,0.0
RP11-313D6.3,0.0
RP11-313E19.1,0.0
RP11-313E19.2,0.0
RP11-313E4.1,0.0
RP11-313F23.2,0.0
RP11-313F23.3,0.0
RP11-313F23.4,0.0
RP11-313F23.5,0.0
RP11-313H3.1,0.0
RP11-313I2.10,0.0
RP11-313I2.11,0.0
RP11-313I2.13,0.0
RP11-313I2.2,0.0
RP11-313I2.5,0.0
RP11-313I2.6,0.0
RP11-313I2.7,0.0
RP11-313I2.8,0.0
RP11-313J2.1,0.0
RP11-313M3.1,0.0
RP11-313P13.3,1.5042992690810633
RP11-313P13.3,0.0
RP11-313P13.4,0.0
RP11-313P13.4,0.0
RP11-313P13.5,0.0
RP11-313P13.5,0.0
RP11-313P18.1,0.0
RP11-313P18.2,0.0
RP11-313P22.1,0.0
RP11-314A15.2,0.0
RP11-314A20.1,0.0
RP11-314A20.2,0.4127178969233909
RP11-314A20.5,0.0
RP11-314A5.3,0.0
RP11-314B1.2,0.0
RP11-314C16.1,0.0
RP11-314C9.2,0.0
RP11-314D7.1,0.0
RP11-314D7.2,0.0
RP11-314D7.3,0.0
RP11-314M24.1,0.0
RP11-314N13.3,0.0
RP11-314N14.1,0.0
RP11-314N2.2,0.0
RP11-314N2.2,0.0
RP11-314O13.1,0.0
RP11-314P15.2,0.0
RP11-315A16.1,0.0
RP11-315A17.1,0.0
RP11-315D13.1,0.0
RP11-315D16.2,0.0
RP11-315D16.4,0.0
RP11-315E17.1,0.0
RP11-315F22.1,0.0
RP11-315I14.2,0.0
RP11-315I14.5,0.0
RP11-315I20.1,0.5288907918624668
RP11-315I20.1,0.9509808635159877
RP11-315I20.3,0.0
RP11-315I20.3,0.0
RP11-315J22.5,0.0
RP11-315L6.1,0.0
RP11-315O6.1,0.0
RP11-315O6.2,0.0
RP11-315O8.1,0.0
RP11-316A16.1,0.0
RP11-316E14.2,0.0
RP11-316E14.6,0.0
RP11-316I3.1,0.0
RP11-316I3.2,0.0
RP11-316J7.4,0.0
RP11-316K19.3,0.0
RP11-316K19.3,0.0
RP11-316M1.12,0.0
RP11-316M1.3,0.0
RP11-316M20.1,0.0
RP11-316M21.6,0.0
RP11-316M21.7,0.0
RP11-316M21.9,0.0
RP11-316O14.1,0.0
RP11-316P17.2,0.0
RP11-316P17.2,0.0
RP11-317B17.3,0.0
RP11-317B3.2,0.0
RP11-317B7.2,0.0
RP11-317B7.3,0.0
RP11-317F20.2,0.0
RP11-317G22.2,0.0
RP11-317G6.1,0.0
RP11-317J10.2,0.0
RP11-317J10.4,0.0
RP11-317J19.1,0.0
RP11-317L10.1,0.0
RP11-317M11.1,0.0
RP11-317M22.1,0.0
RP11-317N12.1,0.0
RP11-317N6.1,0.0
RP11-317N8.3,0.0
RP11-317N8.4,0.0
RP11-317N8.5,0.0
RP11-317O24.1,0.0
RP11-317O24.2,0.0
RP11-317O24.3,0.0
RP11-317P15.3,0.0
RP11-317P15.4,0.0
RP11-317P15.5,0.0
RP11-317P15.6,0.0
RP11-318A15.2,0.0
RP11-318A15.7,0.0
RP11-318C2.1,0.0
RP11-318C24.1,0.0
RP11-318C24.2,0.0
RP11-318C4.2,0.253644744093139
RP11-318E3.4,0.0
RP11-318E3.9,0.0
RP11-318G21.4,0.0
RP11-318G8.1,0.0
RP11-318G8.2,0.0
RP11-318I4.1,0.0
RP11-318I4.2,0.0
RP11-318K12.1,0.0
RP11-318K12.2,0.0
RP11-318K12.3,0.0
RP11-318K15.2,0.0
RP11-318L16.6,0.0
RP11-318M2.2,0.4127178969233909
RP11-318M2.3,0.0
RP11-319C21.1,0.0
RP11-319E12.1,0.0
RP11-319E12.2,0.0
RP11-319E16.1,0.0
RP11-319E16.2,0.0
RP11-319F12.2,0.0
RP11-319G6.1,0.7603920768618123
RP11-319G6.3,0.0
RP11-319G9.3,0.0
RP11-319G9.5,0.0
RP11-31A20.1,0.0
RP11-31E13.2,0.0
RP11-31F15.1,0.7603920768618123
RP11-31F15.2,0.0
RP11-31F19.1,0.0
RP11-31H15.2,0.0
RP11-31H15.2,0.0
RP11-31H5.1,0.0
RP11-31I22.1,0.0
RP11-31I22.2,0.0
RP11-31I22.3,0.0
RP11-31I22.4,0.0
RP11-31K23.1,0.0
RP11-31K23.2,0.0
RP11-31L22.3,0.0
RP11-31L23.3,0.0
RP11-320A16.1,0.0
RP11-320G24.1,0.0
RP11-320H14.1,1.470668879757139
RP11-320J16.1,0.0
RP11-320L11.2,0.0
RP11-320M16.1,0.4127178969233909
RP11-320M16.2,0.0
RP11-320M2.1,0.0
RP11-320N21.2,0.0
RP11-320N7.1,0.0
RP11-320N7.2,0.0
RP11-320P7.1,0.0
RP11-320P7.2,0.0
RP11-321A17.3,0.4127178969233909
RP11-321A17.4,0.0
RP11-321A17.5,0.0
RP11-321C24.1,0.0
RP11-321E2.10,0.0
RP11-321E2.11,0.0
RP11-321E2.12,0.0
RP11-321E2.13,0.0
RP11-321E2.2,0.0
RP11-321E2.3,0.0
RP11-321E2.4,0.0
RP11-321E2.5,0.0
RP11-321E2.6,0.0
RP11-321E2.7,0.0
RP11-321E2.8,0.0
RP11-321E2.9,0.0
RP11-321E8.1,0.0
RP11-321E8.4,0.0
RP11-321E8.5,0.0
RP11-321F6.1,0.0
RP11-321F8.4,0.0
RP11-321G12.1,0.0
RP11-321L2.1,0.0
RP11-321L2.2,0.0
RP11-321M21.1,0.0
RP11-321M21.3,0.0
RP11-321N4.5,0.0
RP11-322A17.1,0.0
RP11-322A17.1,0.0
RP11-322D14.1,0.0
RP11-322D14.2,0.0
RP11-322E11.1,0.0
RP11-322E11.5,0.0
RP11-322E11.6,0.0
RP11-322F10.2,0.0
RP11-322I2.1,0.0
RP11-322J23.1,0.0
RP11-322L17.1,0.0
RP11-322L20.1,0.0
RP11-322N21.2,0.0
RP11-323A7.1,0.0
RP11-323C15.1,0.0
RP11-323C15.2,0.0
RP11-323D18.5,0.0
RP11-323H21.3,0.0
RP11-323I1.1,0.0
RP11-323I14__A.1,0.0
RP11-323I15.2,0.0
RP11-323I15.3,0.0
RP11-323I15.5,0.0
RP11-323J4.1,0.0
RP11-323K10.1,0.0
RP11-323N12.5,0.0
RP11-324C10.1,0.0
RP11-324D17.1,0.0
RP11-324D17.2,0.0
RP11-324E6.4,0.0
RP11-324E6.6,0.0
RP11-324E6.8,0.0
RP11-324E6.9,0.0
RP11-324F11.1,0.0
RP11-324F21.1,0.0
RP11-324H6.5,0.0
RP11-324H6.5,0.0
RP11-324H7.1,0.0
RP11-324I22.2,0.0
RP11-324I22.3,0.0
RP11-324I22.4,0.0
RP11-324J13.1,0.0
RP11-324J13.2,0.0
RP11-324J3.1,0.0
RP11-324L17.1,0.0
RP11-324L3.1,0.0
RP11-324L3.5,0.0
RP11-324O2.3,0.0
RP11-324O2.6,0.0
RP11-324P9.1,0.0
RP11-325B23.2,0.0
RP11-325D15.2,0.0
RP11-325D8.1,0.0
RP11-325E14.2,0.0
RP11-325E14.5,0.0
RP11-325E5.1,0.0
RP11-325E5.4,0.0
RP11-325F22.2,0.0
RP11-325F22.5,0.0
RP11-325I22.1,0.0
RP11-325I22.2,0.0
RP11-325K19.1,0.0
RP11-325K19.2,0.0
RP11-325K19.3,0.0
RP11-325K19.6,0.0
RP11-325K4.2,0.0
RP11-325K4.3,0.0
RP11-325L12.3,0.0
RP11-325L12.5,0.0
RP11-325L7.1,0.0
RP11-325L7.2,0.0
RP11-325M4.2,0.0
RP11-325N19.3,0.0
RP11-325O24.1,0.0
RP11-325O24.2,0.8164310788769841
RP11-325O24.5,0.8164310788769841
RP11-325P15.1,0.0
RP11-325P15.1,0.0
RP11-325P15.2,0.0
RP11-325P15.2,0.0
RP11-326A13.1,0.0
RP11-326A13.3,0.0
RP11-326A19.2,0.0
RP11-326A19.3,0.0
RP11-326A19.4,0.0
RP11-326A19.5,0.0
RP11-326C3.10,0.0
RP11-326C3.11,0.0
RP11-326C3.12,0.0
RP11-326C3.13,0.0
RP11-326C3.14,0.0
RP11-326C3.15,0.0
RP11-326C3.2,0.0
RP11-326C3.4,0.0
RP11-326C3.7,0.0
RP11-326E22.1,0.0
RP11-326E7.1,0.0
RP11-326F20.5,0.0
RP11-326G21.1,0.0
RP11-326G21.1,0.0
RP11-326I11.1,0.0
RP11-326I11.3,0.0
RP11-326I11.4,1.1105557679530071
RP11-326I11.5,0.0
RP11-326I19.3,0.0
RP11-326J18.1,0.0
RP11-326K13.2,0.0
RP11-326K13.4,0.0
RP11-326L17.1,0.0
RP11-326L2.1,0.0
RP11-326N17.1,0.0
RP11-327F22.1,0.0
RP11-327F22.2,0.0
RP11-327F22.4,0.0
RP11-327F22.5,0.0
RP11-327F22.6,0.0
RP11-327I22.1,0.0
RP11-327I22.4,0.0
RP11-327I22.5,0.0
RP11-327I22.6,0.0
RP11-327I22.8,0.0
RP11-327J17.1,0.0
RP11-327J17.2,2.2323834762232053
RP11-327L3.3,1.9048594511354124
RP11-327O17.2,0.0
RP11-327P2.5,0.0
RP11-328C8.2,0.0
RP11-328C8.4,0.0
RP11-328C8.5,0.0
RP11-328D5.1,0.0
RP11-328J14.1,0.0
RP11-328J14.2,0.0
RP11-328J2.1,0.0
RP11-328J6.1,0.5288907918624668
RP11-328K15.1,0.0
RP11-328K2.1,0.0
RP11-328K22.1,0.0
RP11-328K4.1,0.0
RP11-328L11.1,0.0
RP11-328M4.2,0.0
RP11-328M4.3,0.0
RP11-328N19.1,0.0
RP11-328P23.2,0.0
RP11-328P23.3,0.0
RP11-329A14.1,0.0
RP11-329A14.2,0.0
RP11-329B9.1,0.0
RP11-329B9.3,0.0
RP11-329B9.4,0.0
RP11-329B9.5,0.0
RP11-329E24.6,0.0
RP11-329J18.2,0.0
RP11-329J18.3,0.0
RP11-329J18.4,0.0
RP11-329N22.1,0.0
RP11-32B11.2,0.0
RP11-32B5.1,0.0
RP11-32B5.2,0.0
RP11-32B5.4,0.0
RP11-32B5.5,0.0
RP11-32B5.7,0.0
RP11-32D16.1,0.0
RP11-32D17.4,0.0
RP11-32F11.2,0.0
RP11-32I2.1,0.0
RP11-32K4.1,0.0
RP11-32K4.3,0.0
RP11-32P22.1,0.0
RP11-330A16.1,0.0
RP11-330C7.3,0.0
RP11-330C7.4,0.0
RP11-330L19.1,0.0
RP11-330L19.2,0.0
RP11-330M19.1,0.0
RP11-330M2.3,0.0
RP11-330M2.4,0.0
RP11-330O11.3,0.0
RP11-331F4.1,0.0
RP11-331F4.4,0.0
RP11-331F9.3,2.357694987451276
RP11-331F9.4,0.0
RP11-331G2.6,0.0
RP11-331H13.1,0.0
RP11-331H2.3,0.0
RP11-331H2.4,0.0
RP11-331K15.1,0.0
RP11-331K21.1,0.0
RP11-331N16.1,0.0
RP11-331O9.1,0.0
RP11-331O9.2,0.0
RP11-331O9.3,0.0
RP11-331O9.4,0.0
RP11-331O9.5,0.0
RP11-331O9.6,0.0
RP11-332E19.1,0.0
RP11-332E19.2,0.0
RP11-332E3.2,0.0
RP11-332E4.1,0.0
RP11-332G1.1,0.0
RP11-332H14.1,0.0
RP11-332H14.2,0.0
RP11-332H17.1,0.0
RP11-332H18.3,0.0
RP11-332H18.4,0.0
RP11-332H18.5,0.0
RP11-332H21.2,0.0
RP11-332J15.1,0.0
RP11-332J15.2,0.0
RP11-332J15.3,0.0
RP11-332J15.4,0.0
RP11-332K15.1,0.0
RP11-332L8.1,0.0
RP11-332M4.1,0.0
RP11-332O19.2,0.0
RP11-332O19.5,0.0
RP11-332P22.2,0.0
RP11-333A23.1,0.0
RP11-333A23.2,0.0
RP11-333A23.4,0.0
RP11-333E1.1,0.0
RP11-333E1.2,0.0
RP11-333E13.2,0.0
RP11-333E13.4,0.0
RP11-333I13.1,0.0
RP11-333J10.2,0.0
RP11-333J10.3,0.0
RP11-333O1.1,0.0
RP11-334A14.2,0.0
RP11-334A14.5,0.0
RP11-334A14.8,0.0
RP11-334C17.5,0.0
RP11-334E6.10,0.0
RP11-334E6.12,0.0
RP11-334E6.2,0.0
RP11-334E6.3,0.0
RP11-334E6.4,0.0
RP11-334G22.1,0.0
RP11-334J6.6,0.0
RP11-334L9.1,0.6204550963106681
RP11-334N17.1,0.0
RP11-335E14.1,0.0
RP11-335E6.2,0.0
RP11-335E6.3,0.0
RP11-335E6.4,0.0
RP11-335E8.1,0.0
RP11-335F8.2,0.0
RP11-335G20.7,0.0
RP11-335H2.2,0.0
RP11-335I12.2,0.0
RP11-335K5.2,0.0
RP11-335L23.2,0.0
RP11-335L23.4,0.0
RP11-335L23.5,0.0
RP11-335M9.1,0.0
RP11-335O13.7,0.0
RP11-335O13.8,0.0
RP11-335O4.1,0.0
RP11-335O4.3,0.0
RP11-336A10.2,0.0
RP11-336A10.4,0.0
RP11-336A10.5,0.0
RP11-336A10.7,0.0
RP11-336F14.1,0.0
RP11-336K24.12,0.0
RP11-336K24.5,0.0
RP11-336N8.1,0.0
RP11-336N8.2,0.0
RP11-336N8.3,0.0
RP11-336N8.4,0.0
RP11-337A23.3,0.0
RP11-337A23.5,0.0
RP11-337A23.6,0.0
RP11-337C18.10,0.0
RP11-337C18.10,0.0
RP11-337C18.4,0.0
RP11-337C18.4,0.0
RP11-337C18.7,0.0
RP11-337C18.7,0.0
RP11-337C18.8,0.0
RP11-337C18.8,0.0
RP11-337C18.9,0.0
RP11-337C18.9,0.0
RP11-337L12.1,0.0
RP11-337N6.1,0.0
RP11-337N6.2,0.0
RP11-338C15.2,0.0
RP11-338C15.3,0.0
RP11-338C15.5,0.0
RP11-338E21.1,0.0
RP11-338E21.2,0.0
RP11-338E21.3,0.0
RP11-338H14.1,0.0
RP11-338I21.1,0.0
RP11-338I24.1,0.0
RP11-338K13.1,0.0
RP11-338K17.8,0.0
RP11-338L18.1,0.0
RP11-338L22.2,0.0
RP11-338L22.3,0.0
RP11-338N10.1,0.0
RP11-338N10.2,0.0
RP11-338N10.3,0.0
RP11-338N12.1,0.0
RP11-338O1.2,0.0
RP11-338O1.3,0.0
RP11-339A11.1,0.0
RP11-339A11.2,0.0
RP11-339A7.1,0.0
RP11-339B21.10,0.0
RP11-339B21.11,0.0
RP11-339B21.13,0.0
RP11-339B21.14,0.0
RP11-339B21.15,0.0
RP11-339B21.8,0.0
RP11-339B21.9,0.0
RP11-339D20.1,0.0
RP11-339D23.1,0.0
RP11-339F13.2,0.0
RP11-339N8.1,0.0
RP11-33A14.1,0.0
RP11-33A14.3,0.0
RP11-33B1.1,2.079144757918472
RP11-33B1.2,0.0
RP11-33B1.3,0.0
RP11-33B1.4,0.0
RP11-33E15.1,0.0
RP11-33E24.3,0.0
RP11-33G16.1,0.0
RP11-33I11.2,1.9573154496595009
RP11-33I11.3,0.0
RP11-33M22.2,0.0
RP11-33N16.2,0.0
RP11-33N16.3,0.0
RP11-33O4.1,0.0
RP11-340A13.1,0.0
RP11-340A13.2,0.0
RP11-340A13.3,0.0
RP11-340B18.1,0.0
RP11-340B24.3,0.0
RP11-340C20.3,0.0
RP11-340E6.1,0.0
RP11-340E6.2,0.0
RP11-340F14.5,0.0
RP11-340F16.1,0.0
RP11-340I6.1,0.0
RP11-340I6.3,0.0
RP11-340I6.4,0.0
RP11-340I6.5,0.0
RP11-340I6.6,0.0
RP11-340I6.7,0.0
RP11-340I6.8,0.0
RP11-340M11.1,0.0
RP11-341A11.2,0.0
RP11-341A22.1,0.0
RP11-341A22.2,0.0
RP11-341B24.3,0.0
RP11-341G2.3,0.0
RP11-341G23.2,0.0
RP11-341G23.3,0.0
RP11-341G23.4,0.0
RP11-341G5.1,0.0
RP11-341G5.2,0.0
RP11-341N2.1,0.0
RP11-342A1.1,0.0
RP11-342A23.1,0.0
RP11-342C20.2,0.0
RP11-342C24.8,0.0
RP11-342D11.2,0.0
RP11-342D11.3,0.0
RP11-342D14.1,0.0
RP11-342F17.1,0.0
RP11-342F17.2,0.0
RP11-342F21.1,0.0
RP11-342H21.2,0.0
RP11-342I1.2,0.0
RP11-342K6.1,0.0
RP11-342K6.2,0.0
RP11-342K6.3,0.0
RP11-342K6.4,0.0
RP11-342L8.2,2.0675055056503746
RP11-342M1.3,0.0
RP11-342M1.6,0.0
RP11-342M1.7,0.0
RP11-342M21.2,0.0
RP11-342M3.1,0.0
RP11-342M3.2,0.0
RP11-342M3.5,0.0
RP11-343B18.2,0.0
RP11-343B22.2,0.0
RP11-343B5.1,0.0
RP11-343C2.10,0.0
RP11-343C2.11,0.0
RP11-343C2.12,0.0
RP11-343C2.7,0.0
RP11-343C2.9,0.0
RP11-343D2.11,0.0
RP11-343D24.2,0.0
RP11-343H19.1,0.0
RP11-343H19.2,0.0
RP11-343H5.4,0.0
RP11-343H5.4,0.0
RP11-343H5.6,0.0
RP11-343H5.6,0.0
RP11-343J18.1,0.0
RP11-343J18.2,0.0
RP11-343J3.2,0.0
RP11-343J3.5,0.0
RP11-343J3.6,0.0
RP11-343J3.7,0.0
RP11-343K8.3,0.0
RP11-343L5.2,0.0
RP11-343N15.1,0.0
RP11-343N15.1,0.0
RP11-343N15.2,0.0
RP11-343N15.2,0.0
RP11-343N15.5,0.0
RP11-343N15.5,0.0
RP11-343P9.1,0.0
RP11-344A16.2,0.0
RP11-344A5.1,1.0219824427879696
RP11-344A7.1,0.0
RP11-344B2.2,0.0
RP11-344B2.3,0.0
RP11-344B23.2,0.0
RP11-344B5.2,0.0
RP11-344B5.3,0.0
RP11-344B5.4,0.0
RP11-344E13.1,0.0
RP11-344E13.3,0.0
RP11-344E13.4,0.0
RP11-344F13.1,0.0
RP11-344G13.1,0.0
RP11-344G13.2,0.0
RP11-344H11.4,0.0
RP11-344H11.5,0.0
RP11-344J7.2,0.0
RP11-344L13.1,0.0
RP11-344L13.2,0.0
RP11-344L21.1,0.0
RP11-344N10.2,0.0
RP11-344N10.4,0.0
RP11-344N10.5,0.0
RP11-344N17.11,0.0
RP11-344N17.11,0.0
RP11-344N17.12,0.0
RP11-344N17.13,0.0
RP11-344N17.13,0.0
RP11-344N17.15,0.0
RP11-344N17.15,0.0
RP11-344N17.2,0.0
RP11-344N17.2,0.0
RP11-344N17.3,0.0
RP11-344N17.3,0.0
RP11-344N17.6,0.0
RP11-344N17.6,0.0
RP11-344N17.8,0.0
RP11-344N17.8,0.0
RP11-344N17.9,0.0
RP11-344N17.9,0.0
RP11-344P13.1,0.0
RP11-344P13.1,0.0
RP11-344P13.3,0.0
RP11-344P13.3,0.0
RP11-344P13.4,0.0
RP11-344P13.4,0.0
RP11-344P13.6,0.0
RP11-344P13.6,0.0
RP11-345E19.2,0.0
RP11-345F18.1,0.0
RP11-345I18.1,0.0
RP11-345I18.4,0.0
RP11-345I18.6,0.0
RP11-345J13.1,0.0
RP11-345J4.1,0.0
RP11-345J4.3,0.0
RP11-345J4.5,1.0535570409588524
RP11-345J4.6,0.0
RP11-345J4.8,0.0
RP11-345K20.2,0.0
RP11-345L23.1,0.0
RP11-345M22.1,0.0
RP11-345M22.2,0.0
RP11-345M22.3,0.0
RP11-345P4.10,0.0
RP11-345P4.6,0.9105921305334987
RP11-345P4.7,0.0
RP11-345P4.9,0.0
RP11-346C16.1,0.0
RP11-346C16.2,0.0
RP11-346C16.4,0.0
RP11-346C16.6,0.0
RP11-346C20.3,1.9795423135776309
RP11-346C20.4,1.7271797157291466
RP11-346D14.1,0.0
RP11-346D19.1,0.0
RP11-346D6.4,0.0
RP11-346D6.6,0.0
RP11-346E8.1,0.0
RP11-346I3.2,0.0
RP11-346I3.4,0.0
RP11-346J10.1,0.0
RP11-346K17.3,0.0
RP11-346L1.2,0.0
RP11-346M5.1,0.0
RP11-346M5.3,0.0
RP11-346M5.4,0.0
RP11-346M5.5,0.0
RP11-346M5.6,0.0
RP11-347C12.1,0.5288907918624668
RP11-347C12.10,0.0
RP11-347C12.2,1.514954562424701
RP11-347C12.3,0.0
RP11-347C12.8,0.0
RP11-347C12.9,0.0
RP11-347C18.1,0.0
RP11-347C18.3,0.0
RP11-347C18.4,0.0
RP11-347C18.5,0.0
RP11-347D21.1,0.0
RP11-347D21.2,0.0
RP11-347D21.3,0.0
RP11-347D21.4,0.0
RP11-347E10.1,0.0
RP11-347H15.1,0.0
RP11-347H15.2,0.0
RP11-347H15.3,0.0
RP11-347H15.4,0.0
RP11-347H15.5,0.6204550963106681
RP11-347H15.6,0.0
RP11-347I19.8,0.0
RP11-347J14.4,0.0
RP11-347J14.7,0.0
RP11-347J14.8,0.0
RP11-347K2.1,0.0
RP11-347K2.2,0.0
RP11-347L18.1,0.0
RP11-347P5.1,1.1105557679530071
RP11-348A7.1,0.0
RP11-348B17.1,0.0
RP11-348F1.2,0.0
RP11-348F1.2,0.0
RP11-348F1.3,0.0
RP11-348F1.3,0.0
RP11-348H3.2,0.0
RP11-348H3.4,0.0
RP11-348H3.5,0.0
RP11-348J12.2,0.0
RP11-348J24.1,0.0
RP11-348J24.2,0.0
RP11-348M17.2,0.0
RP11-348M3.2,0.0
RP11-348N5.7,0.0
RP11-348P10.2,0.0
RP11-349A22.2,0.0
RP11-349A22.3,0.0
RP11-349A22.5,2.185562255814066
RP11-349A8.3,0.0
RP11-349E4.1,0.0
RP11-349G13.1,0.4127178969233909
RP11-349G13.2,0.0
RP11-349G13.3,0.0
RP11-349I1.2,0.0
RP11-349J5.2,0.0
RP11-349K16.1,0.0
RP11-349K21.1,0.0
RP11-349N19.2,0.4127178969233909
RP11-349P19.1,0.0
RP11-34A14.3,0.0
RP11-34C15.2,0.0
RP11-34D15.2,0.0
RP11-34E5.4,0.0
RP11-34F13.2,0.0
RP11-34F13.3,0.0
RP11-34H11.1,0.0
RP11-34H11.3,0.0
RP11-34H11.5,0.0
RP11-34H11.6,0.0
RP11-34N19.1,0.0
RP11-34P1.1,0.0
RP11-34P1.2,0.0
RP11-34P1.4,0.0
RP11-34P13.13,0.0
RP11-34P13.14,0.0
RP11-34P13.15,0.0
RP11-34P13.16,0.0
RP11-34P13.7,0.0
RP11-34P13.8,0.0
RP11-34P13.9,0.6204550963106681
RP11-350A1.2,0.0
RP11-350D17.2,0.0
RP11-350D17.3,0.0
RP11-350D23.4,0.0
RP11-350E12.4,0.0
RP11-350E12.5,0.0
RP11-350F16.1,0.0
RP11-350F16.2,0.0
RP11-350F4.2,0.0
RP11-350G13.1,0.0
RP11-350G24.1,0.0
RP11-350G24.2,0.0
RP11-350G8.3,0.0
RP11-350G8.4,0.0
RP11-350G8.5,0.0
RP11-350G8.7,0.0
RP11-350G8.9,0.0
RP11-350J20.12,0.0
RP11-350J20.4,0.0
RP11-350J20.5,0.0
RP11-350J20.9,0.0
RP11-350N15.3,0.0
RP11-350N15.4,0.0
RP11-350N15.5,0.0
RP11-350N15.6,0.0
RP11-350O14.18,0.0
RP11-351A11.1,0.0
RP11-351A20.1,0.0
RP11-351A20.2,0.0
RP11-351C8.1,0.0
RP11-351D16.3,0.0
RP11-351E7.1,0.0
RP11-351E7.2,0.0
RP11-351I21.11,0.0
RP11-351I21.6,0.0
RP11-351I21.7,0.0
RP11-351I24.1,0.0
RP11-351I24.3,0.0
RP11-351J23.1,0.0
RP11-351J23.2,0.0
RP11-351K23.3,0.0
RP11-351M16.1,0.0
RP11-351M16.3,0.0
RP11-351M8.1,0.0
RP11-351M8.2,0.0
RP11-351N4.4,0.0
RP11-351N6.1,0.0
RP11-351O1.3,0.0
RP11-351O1.4,0.0
RP11-351O2.1,0.0
RP11-351O2.2,0.0
RP11-352B15.2,0.0
RP11-352B15.5,0.0
RP11-352D13.5,0.0
RP11-352D13.6,0.0
RP11-352D3.2,0.0
RP11-352E6.1,0.0
RP11-352E6.2,0.0
RP11-352E8.2,0.0
RP11-352G18.2,0.0
RP11-352G9.1,0.0
RP11-352M15.1,0.0
RP11-353B9.1,0.0
RP11-353H3.1,0.0
RP11-353J17.3,0.0
RP11-353J17.3,0.0
RP11-353K11.1,0.0
RP11-353M9.1,0.0
RP11-353N14.1,0.0
RP11-353N14.2,0.0
RP11-353N14.3,0.0
RP11-353N14.4,0.0
RP11-353N14.5,0.0
RP11-353N4.1,0.0
RP11-353N4.2,0.0
RP11-353N4.3,0.0
RP11-353N4.4,0.0
RP11-353N4.5,0.0
RP11-353N4.6,0.0
RP11-353N4.7,0.0
RP11-353N4.8,0.7603920768618123
RP11-353P15.1,0.0
RP11-354A14.1,0.0
RP11-354B3.1,0.0
RP11-354E11.2,0.0
RP11-354E23.5,0.0
RP11-354H21.1,0.0
RP11-354H21.2,0.0
RP11-354I10.1,0.0
RP11-354I13.1,0.0
RP11-354I13.2,0.0
RP11-354K1.1,0.0
RP11-354K1.2,0.0
RP11-354K4.1,0.0
RP11-354K4.2,0.0
RP11-354M1.2,0.0
RP11-354M1.3,0.0
RP11-354M20.3,0.0
RP11-354O24.1,0.0
RP11-354P11.2,0.0
RP11-354P11.3,0.253644744093139
RP11-354P11.4,0.0
RP11-354P11.8,0.0
RP11-354P17.15,0.0
RP11-355B11.1,0.0
RP11-355B11.2,0.0
RP11-355E10.1,0.0
RP11-355F16.1,0.0
RP11-355F22.1,0.0
RP11-355I22.2,0.0
RP11-355I22.5,0.0
RP11-355I22.6,0.0
RP11-355I22.7,1.4213491305518202
RP11-355I22.8,0.0
RP11-355K23B.1,0.0
RP11-355N15.1,0.0
RP11-355O1.11,0.0
RP11-355O1.7,0.0
RP11-356B19.11,0.0
RP11-356C4.3,0.0
RP11-356C4.5,0.0
RP11-356I18.1,0.0
RP11-356I2.1,0.0
RP11-356I2.4,0.0
RP11-356J5.12,0.0
RP11-356J5.4,0.0
RP11-356J5.5,0.0
RP11-356K23.1,0.0
RP11-356K23.2,0.0
RP11-356M17.1,0.0
RP11-356M20.1,0.0
RP11-356M20.2,0.0
RP11-356M20.3,0.0
RP11-356N1.2,0.0
RP11-356O22.4,0.0
RP11-356O24.1,0.0
RP11-356O9.1,0.0
RP11-356O9.2,0.0
RP11-357C3.3,0.0
RP11-357C3.3,0.0
RP11-357D18.1,0.0
RP11-357F12.1,0.0
RP11-357G3.1,0.0
RP11-357G3.2,0.0
RP11-357H14.17,0.0
RP11-357H3.1,0.0
RP11-357J22.1,0.0
RP11-357K6.1,0.0
RP11-357K6.2,0.0
RP11-357K6.3,0.0
RP11-357K9.2,0.0
RP11-357K9.2,0.0
RP11-357N13.1,0.0
RP11-357N13.2,0.0
RP11-357N13.3,0.0
RP11-358B23.1,0.0
RP11-358B23.5,0.0
RP11-358D14.2,0.0
RP11-358D17.1,0.0
RP11-358H18.2,0.0
RP11-358H18.3,0.0
RP11-358H9.1,0.0
RP11-358L22.2,0.0
RP11-358L4.1,0.0
RP11-358M11.3,0.0
RP11-358M11.4,0.0
RP11-358M14.2,0.0
RP11-358M3.1,0.0
RP11-358N4.3,0.0
RP11-358N4.5,0.0
RP11-358N4.6,0.0
RP11-359B12.2,0.0
RP11-359B20.1,0.0
RP11-359B20.5,0.0
RP11-359D14.2,0.0
RP11-359D14.3,0.0
RP11-359D24.1,0.0
RP11-359E10.1,0.4127178969233909
RP11-359E19.1,0.0
RP11-359E19.2,0.0
RP11-359E3.4,0.0
RP11-359E7.2,0.0
RP11-359E8.3,0.0
RP11-359E8.5,0.0
RP11-359G22.2,0.0
RP11-359H18.2,0.0
RP11-359H3.1,0.0
RP11-359H3.4,0.0
RP11-359I18.1,0.0
RP11-359I18.5,0.0
RP11-359J14.2,0.0
RP11-359J14.3,0.0
RP11-359J6.1,0.0
RP11-359K18.3,0.0
RP11-359K18.4,0.0
RP11-359M6.1,0.0
RP11-359M6.2,0.0
RP11-359M6.3,0.0
RP11-359N11.1,0.0
RP11-359N11.2,0.0
RP11-359N5.1,0.0
RP11-359P18.1,0.0
RP11-359P18.2,0.0
RP11-359P18.5,0.0
RP11-359P18.6,0.0
RP11-359P18.7,0.0
RP11-359P18.8,0.0
RP11-359P5.1,0.0
RP11-35D5.1,0.0
RP11-35G22.1,0.0
RP11-35G9.3,0.0
RP11-35G9.5,0.0
RP11-35J1.1,0.0
RP11-35J10.4,0.0
RP11-35J10.5,0.0
RP11-35J23.1,0.0
RP11-35L17.3,0.0
RP11-35N6.6,0.0
RP11-35O15.1,0.6204550963106681
RP11-35O7.1,0.0
RP11-35P15.1,0.0
RP11-360A18.1,0.0
RP11-360A18.2,0.0
RP11-360D2.1,0.0
RP11-360D2.2,0.0
RP11-360F5.1,0.0
RP11-360F5.3,0.0
RP11-360I2.1,0.0
RP11-360I20.2,0.0
RP11-360J12.1,0.0
RP11-360K13.1,0.0
RP11-360K13.2,0.0
RP11-360L9.4,0.0
RP11-360L9.7,0.0
RP11-360L9.8,0.0
RP11-360O19.1,0.0
RP11-360O19.4,0.0
RP11-360O19.5,0.0
RP11-360P21.2,0.0
RP11-361A21.1,0.0
RP11-361A21.3,0.0
RP11-361A23.1,0.0
RP11-361A23.2,0.0
RP11-361A23.3,0.0
RP11-361D14.2,0.0
RP11-361D15.2,0.0
RP11-361F15.2,0.0
RP11-361F19.1,0.0
RP11-361H10.3,0.0
RP11-361I14.2,0.0
RP11-361K17.2,0.0
RP11-361L15.4,0.0
RP11-361M10.3,0.0
RP11-361M10.4,0.0
RP11-361M4.1,0.0
RP11-362A1.1,0.0
RP11-362A1.2,0.0
RP11-362A9.3,0.0
RP11-362B23.1,0.0
RP11-362F19.1,0.0
RP11-362F19.2,0.0
RP11-362F19.3,0.0
RP11-362I1.1,0.0
RP11-362J17.1,0.0
RP11-362K14.5,0.0
RP11-362K14.6,0.0
RP11-362K14.7,0.0
RP11-362K2.2,0.0
RP11-362L22.1,0.0
RP11-362M19.1,0.0
RP11-363D14.1,0.0
RP11-363D24.1,0.0
RP11-363E6.1,0.0
RP11-363E6.3,0.0
RP11-363E6.4,0.0
RP11-363E7.3,0.0
RP11-363E7.4,0.253644744093139
RP11-363G10.2,0.0
RP11-363G15.2,0.0
RP11-363G2.4,0.0
RP11-363H12.1,0.0
RP11-363I22.3,0.0
RP11-363J17.1,0.0
RP11-363J20.1,0.0
RP11-363J20.2,0.0
RP11-363L24.2,0.0
RP11-363L24.3,0.0
RP11-363N22.2,0.0
RP11-364B14.1,0.0
RP11-364B14.3,0.0
RP11-364B6.1,0.0
RP11-364B6.2,0.0
RP11-364C11.2,0.0
RP11-364C11.3,0.0
RP11-364L4.1,0.0
RP11-364L4.3,0.0
RP11-364M6.1,0.0
RP11-364P2.2,0.0
RP11-364P22.1,0.0
RP11-364P22.2,0.0
RP11-365D23.2,0.0
RP11-365D23.4,0.0
RP11-365D9.1,0.0
RP11-365F18.1,0.0
RP11-365F18.3,0.0
RP11-365F18.5,0.0
RP11-365F18.6,0.0
RP11-365H22.2,0.0
RP11-365H23.1,0.0
RP11-365H8.2,0.0
RP11-365N19.2,0.0
RP11-365O10.1,0.0
RP11-365O16.1,0.0
RP11-365O16.3,0.0
RP11-365O16.5,0.0
RP11-365O16.6,0.0
RP11-366F6.2,0.0
RP11-366H4.1,0.0
RP11-366H4.3,0.0
RP11-366I13.3,0.0
RP11-366I21.1,0.0
RP11-366L18.1,0.0
RP11-366L20.2,2.428670336570826
RP11-366L20.3,0.0
RP11-366L20.4,0.0
RP11-366L5.1,0.0
RP11-366M4.1,0.0
RP11-366M4.11,1.3187237340792874
RP11-366M4.12,0.0
RP11-366M4.13,0.0
RP11-366M4.14,0.0
RP11-366M4.15,0.0
RP11-366M4.17,0.0
RP11-366M4.18,0.0
RP11-366M4.2,0.0
RP11-366M4.3,0.0
RP11-366M4.6,0.0
RP11-366M4.8,0.0
RP11-366N18.2,0.0
RP11-366O20.5,0.0
RP11-367B6.2,0.0
RP11-367E12.4,0.0
RP11-367F23.1,0.0
RP11-367F23.2,0.0
RP11-367G18.1,0.0
RP11-367G18.2,0.0
RP11-367G6.3,0.0
RP11-367H1.1,0.0
RP11-367H5.8,0.0
RP11-367J11.2,0.0
RP11-367J11.3,0.0
RP11-367J7.3,0.0
RP11-367J7.4,0.0
RP11-367N14.2,0.253644744093139
RP11-367N14.3,0.0
RP11-367O10.1,0.0
RP11-368G3.1,0.0
RP11-368I23.2,0.0
RP11-368I23.3,0.0
RP11-368I23.4,0.0
RP11-368I7.4,0.0
RP11-368J21.3,0.0
RP11-368J22.2,0.0
RP11-368L12.1,0.0
RP11-368M16.10,0.0
RP11-368M16.3,0.0
RP11-368M16.4,0.0
RP11-368M16.5,0.0
RP11-368M16.6,0.0
RP11-368M16.7,0.0
RP11-368M16.8,0.0
RP11-368M16.9,0.0
RP11-368N21.1,0.0
RP11-368P15.1,0.0
RP11-368P15.2,0.0
RP11-368P15.3,0.0
RP11-369C8.1,0.0
RP11-369E15.1,0.0
RP11-369E15.2,0.0
RP11-369E15.3,0.0
RP11-369E15.4,0.0
RP11-369F10.2,0.0
RP11-369G6.2,0.0
RP11-369G6.3,0.0
RP11-369I16.1,0.0
RP11-369J21.11,0.0
RP11-369K16.1,0.0
RP11-369K17.1,0.0
RP11-369K17.2,0.0
RP11-36B15.1,0.0
RP11-36B6.1,0.0
RP11-36B6.1,0.0
RP11-36C20.1,0.0
RP11-36D19.4,0.0
RP11-36D19.8,0.0
RP11-36N20.1,0.0
RP11-370A5.1,0.0
RP11-370A5.2,0.0
RP11-370B11.1,0.0
RP11-370B11.3,0.0
RP11-370B6.1,0.0
RP11-370B6.1,0.0
RP11-370F5.4,0.253644744093139
RP11-370I10.2,0.0
RP11-370I10.4,0.0
RP11-370I10.6,0.0
RP11-370K11.1,0.5288907918624668
RP11-370P15.1,0.0
RP11-370P15.2,0.0
RP11-371A19.2,0.0
RP11-371E8.2,0.0
RP11-371E8.4,0.0
RP11-371F15.3,0.0
RP11-371I1.2,0.0
RP11-371M22.1,0.0
RP11-372E1.1,0.0
RP11-372E1.4,0.0
RP11-372E1.6,0.0
RP11-372E1.7,0.0
RP11-372H2.1,0.0
RP11-372K14.2,0.0
RP11-372K20.1,0.0
RP11-372M18.1,0.0
RP11-372M18.2,0.0
RP11-373A6.1,0.0
RP11-373D23.2,0.0
RP11-373D23.3,0.0
RP11-373D7.1,0.0
RP11-373E16.1,0.0
RP11-373E16.3,0.0
RP11-373E16.4,0.0
RP11-373I8.1,0.0
RP11-373J16.2,0.0
RP11-373J21.1,0.0
RP11-373L24.1,0.0
RP11-373N22.3,0.0
RP11-373N24.2,0.0
RP11-374A22.1,0.0
RP11-374A4.1,0.0
RP11-374C13.1,0.0
RP11-374I15.1,0.0
RP11-374M1.2,0.0
RP11-374M1.3,0.0
RP11-374M1.4,0.0
RP11-374M1.5,0.0
RP11-374M1.7,0.0
RP11-374N7.1,0.0
RP11-374P20.4,0.0
RP11-375A20.1,0.0
RP11-375A5.1,0.0
RP11-375B1.1,0.0
RP11-375B1.2,0.0
RP11-375B1.3,0.0
RP11-375D13.1,0.0
RP11-375D13.2,0.0
RP11-375D13.3,0.0
RP11-375D13.4,0.0
RP11-375H17.1,0.0
RP11-375H19.2,0.0
RP11-375I20.6,0.0
RP11-375N15.1,0.0
RP11-375N15.2,0.0
RP11-375N9.2,0.0
RP11-375O18.2,0.0
RP11-376M2.2,0.0
RP11-376N17.4,0.0
RP11-376O6.2,0.0
RP11-376P6.3,0.0
RP11-377D9.1,0.0
RP11-377D9.3,0.0
RP11-377G16.2,0.0
RP11-377H23.1,0.0
RP11-377K22.2,0.0
RP11-377K22.3,0.0
RP11-378A12.1,0.0
RP11-378A12.1,0.0
RP11-378A13.1,0.0
RP11-378A13.2,0.0
RP11-378E13.3,0.0
RP11-378E13.4,0.0
RP11-378G13.2,0.0
RP11-378I13.1,0.0
RP11-378I6.1,0.5288907918624668
RP11-378I6.2,0.0
RP11-378J18.3,0.0
RP11-378J18.6,0.0
RP11-378J18.8,0.0
RP11-378N18.1,0.0
RP11-379B18.1,2.0876739547681398
RP11-379B18.3,0.5288907918624668
RP11-379B18.5,2.1988403652486808
RP11-379B18.6,0.0
RP11-379B8.1,0.0
RP11-379C1.1,0.0
RP11-379C10.1,0.0
RP11-379C10.4,0.0
RP11-379F12.3,0.0
RP11-379F12.4,0.0
RP11-379F4.1,0.0
RP11-379F4.4,0.0
RP11-379F4.6,0.0
RP11-379F4.7,0.0
RP11-379F4.8,0.0
RP11-379F4.9,0.0
RP11-379H18.1,0.0
RP11-379H8.1,0.0
RP11-379I19.1,0.0
RP11-379I19.2,0.0
RP11-379I19.3,0.0
RP11-379J13.1,0.0
RP11-379J13.2,0.0
RP11-379J5.5,0.0
RP11-379K17.12,0.0
RP11-379K17.2,0.0
RP11-379K17.4,0.0
RP11-379K17.5,0.0
RP11-379K17.9,0.0
RP11-379K22.2,0.253644744093139
RP11-379K22.3,0.0
RP11-379L18.1,0.0
RP11-379P1.4,0.0
RP11-379P15.1,0.0
RP11-37B2.1,0.253644744093139
RP11-37C7.1,0.0
RP11-37C7.2,0.0
RP11-37C7.3,0.0
RP11-37E23.5,0.0
RP11-37J13.1,0.0
RP11-37L2.1,0.0
RP11-37N22.1,0.0
RP11-37O16.3,0.0
RP11-37O16.4,0.0
RP11-37O16.6,0.0
RP11-37O16.7,0.0
RP11-37O16.8,0.0
RP11-380B22.1,0.0
RP11-380D11.2,0.0
RP11-380D15.2,0.0
RP11-380D15.3,0.0
RP11-380D23.1,0.0
RP11-380D23.2,0.0
RP11-380F14.2,0.0
RP11-380G5.2,0.0
RP11-380G5.3,0.0
RP11-380I10.2,0.0
RP11-380I10.3,0.0
RP11-380I10.4,0.0
RP11-380I20.2,0.0
RP11-380J14.1,0.0
RP11-380L11.3,0.0
RP11-380L11.4,1.7817191880906658
RP11-380M21.2,0.6204550963106681
RP11-380M21.4,0.0
RP11-380N8.6,0.0
RP11-380O24.1,0.0
RP11-380P13.1,0.0
RP11-380P13.2,0.0
RP11-381E24.1,0.0
RP11-381G8.1,0.0
RP11-381I15.1,0.0
RP11-381K20.2,2.014232018514904
RP11-381K20.4,0.0
RP11-381K20.5,0.0
RP11-381K7.1,0.0
RP11-381N20.1,0.0
RP11-381N20.2,0.0
RP11-381O7.3,0.0
RP11-381O7.4,0.0
RP11-381O7.6,0.0
RP11-381P6.1,0.0
RP11-382A18.2,0.0
RP11-382A18.3,0.0
RP11-382A20.1,0.0
RP11-382A20.2,0.0
RP11-382A20.4,0.0
RP11-382A20.5,0.0
RP11-382A20.6,0.0
RP11-382A20.7,0.0
RP11-382B18.3,0.0
RP11-382B18.4,0.0
RP11-382B18.5,0.0
RP11-382D12.1,0.0
RP11-382D12.2,0.0
RP11-382D8.3,0.0
RP11-382D8.5,0.0
RP11-382E9.1,0.0
RP11-382F24.1,0.0
RP11-382F24.2,0.0
RP11-382H24.2,0.0
RP11-382J12.1,0.0
RP11-382J24.2,0.0
RP11-382K22.1,0.0
RP11-382M14.1,0.0
RP11-382N13.1,0.0
RP11-382N13.2,0.0
RP11-382N13.3,0.0
RP11-382N13.4,0.0
RP11-382N13.5,0.0
RP11-382N13.6,0.0
RP11-383B24.3,0.0
RP11-383B4.4,0.0
RP11-383C12.2,0.0
RP11-383C5.3,0.0
RP11-383C5.4,0.0
RP11-383C5.5,0.0
RP11-383C5.7,0.0
RP11-383C6.2,0.0
RP11-383D22.1,0.0
RP11-383F6.1,0.0
RP11-383G10.1,0.0
RP11-383G10.3,0.0
RP11-383G10.5,0.0
RP11-383G6.3,0.0
RP11-383G6.4,0.0
RP11-383H13.1,0.0
RP11-383H17.4,0.0
RP11-383I23.2,0.0
RP11-383J24.1,0.0
RP11-383J24.2,0.0
RP11-383J24.6,0.0
RP11-383M4.2,0.0
RP11-383M4.6,0.0
RP11-384A12.1,0.0
RP11-384B12.2,0.0
RP11-384B12.3,0.0
RP11-384C12.1,0.0
RP11-384C21.9,0.0
RP11-384C4.2,0.0
RP11-384C4.3,0.253644744093139
RP11-384C4.6,0.0
RP11-384C4.7,0.0
RP11-384D10.1,0.0
RP11-384E22.1,0.0
RP11-384F7.1,0.0
RP11-384F7.2,2.171865343653194
RP11-384J4.1,0.0
RP11-384J4.2,0.0
RP11-384K6.2,0.0
RP11-384K6.4,0.0
RP11-384K6.6,0.9509808635159877
RP11-384L8.1,0.0
RP11-384L8.2,0.0
RP11-384M15.3,0.0
RP11-384O8.1,0.0
RP11-384P14.1,0.0
RP11-384P7.5,0.0
RP11-384P7.6,0.0
RP11-384P7.7,0.0
RP11-385D13.1,0.0
RP11-385D13.3,0.6960356275201428
RP11-385E5.5,0.0
RP11-385F5.4,0.0
RP11-385F5.5,0.0
RP11-385F7.1,0.0
RP11-385J1.2,0.0
RP11-385J23.1,0.0
RP11-385M4.1,0.0
RP11-385M4.2,0.0
RP11-385M4.3,0.0
RP11-385N17.3,0.0
RP11-385N23.1,0.0
RP11-386B1.1,0.0
RP11-386B13.1,0.0
RP11-386B13.3,0.0
RP11-386B13.4,0.0
RP11-386D6.1,0.253644744093139
RP11-386D6.2,0.0
RP11-386D6.3,0.0
RP11-386G11.10,0.0
RP11-386G11.3,0.0
RP11-386G11.5,0.5288907918624668
RP11-386G11.8,0.0
RP11-386G21.1,0.0
RP11-386G21.2,0.0
RP11-386I14.2,0.0
RP11-386I14.3,0.0
RP11-386I14.4,0.0
RP11-386I23.1,0.0
RP11-386I8.6,0.0
RP11-386M24.1,0.0
RP11-386M24.3,0.0
RP11-386M24.4,0.0
RP11-386M24.5,0.0
RP11-386M24.6,0.0
RP11-386M24.8,0.0
RP11-386M24.9,0.0
RP11-386O9.2,0.0
RP11-386P4.1,0.0
RP11-387A1.5,0.0
RP11-387D10.2,0.0
RP11-387D10.3,0.0
RP11-387H17.4,1.6258250518828512
RP11-387H17.6,0.0
RP11-387M24.5,0.0
RP11-388B24.4,0.0
RP11-388C12.1,0.0
RP11-388C12.5,0.0
RP11-388C12.8,0.0
RP11-388E23.2,0.0
RP11-388E23.3,0.0
RP11-388E23.4,0.0
RP11-388G22.1,0.0
RP11-388G3.1,0.0
RP11-388K12.1,0.0
RP11-388K12.2,0.0
RP11-388K2.1,0.0
RP11-388M20.1,0.0
RP11-388M20.2,0.0
RP11-388M20.6,0.0
RP11-388M20.7,0.0
RP11-388M20.9,0.0
RP11-388N2.1,0.0
RP11-388P9.2,0.0
RP11-389C8.1,0.0
RP11-389C8.2,0.0
RP11-389C8.3,0.0
RP11-389E17.1,0.0
RP11-389G6.3,0.0
RP11-389J22.1,0.0
RP11-389J22.3,0.0
RP11-389K14.3,0.0
RP11-389O22.1,0.0
RP11-389O22.4,0.0
RP11-389O22.5,0.0
RP11-38C18.2,0.0
RP11-38C18.3,0.0
RP11-38F22.1,0.0
RP11-38G5.2,0.0
RP11-38G5.3,0.0
RP11-38G5.4,0.0
RP11-38H17.1,0.0
RP11-38J22.1,0.0
RP11-38J22.1,0.0
RP11-38J22.2,0.0
RP11-38J22.2,0.0
RP11-38J22.3,0.0
RP11-38J22.3,0.0
RP11-38J22.6,0.0
RP11-38L15.2,0.0
RP11-38L15.2,0.0
RP11-38L15.3,0.0
RP11-38L15.3,0.0
RP11-38L15.8,0.0
RP11-38L15.8,0.4127178969233909
RP11-38M15.11,0.0
RP11-38M8.1,0.0
RP11-38O14.5,0.0
RP11-38O14.6,0.0
RP11-38O23.3,0.0
RP11-38O23.3,0.0
RP11-38O23.4,0.0
RP11-38O23.4,0.0
RP11-38O23.7,0.0
RP11-38O23.7,0.0
RP11-38P22.2,0.0
RP11-38P6.1,0.0
RP11-390B4.3,0.0
RP11-390B4.3,0.0
RP11-390B4.5,0.0
RP11-390B4.5,0.0
RP11-390C19.1,0.0
RP11-390D11.1,0.0
RP11-390D11.2,0.0
RP11-390E23.3,0.0
RP11-390E23.6,0.0
RP11-390F10.3,0.0
RP11-390F4.10,0.0
RP11-390F4.2,0.0
RP11-390F4.3,0.0
RP11-390F4.6,0.0
RP11-390F4.8,0.0
RP11-390F4.9,0.0
RP11-390G14.1,0.0
RP11-390K5.1,0.0
RP11-390K5.3,0.0
RP11-390K5.6,0.0
RP11-390M11.1,0.0
RP11-390N6.1,0.0
RP11-390P2.2,0.0
RP11-390P2.4,0.0
RP11-391J13.1,0.0
RP11-391J2.3,0.0
RP11-391L3.1,0.0
RP11-391L3.5,0.0
RP11-391M1.4,0.0
RP11-391M20.1,1.0219824427879696
RP11-391M7.3,0.0
RP11-392A23.4,0.0
RP11-392A23.5,0.0
RP11-392B6.1,0.0
RP11-392C20.1,0.0
RP11-392E22.1,0.0
RP11-392E22.10,0.0
RP11-392E22.11,0.0
RP11-392E22.12,0.0
RP11-392E22.3,0.0
RP11-392E22.5,0.0
RP11-392E22.8,0.0
RP11-392L5.2,0.0
RP11-392M9.2,0.0
RP11-392O1.4,0.0
RP11-392O17.1,0.0
RP11-392O18.2,0.0
RP11-392P7.1,0.0
RP11-392P7.6,0.0
RP11-392P7.7,0.0
RP11-393B14.2,0.0
RP11-393I2.2,0.0
RP11-393I2.4,1.8691171639943336
RP11-393I23.2,0.0
RP11-393I23.3,0.0
RP11-393I23.4,0.0
RP11-393J16.4,0.0
RP11-393K10.1,0.0
RP11-393K12.2,0.0
RP11-393K12.4,0.0
RP11-393K19.1,0.0
RP11-393M11.2,0.0
RP11-393M18.1,0.0
RP11-393M18.4,0.0
RP11-393N21.1,0.0
RP11-393N4.1,0.0
RP11-393N4.2,0.0
RP11-394A14.2,0.0
RP11-394A14.4,0.0
RP11-394B2.6,0.0
RP11-394B5.2,0.0
RP11-394D2.1,0.0
RP11-394G3.2,0.0
RP11-394I13.1,0.0
RP11-394I13.2,0.0
RP11-394I13.3,0.0
RP11-394J1.2,0.0
RP11-394O4.3,0.0
RP11-394O9.1,0.0
RP11-395A13.2,0.0
RP11-395B20.1,0.0
RP11-395B20.2,0.0
RP11-395B7.2,0.0
RP11-395B7.4,0.0
RP11-395B7.7,0.0
RP11-395C17.1,0.0
RP11-395C3.1,0.0
RP11-395D3.1,0.0
RP11-395E19.2,0.0
RP11-395E19.5,0.0
RP11-395E19.7,0.0
RP11-395F4.1,0.0
RP11-395G17.1,0.0
RP11-395G23.3,0.0
RP11-395I14.2,0.0
RP11-395I6.1,0.0
RP11-395I6.2,0.0
RP11-395I6.3,0.0
RP11-395L14.13,0.0
RP11-395L14.17,0.0
RP11-395L14.3,0.0
RP11-395L14.4,0.0
RP11-395L14.5,0.0
RP11-395M19.1,0.0
RP11-395N3.1,0.0
RP11-395N3.2,0.0
RP11-395N6.4,0.0
RP11-395P13.1,0.0
RP11-395P13.2,0.0
RP11-395P13.3,0.0
RP11-395P13.4,0.0
RP11-395P13.5,0.0
RP11-395P13.6,0.0
RP11-395P16.1,0.0
RP11-395P17.11,0.0
RP11-395P17.3,0.0
RP11-396B14.2,0.0
RP11-396C23.2,0.4127178969233909
RP11-396C23.3,0.0
RP11-396C23.4,0.0
RP11-396D18.1,0.0
RP11-396F22.1,0.0
RP11-396J6.1,0.0
RP11-396K3.1,0.0
RP11-396K3.1,0.0
RP11-396M11.1,0.0
RP11-396N11.1,0.0
RP11-396O20.1,0.0
RP11-396O20.2,0.0
RP11-397A15.4,0.0
RP11-397A16.1,0.0
RP11-397A16.2,0.0
RP11-397A16.3,0.0
RP11-397C12.1,0.0
RP11-397C18.2,0.0
RP11-397D12.4,0.0
RP11-397D21.1,0.0
RP11-397E7.1,0.0
RP11-397E7.2,0.0
RP11-397E7.4,0.0
RP11-397G17.1,0.0
RP11-397G5.2,0.0
RP11-397H6.1,0.0
RP11-397J20.1,0.0
RP11-397K18.1,0.0
RP11-397O4.1,0.0
RP11-397O8.7,0.0
RP11-397P13.6,0.0
RP11-397P13.7,0.0
RP11-398A8.1,0.0
RP11-398A8.2,0.0
RP11-398A8.4,0.0
RP11-398B16.2,0.0
RP11-398C13.2,0.0
RP11-398C13.6,0.0
RP11-398E10.1,0.0
RP11-398G24.2,0.0
RP11-398H6.1,0.0
RP11-398J10.2,0.0
RP11-398J16.1,0.0
RP11-398J5.1,0.0
RP11-398K14.1,0.0
RP11-398K22.12,0.0
RP11-398M15.1,0.0
RP11-399D15.1,0.0
RP11-399D15.1,0.0
RP11-399D6.2,0.0
RP11-399E6.1,0.0
RP11-399E6.2,0.0
RP11-399E6.4,0.0
RP11-399F2.2,0.0
RP11-399F4.2,0.0
RP11-399H11.2,0.0
RP11-399H11.3,0.0
RP11-399J13.3,0.0
RP11-399K21.10,0.0
RP11-399K21.11,0.0
RP11-399K21.13,0.0
RP11-399K21.14,0.0
RP11-399K21.5,0.0
RP11-399L7.3,0.0
RP11-399N22.3,0.0
RP11-399O19.9,0.0
RP11-39C10.1,0.7603920768618123
RP11-39E3.3,0.0
RP11-39E3.4,0.0
RP11-39E3.5,0.0
RP11-39H13.1,0.0
RP11-39H3.1,0.0
RP11-39K24.12,0.0
RP11-39K24.13,0.0
RP11-39K24.14,0.0
RP11-39K24.2,0.0
RP11-39K24.4,0.0
RP11-39K24.7,0.0
RP11-39K24.9,0.0
RP11-39M21.1,1.1105557679530071
RP11-39M21.2,0.866058549240148
RP11-3B12.1,0.5288907918624668
RP11-3B12.2,0.0
RP11-3B12.3,0.5288907918624668
RP11-3B12.4,0.0
RP11-3B12.5,0.0
RP11-3B7.1,0.0
RP11-3B7.7,0.0
RP11-3D23.1,0.0
RP11-3D4.2,0.0
RP11-3D4.3,0.0
RP11-3G20.1,0.0
RP11-3G20.2,0.0
RP11-3G21.1,0.0
RP11-3J1.1,0.0
RP11-3J10.4,0.0
RP11-3J10.7,0.0
RP11-3J11.1,0.0
RP11-3K16.1,0.0
RP11-3K16.2,0.0
RP11-3K24.1,0.0
RP11-3K24.2,0.0
RP11-3L10.1,0.0
RP11-3L10.2,0.0
RP11-3L10.3,0.0
RP11-3L21.2,0.0
RP11-3L23.2,0.0
RP11-3L8.3,0.0
RP11-3M1.1,0.0
RP11-3M1.3,0.0
RP11-3N13.2,0.0
RP11-3N2.11,0.0
RP11-3N2.13,0.9105921305334987
RP11-3N2.5,0.0
RP11-3N2.7,0.0
RP11-3N2.8,0.0
RP11-3N2.9,0.0
RP11-3P17.3,0.0
RP11-3P17.4,0.0
RP11-3P17.5,0.253644744093139
RP11-3P22.1,0.0
RP11-3P22.2,0.0
RP11-400D2.2,0.0
RP11-400D2.3,0.0
RP11-400F19.18,0.0
RP11-400F19.6,0.0
RP11-400F19.8,0.0
RP11-400G3.3,0.0
RP11-400K9.1,0.0
RP11-400K9.2,0.0
RP11-400K9.3,0.0
RP11-400K9.4,0.0
RP11-400L8.2,0.0
RP11-400N13.1,0.0
RP11-400N13.2,1.0829908296976
RP11-400N13.3,0.0
RP11-400N9.1,0.0
RP11-401A10.2,0.0
RP11-401E14.2,0.0
RP11-401E5.2,0.0
RP11-401E9.3,0.0
RP11-401F2.2,0.0
RP11-401F2.3,0.0
RP11-401F2.4,0.0
RP11-401G5.1,0.0
RP11-401H2.1,0.0
RP11-401I19.1,0.0
RP11-401L13.5,0.0
RP11-401N16.1,0.0
RP11-401N18.1,0.0
RP11-401O9.3,0.0
RP11-401O9.4,0.0
RP11-401P9.1,0.0
RP11-401P9.4,0.0
RP11-401P9.5,0.0
RP11-401P9.6,0.0
RP11-402C9.1,0.0
RP11-402D21.2,0.0
RP11-402F9.3,0.0
RP11-402G3.3,0.0
RP11-402G3.4,0.0
RP11-402G3.5,0.0
RP11-402G3.6,0.0
RP11-402J6.1,0.0
RP11-402J6.2,0.0
RP11-402J6.3,0.0
RP11-402J7.2,0.0
RP11-402K9.1,0.0
RP11-402L1.11,0.0
RP11-402L1.12,0.0
RP11-402L1.4,0.0
RP11-402L5.1,0.0
RP11-402L5.2,0.0
RP11-402L6.1,0.0
RP11-402N8.1,0.0
RP11-402P6.11,0.0
RP11-402P6.2,0.0
RP11-402P6.3,0.0
RP11-402P6.4,0.0
RP11-402P6.5,0.0
RP11-402P6.6,0.0
RP11-402P6.7,0.0
RP11-402P6.9,0.0
RP11-403A21.1,0.0
RP11-403A21.2,0.0
RP11-403A21.3,0.0
RP11-403B2.3,0.0
RP11-403B2.5,0.0
RP11-403B2.6,0.0
RP11-403B2.7,0.0
RP11-403D15.1,0.0
RP11-403D15.2,0.0
RP11-403E24.1,0.0
RP11-403F21.1,0.0
RP11-403F21.3,0.0
RP11-403H13.1,0.0
RP11-403I13.10,0.0
RP11-403I13.10,0.0
RP11-403I13.4,0.0
RP11-403I13.4,0.0
RP11-403I13.5,0.0
RP11-403I13.5,0.0
RP11-403I13.6,0.0
RP11-403I13.6,0.0
RP11-403I13.7,0.0
RP11-403I13.7,0.0
RP11-403I13.8,0.0
RP11-403I13.8,0.0
RP11-403I13.9,0.0
RP11-403N16.2,0.0
RP11-403N16.3,0.0
RP11-403N16.5,0.0
RP11-403P13.1,0.0
RP11-403P14.1,0.0
RP11-403P17.2,0.0
RP11-403P17.3,0.0
RP11-403P17.5,0.0
RP11-404E12.1,0.0
RP11-404E16.1,0.0
RP11-404E6.1,0.0
RP11-404F10.2,0.0
RP11-404G16.2,0.0
RP11-404H14.1,0.0
RP11-404I7.1,0.0
RP11-404I7.2,0.0
RP11-404J23.1,0.0
RP11-404K5.1,0.0
RP11-404K5.2,0.0
RP11-404K5.3,0.0
RP11-404K5.4,0.0
RP11-404L6.2,0.0
RP11-404O13.1,0.0
RP11-404O13.4,0.0
RP11-404O13.5,0.0
RP11-404O18.1,0.0
RP11-404P21.1,0.0
RP11-404P21.3,0.0
RP11-404P21.5,0.0
RP11-404P21.8,0.0
RP11-404P21.9,0.0
RP11-405A12.1,0.0
RP11-405A12.2,0.0
RP11-405F3.2,0.0
RP11-405F3.4,0.0
RP11-405F3.5,0.0
RP11-405K6.1,0.0
RP11-405L18.2,0.0
RP11-405L18.4,0.0
RP11-405O10.2,0.0
RP11-405P11.1,0.0
RP11-406A20.1,0.0
RP11-406A20.4,0.0
RP11-406A9.2,0.0
RP11-406D1.2,0.0
RP11-406H21.2,0.0
RP11-406H23.2,0.0
RP11-406H4.1,0.0
RP11-406O16.1,0.0
RP11-406O23.2,0.0
RP11-407A16.1,0.0
RP11-407A16.3,0.0
RP11-407A16.4,0.0
RP11-407A16.7,0.0
RP11-407A16.8,0.0
RP11-407B7.1,0.0
RP11-407G23.1,0.0
RP11-407G23.3,0.0
RP11-407G23.4,0.0
RP11-407H12.8,0.0
RP11-407N17.2,0.0
RP11-407N17.3,0.0
RP11-407N17.4,0.0
RP11-407N17.5,0.0
RP11-407N17.6,0.4127178969233909
RP11-407N8.4,0.0
RP11-407P15.1,0.0
RP11-407P15.2,0.0
RP11-407P18.1,0.0
RP11-407P2.1,0.0
RP11-408A13.1,0.0
RP11-408A13.2,0.0
RP11-408A13.3,0.0
RP11-408A13.4,0.0
RP11-408B11.2,0.0
RP11-408E1.1,0.0
RP11-408E5.4,0.0
RP11-408E5.5,0.9509808635159877
RP11-408E5.6,0.0
RP11-408H1.3,0.0
RP11-408H20.1,0.0
RP11-408H20.2,0.0
RP11-408H20.3,0.0
RP11-408I18.9,0.0
RP11-408J6.1,0.0
RP11-408N14.1,0.0
RP11-408O19.3,0.0
RP11-408O19.5,0.0
RP11-408P14.1,0.253644744093139
RP11-409C19.2,0.253644744093139
RP11-409I10.2,0.0
RP11-409K15.1,0.0
RP11-409K20.6,0.0
RP11-409K20.7,0.0
RP11-409O11.3,0.0
RP11-40A13.1,0.0
RP11-40C11.2,0.0
RP11-40C6.2,0.0
RP11-40F6.1,0.0
RP11-40F8.2,0.0
RP11-40G16.1,0.0
RP11-40H19.1,0.0
RP11-40H20.4,0.0
RP11-40H20.5,0.0
RP11-40M23.1,0.0
RP11-410B16.1,0.0
RP11-410C4.1,0.0
RP11-410C4.2,0.0
RP11-410C4.4,0.0
RP11-410C4.5,0.0
RP11-410D17.2,0.0
RP11-410E4.1,0.0
RP11-410K21.2,0.0
RP11-410L14.1,0.0
RP11-410L14.2,0.0
RP11-410N8.1,0.0
RP11-410N8.3,0.0
RP11-410N8.4,0.0
RP11-411B10.2,0.0
RP11-411B10.3,0.0
RP11-411B10.4,0.0
RP11-411B10.5,0.0
RP11-411B10.6,0.0
RP11-411B10.8,0.0
RP11-411G7.2,0.0
RP11-411H5.1,0.0
RP11-411K7.1,0.0
RP11-412B14.1,0.0
RP11-412B14.2,0.0
RP11-412D9.4,0.0
RP11-412H8.2,0.0
RP11-412H9.1,0.0
RP11-412H9.2,0.0
RP11-412P11.1,0.0
RP11-413B19.2,0.0
RP11-413E1.2,0.0
RP11-413E1.4,0.0
RP11-413E6.1,0.0
RP11-413E6.2,0.0
RP11-413E6.7,0.0
RP11-413G15.1,0.0
RP11-413H22.2,0.4127178969233909
RP11-413M3.4,0.0
RP11-413N13.1,0.0
RP11-413P11.1,0.0
RP11-414B7.1,0.0
RP11-414C16.1,0.0
RP11-414H17.2,0.0
RP11-414H17.5,0.0
RP11-414H23.2,0.0
RP11-414H23.3,0.0
RP11-414J4.2,0.0
RP11-415A20.1,0.0
RP11-415C15.1,0.0
RP11-415C15.2,0.0
RP11-415C15.3,0.0
RP11-415D17.1,0.0
RP11-415D17.3,0.0
RP11-415D17.4,0.0
RP11-415F23.2,0.0
RP11-415F23.3,0.0
RP11-415F23.4,0.0
RP11-415H23.4,0.0
RP11-415I12.1,0.0
RP11-415I12.2,0.0
RP11-415I12.3,0.0
RP11-415J8.3,0.0
RP11-415J8.5,0.0
RP11-415J8.7,0.0
RP11-415K20.1,0.0
RP11-415L24.1,0.0
RP11-416A14.1,0.0
RP11-416A17.1,0.0
RP11-416A17.6,0.0
RP11-416H1.1,0.0
RP11-416I2.1,0.0
RP11-416K24.1,0.0
RP11-416K24.2,0.0
RP11-416L21.1,0.0
RP11-416L21.2,0.0
RP11-416N13.1,0.0
RP11-416N2.3,0.0
RP11-416N2.4,1.4588540253591942
RP11-416N4.1,0.0
RP11-416N4.4,0.0
RP11-416O18.1,0.0
RP11-416O18.2,0.0
RP11-417B4.2,0.0
RP11-417B4.3,0.0
RP11-417C21.2,0.0
RP11-417D4.1,0.0
RP11-417E7.1,0.0
RP11-417E7.2,0.0
RP11-417F21.1,0.0
RP11-417F21.2,0.0
RP11-417J1.1,0.0
RP11-417J1.3,0.0
RP11-417J8.1,0.0
RP11-417J8.2,0.0
RP11-417J8.3,0.0
RP11-417J8.6,0.0
RP11-417L14.1,0.0
RP11-417L19.2,0.0
RP11-417L19.4,0.0
RP11-417N10.3,0.0
RP11-417O11.5,0.0
RP11-417P24.1,0.0
RP11-417P24.1,0.0
RP11-418B12.1,0.0
RP11-418I22.2,0.0
RP11-418J17.1,0.0
RP11-418J17.2,0.0
RP11-418J17.3,0.0
RP11-419C19.1,0.0
RP11-419C19.2,0.0
RP11-419C19.3,0.0
RP11-419C23.1,0.0
RP11-419C5.2,0.0
RP11-419I17.1,0.0
RP11-419J16.1,0.0
RP11-419K12.1,0.0
RP11-419L20.2,0.0
RP11-419L4.1,0.0
RP11-419L9.1,0.0
RP11-419M24.1,0.0
RP11-419M24.2,0.0
RP11-419M24.4,0.0
RP11-419M24.5,0.0
RP11-419M24.6,0.0
RP11-419N10.5,0.0
RP11-41L14.1,0.0
RP11-41O4.1,0.0
RP11-41O4.2,0.0
RP11-41O4.3,0.0
RP11-420A21.1,0.0
RP11-420A23.1,0.0
RP11-420A6.2,0.0
RP11-420B22.1,0.0
RP11-420B22.2,0.0
RP11-420G6.4,0.0
RP11-420H19.1,0.0
RP11-420H19.2,0.0
RP11-420H19.3,0.0
RP11-420J11.1,0.0
RP11-420J11.2,0.0
RP11-420K10.1,0.0
RP11-420K14.1,0.0
RP11-420K14.1,0.0
RP11-420K14.2,0.0
RP11-420K14.3,0.0
RP11-420K14.3,0.0
RP11-420K14.6,0.0
RP11-420K14.7,0.0
RP11-420K14.7,0.0
RP11-420K14.8,0.0
RP11-420K14.8,0.0
RP11-420K8.1,1.85007876288628
RP11-420K8.2,0.0
RP11-420L9.2,0.0
RP11-420L9.4,0.0
RP11-420L9.5,0.0
RP11-420M1.2,0.0
RP11-420N3.2,0.0
RP11-420O16.1,0.0
RP11-420O16.2,0.0
RP11-421B23.1,0.0
RP11-421B23.2,0.0
RP11-421E14.2,0.0
RP11-421E17.4,0.0
RP11-421E17.4,0.0
RP11-421F16.3,0.0
RP11-421H10.2,0.0
RP11-421L10.1,0.0
RP11-421L21.2,0.0
RP11-421L21.3,0.0
RP11-421M1.8,0.0
RP11-421N10.1,0.0
RP11-421N8.1,0.5288907918624668
RP11-421N8.2,0.0
RP11-421P23.1,0.0
RP11-421P23.2,0.0
RP11-422J15.1,0.0
RP11-422J8.1,0.0
RP11-422N16.3,0.0
RP11-422P22.1,0.0
RP11-422P24.10,0.0
RP11-422P24.11,0.0
RP11-422P24.9,0.0
RP11-423C15.3,0.0
RP11-423E7.1,0.0
RP11-423F24.3,0.0
RP11-423G4.7,0.0
RP11-423H2.1,0.0
RP11-423H2.3,0.0
RP11-423H2.5,0.0
RP11-423J7.1,0.0
RP11-423O2.1,0.0
RP11-423O2.2,0.0
RP11-423O2.3,0.0
RP11-423O2.5,0.0
RP11-423O2.7,0.0
RP11-423P10.2,0.0
RP11-424C20.2,0.0
RP11-424D14.1,0.0
RP11-424E7.3,0.253644744093139
RP11-424G14.1,0.0
RP11-424I19.1,0.0
RP11-424I19.2,0.0
RP11-424I3.1,0.0
RP11-424M21.1,0.0
RP11-424M22.1,0.0
RP11-424M22.3,1.6496233519400156
RP11-424M24.5,0.0
RP11-424N24.2,0.0
RP11-425A23.1,0.0
RP11-425A6.5,0.0
RP11-425D10.1,0.0
RP11-425D10.10,0.0
RP11-425D10.4,0.0
RP11-425E13.1,0.0
RP11-425I13.1,0.0
RP11-425I13.2,0.0
RP11-425I13.3,0.0
RP11-425L10.1,0.0
RP11-425M17.3,0.0
RP11-426A6.5,0.0
RP11-426C22.4,0.0
RP11-426C22.5,0.0
RP11-426C22.6,0.0
RP11-426J5.2,0.0
RP11-426K3.1,0.0
RP11-426L16.10,0.0
RP11-426L16.3,0.0
RP11-426L16.7,0.0
RP11-426L16.8,0.0
RP11-426L16.9,0.0
RP11-426M1.2,0.0
RP11-427E4.1,0.0
RP11-427H3.3,2.6181369515619948
RP11-427M20.1,0.0
RP11-427P5.2,0.0
RP11-428C19.4,0.0
RP11-428C19.5,0.0
RP11-428C6.2,0.0
RP11-428F8.2,0.0
RP11-428G2.1,0.0
RP11-428G5.1,0.0
RP11-428G5.2,0.0
RP11-428G5.4,0.0
RP11-428G5.5,0.0
RP11-428G5.6,0.0
RP11-428G5.7,0.0
RP11-428I12.1,1.5551393200304595
RP11-428J1.2,0.0
RP11-428J1.4,0.0
RP11-428J1.5,0.0
RP11-428K3.1,0.0
RP11-428L21.1,0.0
RP11-428L21.2,0.0
RP11-428L9.1,0.0
RP11-428L9.2,0.0
RP11-428O23.1,0.0
RP11-428O23.1,0.0
RP11-428P16.2,0.0
RP11-429A20.2,0.0
RP11-429A20.3,0.0
RP11-429A20.4,0.0
RP11-429B14.1,0.0
RP11-429B14.3,0.0
RP11-429B14.4,0.0
RP11-429D19.1,0.0
RP11-429E11.2,0.0
RP11-429E11.3,0.0
RP11-429G17.2,0.0
RP11-429G19.3,0.0
RP11-429H5.1,0.0
RP11-429H9.4,0.0
RP11-429J17.2,0.0
RP11-429J17.2,0.0
RP11-429J17.4,0.0
RP11-429J17.4,0.0
RP11-429J17.5,0.0
RP11-429J17.5,0.0
RP11-429J17.7,0.0
RP11-429J17.7,0.0
RP11-429J17.8,0.0
RP11-429J17.8,0.0
RP11-429K17.1,0.0
RP11-429O1.1,0.0
RP11-429O2.1,0.0
RP11-429P3.2,0.0
RP11-429P3.3,0.0
RP11-429P3.4,0.0
RP11-429P3.5,0.0
RP11-42A4.1,0.0
RP11-42D20.1,0.0
RP11-42I10.1,0.0
RP11-42I10.3,0.0
RP11-42L13.2,0.0
RP11-42L13.2,0.0
RP11-42L13.3,0.0
RP11-42L13.3,0.0
RP11-42O15.2,0.0
RP11-42O15.3,0.0
RP11-430A19.2,0.0
RP11-430B1.1,0.0
RP11-430B1.2,0.0
RP11-430C1.1,0.0
RP11-430C1.2,0.0
RP11-430C7.2,0.0
RP11-430C7.4,0.0
RP11-430C7.5,0.0
RP11-430G17.1,0.0
RP11-430G17.3,0.0
RP11-430H10.1,0.0
RP11-430H10.2,0.0
RP11-430H10.3,0.0
RP11-430H10.4,0.0
RP11-430H12.2,0.0
RP11-430K21.2,0.0
RP11-430L16.1,0.0
RP11-430L17.1,0.0
RP11-430L3.1,0.0
RP11-430N14.4,0.0
RP11-431D12.1,0.0
RP11-431I8.1,0.0
RP11-431J17.1,0.0
RP11-431J24.2,0.0
RP11-431K24.1,0.0
RP11-431K24.2,0.0
RP11-431K24.3,0.0
RP11-431K24.4,0.0
RP11-431M3.1,0.0
RP11-431M3.2,0.0
RP11-431M7.2,0.0
RP11-431M7.3,0.0
RP11-431N15.2,0.0
RP11-432A8.2,0.0
RP11-432B6.1,0.0
RP11-432B6.3,0.0
RP11-432F4.2,0.0
RP11-432I5.1,0.0
RP11-432I5.2,0.0
RP11-432I5.4,0.0
RP11-432I5.6,0.0
RP11-432I5.8,0.0
RP11-432J22.2,0.0
RP11-432J24.2,0.0
RP11-432J24.3,0.0
RP11-432J24.5,0.0
RP11-432J24.6,0.0
RP11-432J9.3,0.0
RP11-432J9.5,0.0
RP11-432J9.6,0.0
RP11-432M24.4,0.0
RP11-432M8.1,0.0
RP11-432M8.10,0.0
RP11-432M8.11,0.0
RP11-432M8.12,0.0
RP11-432M8.13,0.0
RP11-432M8.14,0.0
RP11-432M8.15,0.0
RP11-432M8.16,0.0
RP11-432M8.17,0.0
RP11-432M8.18,0.0
RP11-432M8.19,0.0
RP11-432M8.2,0.0
RP11-432M8.20,0.0
RP11-432M8.3,0.0
RP11-432M8.4,0.0
RP11-432M8.5,0.0
RP11-432M8.6,0.0
RP11-432M8.7,0.0
RP11-432M8.8,0.0
RP11-432M8.9,0.0
RP11-432N13.2,0.0
RP11-432N13.2,0.0
RP11-432N13.3,0.0
RP11-432N13.3,0.0
RP11-432N13.4,0.0
RP11-432N13.4,0.0
RP11-433A10.2,0.0
RP11-433A10.3,0.0
RP11-433B3.1,0.0
RP11-433C9.2,0.0
RP11-433J20.1,0.0
RP11-433J20.2,0.0
RP11-433J22.2,0.0
RP11-433J22.3,0.0
RP11-433J22.3,0.0
RP11-433J8.1,0.0
RP11-433J8.2,0.0
RP11-433M22.1,0.0
RP11-433M22.2,0.0
RP11-433O3.1,0.0
RP11-433P17.1,0.0
RP11-433P17.2,0.0
RP11-433P17.3,0.0
RP11-434B12.1,0.0
RP11-434C1.1,0.0
RP11-434C1.2,0.0
RP11-434C1.3,0.0
RP11-434D11.1,0.0
RP11-434D11.4,0.0
RP11-434D12.1,0.0
RP11-434D2.10,0.0
RP11-434D2.11,0.0
RP11-434D2.12,0.0
RP11-434D2.2,0.866058549240148
RP11-434D2.3,0.0
RP11-434D2.6,0.0
RP11-434D2.7,0.0
RP11-434D2.8,0.0
RP11-434D2.9,0.0
RP11-434D9.1,0.0
RP11-434D9.2,0.0
RP11-434E6.2,0.0
RP11-434H14.1,0.0
RP11-434H6.2,0.0
RP11-434H6.6,0.0
RP11-434H6.7,0.0
RP11-434I12.2,0.0
RP11-434I12.3,0.0
RP11-434I12.4,0.0
RP11-434I12.5,0.0
RP11-434J24.2,0.0
RP11-434J24.2,0.0
RP11-434J24.3,0.0
RP11-434J24.3,0.0
RP11-434O22.1,0.0
RP11-434O22.2,0.0
RP11-434P11.2,0.0
RP11-435B5.1,0.0
RP11-435B5.2,0.0
RP11-435B5.3,0.0
RP11-435B5.4,0.253644744093139
RP11-435B5.5,0.0
RP11-435B5.6,0.0
RP11-435B5.7,0.0
RP11-435D7.3,0.0
RP11-435F13.2,0.0
RP11-435F17.1,0.0
RP11-435F17.3,0.0
RP11-435I10.3,0.0
RP11-435I10.5,0.0
RP11-435I3.1,0.0
RP11-435M3.2,0.0
RP11-435O11.5,0.0
RP11-435O5.2,0.0
RP11-435O5.4,0.0
RP11-435O5.5,0.0
RP11-435O5.6,0.0
RP11-435O5.7,0.0
RP11-435P24.2,0.0
RP11-435P24.3,0.0
RP11-436A7.1,0.0
RP11-436D10.3,0.0
RP11-436D23.1,2.354660715659528
RP11-436F21.1,0.0
RP11-436F23.1,0.0
RP11-436F9.1,0.0
RP11-436G20.1,0.0
RP11-436H11.1,0.0
RP11-436H11.2,0.0
RP11-436H11.3,0.0
RP11-436H11.4,0.0
RP11-436H11.5,0.0
RP11-436H11.6,0.0
RP11-436H16.1,0.0
RP11-436I24.1,0.0
RP11-436I9.3,0.0
RP11-436I9.5,0.0
RP11-436I9.6,0.0
RP11-436J20.1,0.0
RP11-436K8.1,0.6960356275201428
RP11-436M15.1,0.0
RP11-436M15.3,0.0
RP11-436P7.1,0.0
RP11-436P7.2,0.0
RP11-437F6.1,0.0
RP11-437J19.1,0.0
RP11-437L7.1,0.253644744093139
RP11-438B23.2,0.0
RP11-438C19.1,0.0
RP11-438C19.2,0.0
RP11-438D14.2,0.0
RP11-438D8.2,0.0
RP11-438E8.2,0.0
RP11-438F14.10,0.0
RP11-438F14.3,0.0
RP11-438H8.8,0.0
RP11-438J1.1,0.0
RP11-438L19.1,0.0
RP11-438L7.3,0.0
RP11-438N16.1,0.0
RP11-438N16.2,0.0
RP11-438N5.2,0.0
RP11-438N5.4,0.0
RP11-438O11.1,0.0
RP11-438P9.1,0.0
RP11-438P9.2,0.0
RP11-439A17.10,0.0
RP11-439A17.10,0.0
RP11-439A17.4,0.0
RP11-439A17.4,0.0
RP11-439A17.5,0.0
RP11-439A17.5,0.0
RP11-439A17.7,0.0
RP11-439A17.7,0.0
RP11-439A17.9,0.0
RP11-439A17.9,0.0
RP11-439C15.4,0.0
RP11-439C15.5,0.0
RP11-439C8.1,0.0
RP11-439C8.2,0.0
RP11-439E19.1,0.0
RP11-439E19.10,0.0
RP11-439E19.3,0.0
RP11-439E19.6,0.0
RP11-439E19.7,0.0
RP11-439E19.8,0.0
RP11-439E19.9,0.0
RP11-439H13.2,0.0
RP11-439H8.4,0.0
RP11-439H9.1,0.0
RP11-439I14.1,0.0
RP11-439I14.2,0.0
RP11-439I14.3,0.0
RP11-439K3.1,0.0
RP11-439K3.3,0.0
RP11-439L18.1,0.0
RP11-439L18.2,0.0
RP11-439L18.3,0.0
RP11-439L8.2,0.0
RP11-439L8.2,0.0
RP11-439L8.3,0.0
RP11-439L8.3,0.0
RP11-439L8.4,0.0
RP11-439L8.4,0.0
RP11-439L8.5,0.0
RP11-439M11.1,0.0
RP11-43A14.1,0.0
RP11-43D2.2,0.0
RP11-43D4.2,0.0
RP11-43F13.1,0.0
RP11-43F13.3,0.0
RP11-43F13.4,0.0
RP11-43N5.1,0.0
RP11-43P5.1,0.0
RP11-440D17.1,0.0
RP11-440D17.2,0.0
RP11-440D17.3,0.0
RP11-440D17.4,0.0
RP11-440G2.2,0.0
RP11-440G5.2,0.0
RP11-440G9.1,0.0
RP11-440I14.2,0.0
RP11-440I14.3,0.0
RP11-440I14.4,0.0
RP11-440K22.1,0.0
RP11-440L14.1,0.0
RP11-440L14.3,0.0
RP11-440L14.4,0.0
RP11-440L16.1,0.0
RP11-441A11.1,0.0
RP11-441F2.2,0.0
RP11-441F2.5,0.0
RP11-441M10.1,0.0
RP11-441O15.3,0.0
RP11-442A13.1,0.0
RP11-442A17.2,0.0
RP11-442H21.2,0.0
RP11-442J17.3,0.0
RP11-442N1.1,0.0
RP11-442N1.2,0.0
RP11-442N24__B.1,1.6339035873850103
RP11-442O18.1,0.0
RP11-442O18.2,0.0
RP11-442P12.1,0.0
RP11-442P12.2,0.0
RP11-443A13.5,1.0535570409588524
RP11-443B20.1,0.0
RP11-443B7.1,0.0
RP11-443B7.2,0.0
RP11-443B7.3,0.0
RP11-443B9.1,0.0
RP11-443C10.1,0.0
RP11-443C10.2,0.0
RP11-443C10.3,0.0
RP11-443F16.1,0.0
RP11-443G13.2,0.0
RP11-443I9.1,0.0
RP11-443J23.1,0.0
RP11-443K8.1,0.0
RP11-443K8.2,0.0
RP11-443N24.1,0.0
RP11-443N24.2,0.0
RP11-443N24.3,0.0
RP11-443N24.4,0.0
RP11-443O13.3,0.0
RP11-443P15.2,0.0
RP11-444A22.1,0.0
RP11-444B24.2,0.0
RP11-444C12.1,0.0
RP11-444D13.1,0.0
RP11-444D3.1,1.5739182395996751
RP11-444E17.6,0.0
RP11-444J21.2,0.0
RP11-444K7.8,0.0
RP11-444K7.8,0.0
RP11-444P10.1,0.0
RP11-445F12.1,0.0
RP11-445F12.2,0.0
RP11-445F6.2,0.0
RP11-445H22.3,0.0
RP11-445H22.4,0.0
RP11-445J14.1,0.0
RP11-445J9.1,0.0
RP11-445K13.2,0.0
RP11-445L13__B.3,0.0
RP11-445L6.3,0.0
RP11-445N18.3,0.0
RP11-445N18.5,0.0
RP11-445N18.7,0.0
RP11-445N20.3,0.0
RP11-445O16.2,0.0
RP11-445O16.3,0.0
RP11-445O3.1,0.0
RP11-445O3.2,0.0
RP11-445O3.3,0.0
RP11-445P17.3,0.0
RP11-445P17.3,0.0
RP11-445P17.5,0.0
RP11-445P17.5,0.0
RP11-445P17.6,0.0
RP11-445P17.6,0.0
RP11-445P17.8,0.0
RP11-445P17.8,0.0
RP11-445P19.2,0.0
RP11-445P19.3,0.0
RP11-446E24.4,0.0
RP11-446E9.1,0.6204550963106681
RP11-446E9.2,0.0
RP11-446F17.3,0.0
RP11-446F3.2,0.0
RP11-446H13.2,0.0
RP11-446H18.1,0.0
RP11-446H18.5,0.0
RP11-446H18.6,0.0
RP11-446J19.1,0.0
RP11-446J8.1,0.0
RP11-446N19.1,0.0
RP11-446P9.1,0.0
RP11-447B18.1,0.0
RP11-447E20.1,0.0
RP11-447G11.1,0.0
RP11-447H19.1,0.253644744093139
RP11-447H19.2,0.0
RP11-447H19.3,2.2746445520460137
RP11-447L10.1,0.0
RP11-447M12.2,0.0
RP11-447M4.1,0.0
RP11-448A19.1,0.4127178969233909
RP11-448G15.1,0.0
RP11-448G15.3,0.0
RP11-448G4.2,0.0
RP11-448G4.4,0.0
RP11-448K10.1,0.0
RP11-448N11.1,0.0
RP11-448N11.2,0.0
RP11-448N11.3,0.0
RP11-448P19.1,0.0
RP11-449D8.1,0.0
RP11-449D8.2,0.0
RP11-449D8.3,0.0
RP11-449D8.5,0.0
RP11-449G16.1,0.0
RP11-449H11.1,0.0
RP11-449H15.2,0.0
RP11-449H3.1,0.0
RP11-449H3.2,0.0
RP11-449I17.5,0.0
RP11-449I17.9,0.0
RP11-449J1.1,0.0
RP11-449J10.1,0.0
RP11-449J3.3,0.0
RP11-449L13.2,0.0
RP11-449L23.2,0.0
RP11-449L23.3,0.0
RP11-449M6.2,0.253644744093139
RP11-449O16.2,0.0
RP11-449P1.1,0.0
RP11-449P15.1,0.0
RP11-449P15.2,0.0
RP11-44B19.1,0.0
RP11-44D15.6,0.0
RP11-44D19.1,0.0
RP11-44D5.1,0.0
RP11-44F14.1,0.0
RP11-44F14.2,0.0
RP11-44F14.4,0.0
RP11-44F14.5,0.0
RP11-44F14.8,0.0
RP11-44F21.2,0.0
RP11-44F21.3,0.0
RP11-44F21.4,0.0
RP11-44F21.5,0.0
RP11-44H4.1,0.0
RP11-44I10.3,0.0
RP11-44I10.5,0.0
RP11-44I10.6,0.0
RP11-44K6.2,0.0
RP11-44K6.3,0.0
RP11-44K6.4,0.0
RP11-44K6.5,0.0
RP11-44L9.1,0.0
RP11-44L9.2,0.0
RP11-44L9.3,0.0
RP11-44M6.1,0.0
RP11-44M6.3,0.0
RP11-44N11.1,1.3944163697813394
RP11-44N11.2,0.0
RP11-44N11.3,0.0
RP11-44N12.2,0.0
RP11-44N12.4,0.0
RP11-44N12.5,0.0
RP11-44N17.1,0.0
RP11-44N17.2,0.0
RP11-44N21.1,0.0
RP11-44N21.2,0.0
RP11-44N21.4,0.0
RP11-44N22.3,1.1609342125054871
RP11-450D21.1,0.0
RP11-450H5.1,0.0
RP11-450H5.3,0.0
RP11-450H5.4,0.0
RP11-450H6.3,0.0
RP11-450I1.2,0.0
RP11-450I1.4,0.0
RP11-450K4.1,0.0
RP11-451B8.1,0.0
RP11-451F14.1,0.0
RP11-451F20.1,0.0
RP11-451G4.1,0.0
RP11-451G4.2,0.0
RP11-451G4.3,0.0
RP11-451H23.1,0.0
RP11-451H23.2,0.0
RP11-451H23.3,0.0
RP11-451J24.1,0.0
RP11-451K18.7,0.0
RP11-451L19.1,0.0
RP11-451M19.2,0.0
RP11-451M19.3,1.900549254498717
RP11-451N19.1,0.0
RP11-451O13.1,0.0
RP11-451O18.1,0.0
RP11-452B18.2,0.0
RP11-452C13.1,0.0
RP11-452C8.1,0.0
RP11-452D12.1,0.0
RP11-452D2.1,0.0
RP11-452D2.2,0.0
RP11-452D21.1,0.0
RP11-452D21.2,0.0
RP11-452D24.1,0.0
RP11-452F19.3,0.0
RP11-452G18.1,0.0
RP11-452G18.2,0.0
RP11-452H21.1,0.0
RP11-452H21.2,0.0
RP11-452H21.4,0.0
RP11-452J21.2,0.9879310210915638
RP11-452J6.2,0.0
RP11-452K12.3,0.0
RP11-452K12.4,0.0
RP11-452K12.6,0.0
RP11-452K12.7,0.0
RP11-452K20.1,0.0
RP11-452L6.1,1.434214011430753
RP11-452L6.5,0.0
RP11-452L6.7,0.0
RP11-452N4.1,0.0
RP11-453A12.1,0.0
RP11-453D16.1,0.0
RP11-453D16.2,0.0
RP11-453D21.1,0.0
RP11-453E17.3,0.0
RP11-453E17.4,0.0
RP11-453E2.2,0.0
RP11-453F18__B.1,0.0
RP11-453M23.1,0.0
RP11-453N18.1,0.0
RP11-453N3.1,0.0
RP11-453O22.1,0.0
RP11-453O5.1,0.0
RP11-454C18.1,0.0
RP11-454C18.1,0.0
RP11-454C18.2,0.0
RP11-454F8.2,0.0
RP11-454H13.1,0.0
RP11-454K7.1,0.0
RP11-454K7.2,0.0
RP11-454K7.3,0.0
RP11-454L1.2,0.0
RP11-454L9.2,0.0
RP11-454P21.1,0.0
RP11-454P7.1,0.0
RP11-454P7.3,0.0
RP11-455B2.9,0.0
RP11-455B3.1,0.0
RP11-455F5.3,0.0
RP11-455F5.4,0.0
RP11-455F5.5,0.0
RP11-455G16.1,0.0
RP11-455J15.1,0.0
RP11-455J20.3,0.0
RP11-455O6.2,0.0
RP11-456A14.1,0.0
RP11-456D7.1,0.0
RP11-456H18.1,0.0
RP11-456H18.2,0.0
RP11-456I15.2,0.0
RP11-456J20.1,0.0
RP11-456K23.1,0.0
RP11-456O19.2,0.0
RP11-456O19.3,0.0
RP11-456O19.4,0.0
RP11-456O19.5,0.0
RP11-456P18.2,0.0
RP11-457D2.3,0.0
RP11-457D2.3,0.0
RP11-457D20.1,0.0
RP11-457I16.2,0.0
RP11-457I16.4,0.0
RP11-457K10.1,0.0
RP11-457K10.2,0.0
RP11-457M11.2,0.0
RP11-457M11.2,0.0
RP11-457M11.5,0.0
RP11-457M11.5,0.0
RP11-457M11.6,0.0
RP11-457M11.6,0.0
RP11-457P14.5,0.0
RP11-457P14.6,0.0
RP11-458D21.1,0.0
RP11-458D21.5,0.0
RP11-458D21.6,0.0
RP11-458F8.1,0.0
RP11-458F8.2,0.0
RP11-458F8.3,0.0
RP11-458F8.4,1.3018627585701523
RP11-458I7.1,0.0
RP11-458I7.1,0.0
RP11-458K10.1,0.0
RP11-458K10.2,0.0
RP11-458K10.3,0.0
RP11-458N5.1,0.0
RP11-459A10.1,0.0
RP11-459A10.2,0.0
RP11-459A10.3,0.0
RP11-459C13.1,0.0
RP11-459D20.1,0.0
RP11-459D22.1,0.0
RP11-459D22.2,0.0
RP11-459E5.1,0.0
RP11-459F6.1,0.0
RP11-459F6.3,0.0
RP11-459I19.1,0.0
RP11-459K23.2,0.0
RP11-459O1.2,0.0
RP11-459O16.1,0.0
RP11-459O16.3,0.0
RP11-459O16.7,0.0
RP11-45A12.1,0.0
RP11-45A12.2,0.0
RP11-45A16.4,0.0
RP11-45D17.1,0.0
RP11-45F15.1,0.0
RP11-45F15.2,0.0
RP11-45H22.1,0.0
RP11-45H22.2,0.0
RP11-45H22.3,0.0
RP11-45I20.1,0.0
RP11-45J1.1,0.0
RP11-45J1.1,0.0
RP11-45K10.2,0.0
RP11-45L9.1,0.0
RP11-45M22.3,0.0
RP11-45M22.4,0.0
RP11-45M22.5,0.0
RP11-45O22.1,0.0
RP11-45O22.3,0.0
RP11-45P15.2,0.0
RP11-45P15.4,0.0
RP11-45P22.2,0.0
RP11-460B17.1,0.0
RP11-460B17.2,0.0
RP11-460B17.3,0.0
RP11-460C6.1,0.0
RP11-460E7.8,0.0
RP11-460E7.9,0.0
RP11-460H9.1,0.0
RP11-460I13.2,0.0
RP11-460I13.6,0.0
RP11-460I19.2,0.0
RP11-460N11.2,0.0
RP11-460N11.3,0.0
RP11-460N16.1,0.0
RP11-460N20.3,0.0
RP11-460N20.4,0.0
RP11-460N20.5,0.0
RP11-460N20.7,0.0
RP11-461A8.1,0.0
RP11-461A8.4,0.0
RP11-461F11.1,0.0
RP11-461F11.3,0.0
RP11-461F16.3,0.0
RP11-461G12.2,0.0
RP11-461H3.2,0.0
RP11-461K13.1,0.0
RP11-461L13.2,0.0
RP11-461L13.3,0.0
RP11-461L13.4,0.0
RP11-461L13.5,0.0
RP11-461L18.1,0.0
RP11-461M2.2,0.0
RP11-461O14.1,0.0
RP11-461O14.3,0.0
RP11-461O7.1,0.0
RP11-462B18.1,0.0
RP11-462B18.2,0.0
RP11-462B18.3,0.0
RP11-462D18.2,0.0
RP11-462G12.1,0.0
RP11-462G12.2,0.0
RP11-462G12.4,0.0
RP11-462G2.1,0.0
RP11-462G2.2,0.0
RP11-462G22.1,0.0
RP11-462G22.2,0.0
RP11-462G8.3,0.0
RP11-462L8.1,0.0
RP11-462L8.2,0.0
RP11-462P6.1,0.0
RP11-463C14.1,0.0
RP11-463C8.4,0.0
RP11-463C8.5,0.0
RP11-463D19.1,0.0
RP11-463D19.2,0.0
RP11-463H12.2,0.0
RP11-463H24.1,0.0
RP11-463I20.2,0.0
RP11-463I20.3,0.0
RP11-463J10.2,0.0
RP11-463J10.3,0.0
RP11-463J10.4,0.0
RP11-463J17.1,0.0
RP11-463J7.1,0.0
RP11-463J7.2,0.0
RP11-463J7.3,0.0
RP11-463M14.1,0.0
RP11-463M16.4,0.0
RP11-463M16.5,0.0
RP11-463O12.3,0.0
RP11-463O9.1,0.0
RP11-463O9.5,0.0
RP11-463O9.6,0.0
RP11-463O9.9,0.0
RP11-463P17.1,0.0
RP11-463P17.1,0.0
RP11-463P17.3,0.0
RP11-463P17.3,0.0
RP11-464C19.2,0.0
RP11-464C19.3,0.0
RP11-464D20.2,0.0
RP11-464D20.6,0.0
RP11-464F9.1,0.0
RP11-464F9.20,0.0
RP11-464F9.21,0.0
RP11-464F9.22,0.0
RP11-464I4.1,0.0
RP11-464O2.2,0.0
RP11-465B22.3,0.0
RP11-465B22.5,0.0
RP11-465B22.8,0.0
RP11-465I4.2,0.0
RP11-465I4.3,0.0
RP11-465K1.2,0.0
RP11-465K16.1,0.0
RP11-465K4.4,0.0
RP11-465L10.10,0.0
RP11-465L8.1,0.0
RP11-465M18.1,0.0
RP11-465N4.2,0.0
RP11-465N4.4,0.0
RP11-465N4.5,0.0
RP11-465O11.1,0.0
RP11-465O11.2,0.0
RP11-466A17.1,0.0
RP11-466A19.1,0.0
RP11-466A19.3,0.0
RP11-466A19.5,0.0
RP11-466A19.6,0.0
RP11-466A19.8,0.0
RP11-466C23.4,0.0
RP11-466C23.5,0.0
RP11-466F5.10,0.0
RP11-466F5.3,0.0
RP11-466F5.4,0.0
RP11-466F5.6,0.0
RP11-466F5.8,0.9105921305334987
RP11-466F5.9,0.0
RP11-466G12.2,0.0
RP11-466G12.3,0.0
RP11-466H18.1,0.9105921305334987
RP11-466I1.1,0.0
RP11-466J24.1,0.0
RP11-466L17.1,0.0
RP11-466P24.2,0.0
RP11-466P24.4,0.0
RP11-466P24.5,0.0
RP11-466P24.6,0.0
RP11-466P24.7,0.0
RP11-467C18.1,0.0
RP11-467D10.2,0.0
RP11-467D18.2,0.0
RP11-467D6.1,0.4127178969233909
RP11-467H10.1,1.9610998250314529
RP11-467H10.2,0.0
RP11-467I17.1,0.0
RP11-467I20.2,0.0
RP11-467I20.3,0.0
RP11-467I20.4,0.0
RP11-467I20.5,0.0
RP11-467I20.6,0.0
RP11-467J12.1,0.0
RP11-467J12.2,0.0
RP11-467J12.3,0.0
RP11-467J12.4,0.0
RP11-467K18.2,0.0
RP11-467L13.4,0.0
RP11-467L13.5,0.0
RP11-467L19.11,0.0
RP11-467L19.6,0.0
RP11-467L19.8,0.0
RP11-467L20.10,0.0
RP11-467L24.1,0.0
RP11-467M13.2,0.0
RP11-467M13.3,0.0
RP11-467N20.1,0.0
RP11-467N20.5,0.0
RP11-467N20.6,0.0
RP11-467P9.1,0.0
RP11-468B6.1,0.0
RP11-468D11.1,0.0
RP11-468E2.2,0.0
RP11-468E2.4,0.0
RP11-468E2.5,1.4933759616707991
RP11-468E2.6,0.0
RP11-468E2.9,0.0
RP11-468H14.1,0.0
RP11-468H14.2,0.0
RP11-468I15.1,0.0
RP11-468N14.09,0.0
RP11-468N14.1,0.0
RP11-468N14.10,0.0
RP11-468N14.11,0.0
RP11-468N14.12,0.0
RP11-468N14.13,0.0
RP11-468N14.3,0.0
RP11-468N14.4,0.0
RP11-468N14.5,0.0
RP11-468N14.6,0.0
RP11-468N14.7,0.0
RP11-468N14.8,0.0
RP11-468O2.1,0.0
RP11-469A15.2,0.0
RP11-469E19.1,0.0
RP11-469H8.6,0.0
RP11-469H8.8,0.0
RP11-469J4.3,0.0
RP11-469L4.1,0.0
RP11-469M7.1,0.0
RP11-469N6.1,0.0
RP11-469N6.2,0.0
RP11-469N6.3,0.0
RP11-46A10.2,0.0
RP11-46A10.4,0.0
RP11-46A10.5,0.0
RP11-46A10.6,0.0
RP11-46A10.8,0.0
RP11-46B11.2,0.0
RP11-46C24.3,0.0
RP11-46C24.5,0.0
RP11-46C24.6,0.0
RP11-46C24.7,0.0
RP11-46D6.1,0.0
RP11-46D6.4,0.0
RP11-46D6.5,0.0
RP11-46E17.6,0.0
RP11-46F15.2,0.0
RP11-46H11.12,0.0
RP11-46H11.2,0.0
RP11-46H11.3,0.0
RP11-46I1.1,0.0
RP11-46I1.2,0.0
RP11-46I8.1,0.0
RP11-46I8.3,0.0
RP11-46I8.4,0.0
RP11-46J23.1,0.0
RP11-46O21.2,0.0
RP11-46P12.1,0.0
RP11-470B22.1,0.0
RP11-470E16.1,0.0
RP11-470F18.1,0.0
RP11-470L19.2,0.0
RP11-470L19.5,0.0
RP11-470M17.2,0.0
RP11-470P21.2,0.0
RP11-471B18.1,0.0
RP11-471B22.2,0.0
RP11-471G13.2,0.0
RP11-471G13.5,0.0
RP11-471L13.2,0.0
RP11-471L13.3,1.60064667142076
RP11-471M2.3,0.0
RP11-471N19.1,0.0
RP11-472B18.1,0.0
RP11-472D17.1,0.0
RP11-472D17.2,0.0
RP11-472D17.3,0.0
RP11-472D17.4,0.0
RP11-472D17.6,0.0
RP11-472F14.4,0.0
RP11-472F19.1,0.0
RP11-472G21.2,0.0
RP11-472G23.10,0.0
RP11-472G23.3,0.0
RP11-472I20.1,0.0
RP11-472I20.2,0.0
RP11-472K22.1,0.0
RP11-472K22.2,0.0
RP11-472M19.2,0.0
RP11-472N13.2,0.0
RP11-472N13.3,0.0
RP11-472N19.3,0.0
RP11-473A10.2,0.0
RP11-473A17.1,0.0
RP11-473C18.3,0.0
RP11-473C19.1,0.0
RP11-473D24.1,0.0
RP11-473E2.2,0.0
RP11-473E2.3,0.0
RP11-473E2.4,0.0
RP11-473I1.10,0.0
RP11-473I1.5,0.0
RP11-473I1.6,0.0
RP11-473I1.9,2.4325050715827907
RP11-473J6.1,0.0
RP11-473L15.2,0.0
RP11-473L15.3,0.0
RP11-473M10.3,0.0
RP11-473M14.3,0.0
RP11-473M20.11,0.0
RP11-473M20.14,0.253644744093139
RP11-473M20.16,0.0
RP11-473M20.5,0.0
RP11-473M20.7,0.0
RP11-473M20.9,0.0
RP11-473N11.2,0.0
RP11-473O4.1,0.0
RP11-473O4.3,0.0
RP11-473O4.4,0.0
RP11-473O4.5,0.0
RP11-473P24.2,0.0
RP11-474B12.1,0.0
RP11-474B16.1,0.0
RP11-474C8.3,0.0
RP11-474C8.4,0.0
RP11-474C8.5,0.0
RP11-474D1.1,0.0
RP11-474D1.2,0.0
RP11-474D1.3,0.0
RP11-474D1.4,0.0
RP11-474D14.2,0.0
RP11-474G23.1,0.0
RP11-474G23.2,0.0
RP11-474G23.3,1.4821708087520635
RP11-474I11.7,0.0
RP11-474I11.8,0.0
RP11-474I16.8,1.0829908296976
RP11-474J18.1,0.0
RP11-474J18.2,0.0
RP11-474L11.3,0.0
RP11-474L11.5,0.0
RP11-474L23.3,0.0
RP11-474N24.2,0.0
RP11-474N24.6,0.0
RP11-474N8.5,0.0
RP11-474O21.2,0.0
RP11-474O21.5,0.0
RP11-474P12.3,0.0
RP11-474P2.2,0.0
RP11-474P2.4,0.0
RP11-475A13.1,0.0
RP11-475A13.2,0.0
RP11-475B2.1,0.0
RP11-475C16.1,0.0
RP11-475C16.2,0.0
RP11-475D12.1,0.0
RP11-475D12.2,0.0
RP11-475E11.2,0.0
RP11-475I24.1,0.0
RP11-475I24.3,0.0
RP11-475I24.6,0.0
RP11-475I24.7,0.0
RP11-475I24.8,0.0
RP11-475J5.10,0.0
RP11-475J5.11,0.0
RP11-475J5.4,0.0
RP11-475J5.5,0.0
RP11-475J5.6,0.0
RP11-475J5.7,0.0
RP11-475J5.8,0.0
RP11-475J5.9,0.0
RP11-475N22.4,0.0
RP11-475O23.2,0.0
RP11-475O23.3,0.0
RP11-475O6.1,0.0
RP11-476B1.1,0.0
RP11-476B13.2,0.0
RP11-476C8.2,0.0
RP11-476D10.1,0.0
RP11-476F14.1,0.0
RP11-476H20.1,0.0
RP11-476H24.1,0.0
RP11-476J6.1,0.0
RP11-476K15.1,0.0
RP11-476M19.1,0.0
RP11-476M19.2,0.0
RP11-476M19.3,0.0
RP11-476O21.1,0.0
RP11-477D19.2,0.0
RP11-477E3.2,0.0
RP11-477G18.1,0.0
RP11-477G18.2,0.0
RP11-477G9.1,0.0
RP11-477H21.2,0.0
RP11-477J21.2,0.0
RP11-477J21.6,0.0
RP11-477L16.2,0.0
RP11-477N12.3,0.0
RP11-477N3.1,0.0
RP11-478B11.2,0.0
RP11-478B9.1,0.0
RP11-478B9.2,0.0
RP11-478B9.3,0.0
RP11-478C1.7,0.0
RP11-478C1.8,0.0
RP11-478C19.2,0.0
RP11-478C6.1,0.0
RP11-478C6.1,0.0
RP11-478C6.2,0.0
RP11-478C6.2,0.0
RP11-478C6.4,0.0
RP11-478C6.4,0.0
RP11-478C6.5,0.0
RP11-478C6.5,0.0
RP11-478C6.6,0.0
RP11-478C6.6,0.0
RP11-478H13.1,0.0
RP11-478H13.3,0.0
RP11-478H13.4,0.0
RP11-478H16.1,0.0
RP11-478K15.6,0.0
RP11-478K7.2,0.0
RP11-478L17.1,0.0
RP11-478P10.1,0.0
RP11-479A21.1,0.0
RP11-479F13.1,0.0
RP11-479G22.6,0.0
RP11-479G22.7,0.0
RP11-479G22.8,0.0
RP11-479I16.2,0.0
RP11-479J7.1,0.0
RP11-479J7.2,0.0
RP11-479O16.1,0.0
RP11-479O17.10,0.0
RP11-479O17.7,0.0
RP11-479O9.2,0.0
RP11-479O9.2,0.0
RP11-47A17.2,0.0
RP11-47A8.5,0.0
RP11-47F1.1,0.0
RP11-47G11.2,0.0
RP11-47G11.3,0.0
RP11-47G4.1,0.0
RP11-47G4.2,0.0
RP11-47I22.1,0.0
RP11-47I22.2,0.0
RP11-47I22.3,0.0
RP11-47I22.4,0.0
RP11-47J17.1,0.0
RP11-47J17.2,0.0
RP11-47J17.3,0.0
RP11-47K11.2,0.0
RP11-47L3.1,0.0
RP11-47P18.1,0.0
RP11-47P18.2,0.0
RP11-480A16.1,0.0
RP11-480C16.1,0.0
RP11-480C22.1,0.0
RP11-480D4.1,0.0
RP11-480D4.2,0.0
RP11-480D4.4,0.0
RP11-480D4.5,0.0
RP11-480D4.6,0.0
RP11-480G3.1,0.0
RP11-480G7.1,0.0
RP11-480G7.2,0.0
RP11-480G7.3,0.0
RP11-480I12.10,0.0
RP11-480I12.2,0.0
RP11-480I12.4,0.0
RP11-480I12.5,0.0
RP11-480I12.7,0.0
RP11-480I12.9,0.0
RP11-480N24.3,0.0
RP11-480N24.4,0.0
RP11-480O10.1,0.0
RP11-480O10.2,0.0
RP11-481A12.2,0.0
RP11-481A12.2,0.0
RP11-481A12.6,0.0
RP11-481A20.10,0.0
RP11-481A20.11,0.0
RP11-481A20.4,0.0
RP11-481A20.8,0.0
RP11-481C4.1,0.0
RP11-481E4.1,0.0
RP11-481E4.2,0.0
RP11-481G8.2,0.0
RP11-481H12.1,0.0
RP11-481J13.1,0.0
RP11-481J2.1,0.0
RP11-481J2.2,0.0
RP11-481K16.2,0.0
RP11-481K9.4,0.0
RP11-481N16.1,0.0
RP11-482D24.2,0.0
RP11-482D24.3,1.1609342125054871
RP11-482E14.1,0.0
RP11-482E14.2,0.0
RP11-482H16.1,0.0
RP11-482L11.1,0.0
RP11-482L14.1,0.0
RP11-482M8.1,0.0
RP11-482M8.3,0.0
RP11-483A20.3,0.0
RP11-483C6.1,0.0
RP11-483E23.2,0.0
RP11-483E23.3,0.0
RP11-483E23.4,0.0
RP11-483E23.5,0.0
RP11-483E23.7,0.0
RP11-483E23.7,0.0
RP11-483E7.1,0.0
RP11-483F11.7,1.535511556564225
RP11-483G21.3,0.0
RP11-483G21.3,0.0
RP11-483H11.1,0.0
RP11-483H20.4,0.0
RP11-483H20.6,0.0
RP11-483I13.2,0.0
RP11-483I13.5,0.0
RP11-483K5.2,0.0
RP11-483K5.3,0.0
RP11-483L5.1,0.0
RP11-483M24.2,0.0
RP11-483P21.2,0.0
RP11-483P21.3,0.0
RP11-483P21.6,0.0
RP11-484D2.2,0.0
RP11-484D2.3,0.0
RP11-484D2.4,1.9972334333569983
RP11-484D2.5,0.0
RP11-484D4.3,0.0
RP11-484K9.4,0.0
RP11-484L7.1,0.0
RP11-484L7.2,0.0
RP11-484L8.1,0.0
RP11-484M3.5,0.0
RP11-484N16.1,0.0
RP11-484O2.1,0.0
RP11-484P15.1,0.0
RP11-485B17.3,0.0
RP11-485B17.5,0.0
RP11-485C11.1,0.0
RP11-485G4.2,0.8164310788769841
RP11-485G7.5,0.0
RP11-485G7.6,0.0
RP11-485M7.1,0.0
RP11-485M7.3,0.0
RP11-485O10.2,0.0
RP11-485O10.3,0.0
RP11-485O14.1,0.0
RP11-486A14.1,0.0
RP11-486A14.2,0.0
RP11-486B10.3,0.0
RP11-486B10.4,0.0
RP11-486E2.1,0.0
RP11-486F17.1,0.0
RP11-486G15.1,0.0
RP11-486G15.2,0.0
RP11-486L19.2,0.0
RP11-486M23.1,0.0
RP11-486M23.2,0.0
RP11-486M3.2,0.0
RP11-486O12.2,0.0
RP11-486O13.2,0.0
RP11-486O13.3,0.0
RP11-486O13.4,0.0
RP11-486P11.1,0.0
RP11-487E1.2,0.0
RP11-487E13.1,0.0
RP11-487I5.4,0.0
RP11-488C13.1,0.0
RP11-488C13.4,0.0
RP11-488C13.5,0.0
RP11-488C13.6,0.0
RP11-488C13.7,0.0
RP11-488I20.2,0.0
RP11-488I20.3,0.0
RP11-488I20.4,0.0
RP11-488I20.5,0.0
RP11-488I20.7,0.0
RP11-488I20.8,0.0
RP11-488I20.9,0.0
RP11-488I4.2,0.0
RP11-488L1.1,0.0
RP11-488L18.1,0.0
RP11-488L18.10,1.60064667142076
RP11-488L18.3,0.0
RP11-488L18.6,0.0
RP11-488L18.8,0.0
RP11-488L4.1,0.0
RP11-488P3.1,0.0
RP11-489C13.1,0.0
RP11-489D6.2,0.0
RP11-489E7.1,0.0
RP11-489E7.4,0.0
RP11-489G11.3,0.0
RP11-489M13.1,0.0
RP11-489M13.2,0.0
RP11-489M13.3,0.0
RP11-489N22.3,0.0
RP11-489O18.1,0.0
RP11-48B14.1,0.0
RP11-48B3.2,0.6960356275201428
RP11-48B3.3,0.0
RP11-48B3.4,0.0
RP11-48D4.2,0.0
RP11-48F14.1,0.0
RP11-48F14.2,0.0
RP11-48G14.1,0.0
RP11-48G14.2,0.0
RP11-48L13.1,0.0
RP11-48O20.4,0.0
RP11-490C5.1,0.0
RP11-490D19.11,0.0
RP11-490D19.6,0.0
RP11-490D19.8,0.0
RP11-490E15.2,0.0
RP11-490F3.1,0.0
RP11-490G2.2,0.0
RP11-490G8.1,0.0
RP11-490H24.5,0.0
RP11-490H9.1,0.0
RP11-490K7.1,0.0
RP11-490K7.4,0.0
RP11-490M8.1,0.0
RP11-490M8.1,0.0
RP11-490O24.2,0.0
RP11-490O6.2,0.0
RP11-491F9.1,0.0
RP11-491F9.5,0.0
RP11-491F9.6,0.0
RP11-491F9.8,0.0
RP11-491H19.1,0.0
RP11-491H9.3,0.0
RP11-492A10.1,0.0
RP11-492A12.2,0.0
RP11-492D6.3,0.0
RP11-492E3.2,0.0
RP11-492E3.51,0.0
RP11-492I2.1,0.0
RP11-492I21.1,0.0
RP11-492L8.1,0.0
RP11-492L8.2,0.0
RP11-492M19.3,0.0
RP11-492M23.2,0.0
RP11-492O8.1,0.0
RP11-492O8.1,0.0
RP11-493E12.1,0.0
RP11-493E12.2,0.0
RP11-493E3.1,0.0
RP11-493E3.2,0.0
RP11-493G17.4,0.0
RP11-493K19.3,0.0
RP11-493K23.1,0.0
RP11-493K23.1,0.0
RP11-493K23.4,0.0
RP11-493K23.4,0.0
RP11-493L12.3,0.0
RP11-493L12.4,0.0
RP11-493L12.5,0.0
RP11-493L12.6,0.0
RP11-493P1.2,0.0
RP11-494H4.3,0.0
RP11-494I9.1,0.0
RP11-494I9.2,0.0
RP11-494K3.2,0.0
RP11-494M8.1,0.0
RP11-494M8.4,0.0
RP11-494O16.3,0.0
RP11-495K9.3,0.0
RP11-495K9.5,0.0
RP11-495K9.6,0.0
RP11-495K9.7,0.0
RP11-495K9.9,0.0
RP11-495O10.1,0.0
RP11-495O11.1,0.0
RP11-495P10.1,0.0
RP11-495P10.1,0.0
RP11-495P10.10,0.0
RP11-495P10.10,0.0
RP11-495P10.2,0.0
RP11-495P10.3,0.0
RP11-495P10.3,0.0
RP11-495P10.4,0.0
RP11-495P10.4,0.0
RP11-495P10.5,0.0
RP11-495P10.5,0.0
RP11-495P10.6,0.0
RP11-495P10.6,0.0
RP11-495P10.7,0.0
RP11-495P10.7,0.0
RP11-495P10.8,0.0
RP11-495P10.8,0.0
RP11-495P10.9,0.0
RP11-495P10.9,0.0
RP11-496B10.1,0.0
RP11-496B10.3,0.0
RP11-496D1.2,0.0
RP11-496D24.2,0.0
RP11-496H1.1,0.0
RP11-496H1.2,0.0
RP11-496H15.2,0.0
RP11-496I2.2,0.0
RP11-496I2.4,0.0
RP11-496I2.5,0.0
RP11-496I2.6,0.0
RP11-496I2.7,0.0
RP11-496I9.1,0.0
RP11-496N12.6,0.0
RP11-497D6.3,0.0
RP11-497D6.5,0.0
RP11-497E19.1,0.0
RP11-497E19.2,0.0
RP11-497G19.1,0.0
RP11-497G19.2,0.0
RP11-497G19.3,0.0
RP11-497H16.2,0.0
RP11-497H16.4,0.0
RP11-497H16.5,0.0
RP11-497H16.6,0.0
RP11-497H16.7,0.0
RP11-497H16.8,0.0
RP11-497H16.9,0.0
RP11-497H17.1,0.0
RP11-497J7.1,0.0
RP11-497J7.2,0.0
RP11-497J7.4,0.0
RP11-497K15.1,0.0
RP11-497K21.1,0.0
RP11-498B4.4,0.0
RP11-498B4.5,0.0
RP11-498B4.6,0.0
RP11-498C9.12,0.0
RP11-498C9.13,0.0
RP11-498C9.15,0.0
RP11-498C9.16,0.0
RP11-498C9.17,0.0
RP11-498C9.2,0.0
RP11-498C9.3,0.0
RP11-498D10.3,0.0
RP11-498D10.5,0.0
RP11-498D10.6,0.0
RP11-498D10.8,0.0
RP11-498E11.2,0.0
RP11-498E2.7,0.0
RP11-498E2.8,0.0
RP11-498E2.9,0.0
RP11-498J9.2,0.0
RP11-498M14.1,0.0
RP11-498M15.1,0.0
RP11-498M5.2,0.0
RP11-498P14.3,0.0
RP11-498P14.4,0.0
RP11-498P14.5,0.0
RP11-499E18.1,0.253644744093139
RP11-499F3.1,0.0
RP11-499F3.2,0.0
RP11-499O7.4,0.0
RP11-499O7.4,0.0
RP11-499O7.7,0.0
RP11-499O7.7,0.0
RP11-499P1.1,0.0
RP11-499P20.2,1.6175933905056985
RP11-49C24.1,0.0
RP11-49C9.2,0.0
RP11-49C9.2,0.0
RP11-49G10.3,0.0
RP11-49I11.1,0.0
RP11-49I11.2,0.0
RP11-49I11.3,0.0
RP11-49I4.3,0.0
RP11-49K24.4,0.0
RP11-49K24.5,0.0
RP11-49K24.8,0.0
RP11-49K4.2,0.0
RP11-49L2.1,0.0
RP11-49O14.2,0.0
RP11-49O14.3,0.0
RP11-4B14.3,0.0
RP11-4C20.3,0.0
RP11-4C20.4,0.0
RP11-4E23.2,0.0
RP11-4F22.2,0.0
RP11-4F5.2,0.0
RP11-4G2.1,0.0
RP11-4H14.1,0.0
RP11-4K16.2,0.0
RP11-4K3__A.3,0.0
RP11-4K3__A.5,0.0
RP11-4M23.2,0.0
RP11-4M23.3,0.0
RP11-4M23.4,0.0
RP11-4M23.7,0.0
RP11-4N23.1,0.0
RP11-4O1.2,0.0
RP11-4O3.1,0.0
RP11-4O3.2,0.0
RP11-500B12.1,0.0
RP11-500C11.3,0.0
RP11-500G10.4,0.0
RP11-500G22.2,0.0
RP11-500G9.1,0.0
RP11-500K19.1,0.0
RP11-500K19.2,0.0
RP11-500M10.1,0.0
RP11-500M8.4,0.0
RP11-500M8.6,0.0
RP11-500M8.7,0.0
RP11-501C14.5,0.0
RP11-501C14.6,0.0
RP11-501C14.7,0.0
RP11-501C14.9,0.0
RP11-501E14.1,0.253644744093139
RP11-501H19.2,0.0
RP11-501J20.2,0.0
RP11-501J20.3,0.0
RP11-501J20.5,0.0
RP11-501M7.1,0.0
RP11-501O2.1,0.0
RP11-501O2.3,0.0
RP11-501O2.4,0.9879310210915638
RP11-501O2.5,0.0
RP11-502F1.2,0.0
RP11-502H18.2,0.0
RP11-502I4.3,0.0
RP11-502M1.1,0.0
RP11-502M1.2,0.0
RP11-502N13.2,0.0
RP11-503C24.1,0.0
RP11-503C24.2,0.0
RP11-503C24.3,0.0
RP11-503C24.4,0.0
RP11-503C24.6,0.0
RP11-503D12.1,0.0
RP11-503E24.2,0.0
RP11-503E24.3,0.0
RP11-503G7.1,0.0
RP11-503G7.2,0.0
RP11-503I22.2,0.0
RP11-503K16.2,0.0
RP11-503L19.1,0.0
RP11-503L23.1,0.0
RP11-503N18.1,0.0
RP11-503N18.3,0.0
RP11-503N18.4,0.0
RP11-503N18.5,1.60064667142076
RP11-503P10.1,0.0
RP11-504A18.1,0.0
RP11-504E21.1,0.0
RP11-504G3.4,0.0
RP11-504I13.3,0.0
RP11-504P24.2,0.0
RP11-504P24.3,0.0
RP11-504P24.4,0.0
RP11-504P24.5,0.0
RP11-504P24.6,0.0
RP11-504P24.8,0.0
RP11-505C13.1,0.0
RP11-505E24.2,0.0
RP11-505E24.3,0.0
RP11-505K1.1,0.0
RP11-505K9.1,0.0
RP11-505K9.3,0.0
RP11-505K9.4,0.0
RP11-505O17.1,0.0
RP11-505P4.5,0.0
RP11-505P4.6,0.0
RP11-505P4.7,0.0
RP11-506A18.1,0.0
RP11-506B6.3,0.0
RP11-506B6.5,0.0
RP11-506B6.6,0.0
RP11-506D12.5,0.0
RP11-506E9.3,0.0
RP11-506H20.1,0.0
RP11-506H20.2,0.0
RP11-506K19.1,0.0
RP11-506K19.2,0.0
RP11-506K6.4,0.0
RP11-506M12.1,0.0
RP11-506M13.3,1.1105557679530071
RP11-506N2.1,0.0
RP11-506O24.1,0.0
RP11-506O24.2,0.0
RP11-507B12.1,0.0
RP11-507B12.2,0.0
RP11-507D14.4,0.0
RP11-507E23.1,0.0
RP11-507F16.1,0.0
RP11-507J18.1,0.0
RP11-507J18.2,0.0
RP11-507K13.4,0.0
RP11-507K13.6,0.0
RP11-507K2.2,0.0
RP11-507K2.3,0.0
RP11-507M3.1,0.0
RP11-508M1.7,0.0
RP11-508M1.7,0.0
RP11-508M8.1,0.0
RP11-508N12.2,0.0
RP11-508N12.3,0.0
RP11-508N12.4,0.253644744093139
RP11-508N22.10,0.0
RP11-508N22.11,0.0
RP11-508N22.12,0.0
RP11-508N22.13,0.0
RP11-508N22.6,0.0
RP11-508N22.8,0.0
RP11-508N22.9,0.0
RP11-508O18.1,0.0
RP11-508P1.2,0.0
RP11-509A17.3,0.0
RP11-509E10.1,0.0
RP11-509E16.1,0.253644744093139
RP11-509J21.1,0.0
RP11-509J21.2,0.0
RP11-509J21.3,0.0
RP11-509J21.4,0.0
RP11-509M23.1,0.0
RP11-509P12.1,0.0
RP11-50B3.1,0.0
RP11-50B3.2,0.0
RP11-50B3.4,0.0
RP11-50C13.1,0.0
RP11-50C13.2,0.0
RP11-50D9.1,0.0
RP11-50D9.3,0.0
RP11-50E11.2,0.0
RP11-50E11.3,0.0
RP11-50I19.1,0.0
RP11-50O21.1,0.0
RP11-510C10.2,0.0
RP11-510C10.3,0.0
RP11-510C10.4,0.0
RP11-510D19.1,0.0
RP11-510D21.1,0.0
RP11-510D21.2,0.0
RP11-510H23.1,0.0
RP11-510I21.1,0.0
RP11-510I5.4,0.0
RP11-510I6.1,0.0
RP11-510I6.2,0.0
RP11-510I6.3,0.0
RP11-510J16.5,0.0
RP11-510M2.1,0.0
RP11-510M2.2,0.0
RP11-510M2.4,0.0
RP11-510M2.5,0.0
RP11-510M2.6,0.0
RP11-510M2.7,0.0
RP11-510M2.8,0.0
RP11-510N19.2,0.0
RP11-510N19.3,0.0
RP11-510N19.5,0.0
RP11-510P12.1,0.0
RP11-511B23.1,0.866058549240148
RP11-511B23.2,0.0
RP11-511B23.3,1.9972334333569983
RP11-511B23.4,0.0
RP11-511B7.1,0.0
RP11-511H9.3,0.0
RP11-511H9.4,0.0
RP11-511I11.1,0.0
RP11-511I11.2,0.0
RP11-511I2.2,0.0
RP11-511P7.4,0.0
RP11-512F24.1,0.0
RP11-512G4.1,0.0
RP11-512H23.2,0.0
RP11-512M8.3,0.0
RP11-512M8.5,0.0
RP11-512N21.1,0.0
RP11-512N21.3,0.0
RP11-512N4.2,0.0
RP11-513D4.1,0.0
RP11-513D4.2,0.0
RP11-513D4.3,0.0
RP11-513D5.2,0.0
RP11-513D5.5,0.0
RP11-513G11.2,0.0
RP11-513G11.3,0.0
RP11-513G11.4,0.0
RP11-513G19.1,0.0
RP11-513H8.1,0.0
RP11-513I15.6,0.0
RP11-513M1.1,0.0
RP11-513M16.7,0.0
RP11-513M16.8,0.0
RP11-513N24.1,0.0
RP11-513O17.1,0.0
RP11-513O17.2,0.0
RP11-513O17.3,0.0
RP11-514A9.1,0.0
RP11-514D23.1,0.0
RP11-514D23.3,0.0
RP11-514F3.4,0.0
RP11-514F3.5,0.0
RP11-514F8.2,0.0
RP11-514O12.4,0.0
RP11-514P8.2,0.0
RP11-514P8.6,0.0
RP11-514P8.7,0.0
RP11-514P8.8,0.0
RP11-515C16.1,0.0
RP11-515C16.7,0.0
RP11-515E23.1,0.0
RP11-515E23.2,0.0
RP11-515K14.1,0.0
RP11-515O17.2,0.0
RP11-515O17.3,0.0
RP11-516A11.1,0.0
RP11-516A11.3,0.0
RP11-516C1.1,0.0
RP11-516J2.1,0.0
RP11-517A5.4,0.0
RP11-517A5.5,0.0
RP11-517A5.6,0.0
RP11-517A5.7,0.0
RP11-517B11.2,0.0
RP11-517B11.4,0.0
RP11-517B11.6,0.0
RP11-517B11.7,0.0
RP11-517C16.2,0.0
RP11-517C16.4,0.0
RP11-517H2.6,0.253644744093139
RP11-517I3.1,0.0
RP11-517O13.1,0.0
RP11-517O13.3,0.0
RP11-517P14.2,0.0
RP11-517P14.7,0.0
RP11-518I13.1,0.0
RP11-518L10.5,0.0
RP11-519C12.1,0.0
RP11-519G16.2,0.0
RP11-519G16.3,0.0
RP11-519G16.5,0.0
RP11-519M16.1,0.0
RP11-51B23.3,0.6960356275201428
RP11-51C14.1,0.0
RP11-51E20.1,0.0
RP11-51F16.5,0.0
RP11-51F16.8,0.0
RP11-51F16.9,0.0
RP11-51G5.1,0.0
RP11-51I5.1,0.0
RP11-51J9.4,0.0
RP11-51J9.5,0.0
RP11-51J9.6,0.0
RP11-51L5.1,0.0
RP11-51L5.2,0.0
RP11-51L5.3,0.0
RP11-51L5.4,0.0
RP11-51L5.5,0.0
RP11-51L5.7,0.0
RP11-51M18.1,0.0
RP11-51M24.1,0.0
RP11-51O6.1,0.5288907918624668
RP11-51P8.1,0.0
RP11-520A21.1,0.0
RP11-520B13.4,0.0
RP11-520D19.1,0.0
RP11-520D19.2,0.0
RP11-520H11.1,0.0
RP11-520H14.1,0.0
RP11-520H16.4,0.0
RP11-520P18.1,0.0
RP11-520P18.5,0.0
RP11-521A24.1,0.0
RP11-521B24.3,0.0
RP11-521B24.3,0.0
RP11-521B24.5,0.0
RP11-521B24.5,0.0
RP11-521C10.1,0.0
RP11-521C20.1,0.0
RP11-521C20.2,0.0
RP11-521C20.3,0.0
RP11-521D12.1,0.0
RP11-521D12.2,0.0
RP11-521D12.4,0.0
RP11-521D12.5,0.0
RP11-521E5.1,0.0
RP11-521F1.1,0.0
RP11-521I2.3,0.0
RP11-521J24.1,0.0
RP11-521J5.1,0.0
RP11-521L9.1,0.0
RP11-521L9.2,0.0
RP11-521M14.1,0.0
RP11-521M14.2,0.0
RP11-521O16.1,0.0
RP11-521O16.2,0.0
RP11-521P1.1,0.0
RP11-522B15.1,0.0
RP11-522B15.3,0.0
RP11-522B15.4,0.0
RP11-522B15.5,0.0
RP11-522B15.6,0.253644744093139
RP11-522B15.7,0.0
RP11-522D2.1,0.0
RP11-522I20.3,0.0
RP11-522L3.11,0.0
RP11-522L3.3,0.0
RP11-522L3.4,0.0
RP11-522L3.5,0.0
RP11-522L3.6,0.0
RP11-522L3.9,0.0
RP11-522M21.2,0.0
RP11-522M21.3,0.0
RP11-522N14.2,0.0
RP11-523G9.3,0.0
RP11-523H20.3,0.0
RP11-523H24.3,0.0
RP11-523K4.2,0.0
RP11-523L1.2,0.0
RP11-523L20.1,0.0
RP11-523L20.2,0.0
RP11-523O18.1,0.0
RP11-523O18.5,0.0
RP11-523O18.7,0.0
RP11-524C21.1,0.0
RP11-524C21.2,0.0
RP11-524D16__A.3,0.0
RP11-524F11.1,0.0
RP11-524F11.2,0.0
RP11-524G24.2,0.0
RP11-524H19.2,0.0
RP11-524K14.1,0.0
RP11-524K22.1,0.0
RP11-524L6.2,0.0
RP11-524L6.3,0.0
RP11-524L6.4,0.0
RP11-524O1.4,0.0
RP11-524O24.2,0.0
RP11-524P6.1,0.0
RP11-525A16.4,0.0
RP11-525E9.1,0.0
RP11-525G13.2,0.0
RP11-525J21.1,0.0
RP11-525K10.1,0.0
RP11-525K10.2,0.0
RP11-525K10.3,0.0
RP11-526A4.1,0.0
RP11-526D8.7,0.0
RP11-526F3.1,0.0
RP11-526H11.1,0.0
RP11-526I2.1,0.0
RP11-526I2.5,0.0
RP11-526I8.2,0.0
RP11-526K17.2,0.0
RP11-526K21.2,0.0
RP11-526K21.2,0.0
RP11-526N18.1,0.0
RP11-526P5.1,0.0
RP11-526P5.2,0.0
RP11-526P6.1,0.0
RP11-527B17.2,0.0
RP11-527D15.1,0.0
RP11-527D7.1,0.0
RP11-527F13.1,0.0
RP11-527H14.1,0.0
RP11-527H14.2,0.0
RP11-527H14.3,0.0
RP11-527H14.4,0.0
RP11-527H14.6,0.0
RP11-527J8.1,0.0
RP11-527L4.2,0.0
RP11-527L4.5,0.253644744093139
RP11-527L4.6,0.0
RP11-527N22.1,0.0
RP11-527N22.2,0.0
RP11-528A10.1,0.0
RP11-528A10.2,0.0
RP11-528A4.2,0.0
RP11-528A4.3,0.0
RP11-528G1.2,0.0
RP11-528I4.2,0.0
RP11-528M18.3,0.0
RP11-528N21.1,0.0
RP11-529A4.10,0.0
RP11-529A4.12,0.0
RP11-529A4.15,0.0
RP11-529A4.4,0.0
RP11-529A4.5,0.0
RP11-529A4.7,0.0
RP11-529A4.9,0.0
RP11-529E10.6,0.0
RP11-529E10.7,0.0
RP11-529E15.1,0.0
RP11-529F4.1,1.2843206418841475
RP11-529G21.2,0.0
RP11-529G21.3,0.0
RP11-529H2.1,0.0
RP11-529H2.2,0.0
RP11-529H20.3,0.0
RP11-529H20.5,0.0
RP11-529H20.6,0.0
RP11-529H22.1,0.0
RP11-529J17.1,0.0
RP11-529J17.3,0.0
RP11-529J17.5,0.0
RP11-529K1.2,0.866058549240148
RP11-529K1.3,0.0
RP11-529K1.4,0.0
RP11-529P9.1,0.0
RP11-52A20.2,0.0
RP11-52B19.1,0.0
RP11-52B19.10,0.0
RP11-52B19.7,0.0
RP11-52B19.8,0.0
RP11-52I18.1,0.0
RP11-52J3.2,0.0
RP11-52J3.3,0.0
RP11-52L11.4,0.0
RP11-52L11.6,0.0
RP11-52L11.7,0.0
RP11-52L11.9,0.0
RP11-52L5.6,0.0
RP11-52M17.1,0.0
RP11-530A18.1,0.0
RP11-530C5.1,0.0
RP11-530C5.2,0.0
RP11-530I17.1,0.0
RP11-530I17.2,0.0
RP11-530N7.2,0.0
RP11-530N7.3,0.0
RP11-531A21.2,0.0
RP11-531A21.3,0.0
RP11-531A21.4,0.0
RP11-531A24.3,0.0
RP11-531A24.5,0.0
RP11-531A24.7,0.0
RP11-531F16.3,0.4127178969233909
RP11-531F16.4,0.0
RP11-531H8.1,0.0
RP11-531H8.2,0.0
RP11-531P14.1,0.0
RP11-532E4.2,0.0
RP11-532F12.5,0.0
RP11-532F12.6,0.0
RP11-532F6.2,0.0
RP11-532F6.3,0.0
RP11-532F6.4,0.0
RP11-532F6.5,0.0
RP11-532L16.1,0.0
RP11-532L16.3,0.0
RP11-532M24.1,0.0
RP11-532N4.2,0.0
RP11-533E19.2,0.0
RP11-533E19.3,0.0
RP11-533E19.5,0.0
RP11-533E19.7,0.0
RP11-533F5.2,0.0
RP11-533K11.1,0.0
RP11-533K9.3,0.0
RP11-533N14.3,0.0
RP11-533N14.3,0.0
RP11-533O20.2,0.0
RP11-534C12.1,0.0
RP11-534I8.1,0.0
RP11-534L20.4,0.0
RP11-534L20.4,0.0
RP11-534L20.5,0.0
RP11-534L6.2,0.0
RP11-534L6.3,0.0
RP11-534L6.5,0.0
RP11-534N16.1,0.0
RP11-534P19.1,0.0
RP11-535A19.1,0.0
RP11-535A19.2,0.0
RP11-535A5.1,0.0
RP11-535C21.3,0.0
RP11-535C7.1,0.0
RP11-535E8.2,0.0
RP11-535E8.2,0.0
RP11-535I24.2,0.0
RP11-535K18.2,0.0
RP11-535M15.1,0.0
RP11-535M15.2,0.0
RP11-535N6.2,0.0
RP11-536C10.1,0.0
RP11-536C10.10,0.0
RP11-536C10.11,0.0
RP11-536C10.12,0.0
RP11-536C10.13,0.0
RP11-536C10.14,0.0
RP11-536C10.15,0.0
RP11-536C10.16,0.0
RP11-536C10.17,0.0
RP11-536C10.19,0.0
RP11-536C10.2,0.0
RP11-536C10.20,0.0
RP11-536C10.21,0.0
RP11-536C10.22,0.0
RP11-536C10.3,0.0
RP11-536C10.4,0.0
RP11-536C10.5,0.0
RP11-536C10.7,0.0
RP11-536C10.9,0.0
RP11-536C5.2,0.0
RP11-536C5.7,0.0
RP11-536G4.1,0.0
RP11-536G4.2,0.0
RP11-536I6.1,0.0
RP11-536I6.2,0.0
RP11-536K17.1,0.0
RP11-536K7.3,1.1364750726028654
RP11-536K7.5,0.0
RP11-536L3.4,0.0
RP11-536N17.1,0.0
RP11-536O18.1,0.0
RP11-536O18.2,0.0
RP11-536P16.2,0.0
RP11-536P16.2,0.0
RP11-536P16.2,0.0
RP11-536P16.3,0.0
RP11-536P16.4,0.0
RP11-536P16.4,0.0
RP11-536P16.4,0.0
RP11-536P16.5,0.0
RP11-536P6.3,0.0
RP11-537A6.9,0.0
RP11-537E18.1,0.0
RP11-537H15.3,0.0
RP11-537H15.4,0.0
RP11-537I16.2,0.0
RP11-537P22.2,0.0
RP11-538D16.2,0.0
RP11-538D16.3,0.0
RP11-538I12.2,0.0
RP11-538I12.3,0.0
RP11-538P18.1,0.0
RP11-538P18.2,0.0
RP11-539E17.3,0.0
RP11-539E17.5,0.0
RP11-539E19.2,0.0
RP11-539G18.1,0.0
RP11-539G18.2,1.85007876288628
RP11-539I5.1,0.0
RP11-539L10.2,0.0
RP11-539L10.3,0.0
RP11-53A1.2,0.0
RP11-53B2.1,0.253644744093139
RP11-53B2.2,2.651667631186241
RP11-53B2.3,0.0
RP11-53B2.4,0.0
RP11-53B2.5,0.8164310788769841
RP11-53B2.6,0.0
RP11-53B5.1,0.0
RP11-53I6.1,0.0
RP11-53I6.2,0.0
RP11-53I6.3,0.0
RP11-53I6.4,0.0
RP11-53I6.5,0.0
RP11-53L24.1,0.0
RP11-53M11.2,0.0
RP11-53M11.3,0.0
RP11-53M11.4,0.0
RP11-53O19.1,0.0
RP11-53O19.2,0.0
RP11-53O19.3,0.0
RP11-540A21.2,0.253644744093139
RP11-540B6.2,0.0
RP11-540B6.3,0.0
RP11-540B6.6,0.0
RP11-540D4.3,0.0
RP11-540E16.1,0.0
RP11-540E16.2,0.0
RP11-540H22.2,0.0
RP11-540K16.1,0.0
RP11-540K16.2,0.0
RP11-540N6.1,0.0
RP11-540O11.1,0.0
RP11-540O11.4,0.0
RP11-540O11.6,0.0
RP11-540O11.7,0.0
RP11-541E12.1,0.0
RP11-541F9.1,0.0
RP11-541F9.2,0.0
RP11-541G9.1,0.0
RP11-541G9.2,0.0
RP11-541H12.1,0.0
RP11-541M12.3,0.0
RP11-541N10.3,0.0
RP11-541P9.3,0.0
RP11-542A14.1,0.0
RP11-542A14.2,0.0
RP11-542B15.1,0.0
RP11-542C10.1,0.0
RP11-542C16.1,0.0
RP11-542C16.2,0.0
RP11-542E6.3,0.0
RP11-542F9.1,0.0
RP11-542G1.1,0.0
RP11-542G1.2,0.0
RP11-542G1.3,0.0
RP11-542K23.10,0.0
RP11-542K23.7,0.0
RP11-542K23.9,0.0
RP11-542M13.2,0.0
RP11-542M13.3,0.0
RP11-542P2.1,0.0
RP11-543A18.1,0.0
RP11-543B16.1,0.0
RP11-543B16.2,0.0
RP11-543B16.3,0.0
RP11-543C4.1,0.0
RP11-543C4.3,0.0
RP11-543D10.2,0.0
RP11-543D5.1,0.0
RP11-543D5.2,0.0
RP11-543E8.1,0.0
RP11-543E8.2,0.0
RP11-543F8.2,0.0
RP11-543F8.3,0.0
RP11-543G18.1,0.0
RP11-543H12.1,0.0
RP11-543H23.2,0.0
RP11-543N12.1,0.0
RP11-543P15.1,0.0
RP11-544A12.4,1.9573154496595009
RP11-544A12.5,0.0
RP11-544A12.8,1.7984763234491472
RP11-544D21.1,0.0
RP11-544D21.2,0.0
RP11-544H14.1,0.0
RP11-544I20.2,0.0
RP11-544L8__B.4,2.5331504971859498
RP11-544M22.1,0.0
RP11-544M22.3,0.0
RP11-544M22.8,0.0
RP11-545A16.1,0.0
RP11-545A16.3,0.0
RP11-545A16.4,0.0
RP11-545D19.1,0.0
RP11-545E17.3,0.0
RP11-545E8.1,0.0
RP11-545G3.1,1.266040025979822
RP11-545H22.1,0.0
RP11-545I10.2,0.0
RP11-545I5.3,0.4127178969233909
RP11-545L5.1,0.0
RP11-545M17.1,0.0
RP11-545M17.2,0.0
RP11-545M17.3,0.0
RP11-545N8.3,0.0
RP11-545P6.2,0.0
RP11-545P7.4,0.0
RP11-546B15.1,0.0
RP11-546B15.2,0.0
RP11-546B8.1,0.0
RP11-546B8.3,0.0
RP11-546B8.5,0.0
RP11-546J1.1,0.0
RP11-546K22.1,0.0
RP11-546K22.2,0.0
RP11-546K22.3,0.0
RP11-546M21.6,0.0
RP11-546M4.1,0.0
RP11-546O6.4,0.0
RP11-547C13.1,0.0
RP11-547C5.1,0.0
RP11-547C5.2,0.0
RP11-547D23.1,0.0
RP11-547D24.1,0.0
RP11-547D24.3,0.0
RP11-547I7.1,0.0
RP11-547I7.2,0.0
RP11-547L9.1,0.0
RP11-547M24.1,0.0
RP11-548B3.3,0.0
RP11-548B3.3,0.0
RP11-548H18.2,0.0
RP11-548H3.1,0.0
RP11-548K12.1,0.0
RP11-548K12.10,0.0
RP11-548K12.11,0.0
RP11-548K12.12,0.0
RP11-548K12.13,0.0
RP11-548K12.2,0.0
RP11-548K12.3,0.0
RP11-548K12.4,0.0
RP11-548K12.5,0.0
RP11-548K12.6,0.0
RP11-548K12.7,0.0
RP11-548K12.8,0.0
RP11-548K12.9,0.0
RP11-548L20.1,0.0
RP11-548M13.1,0.0
RP11-548N1.1,0.0
RP11-548O1.3,0.0
RP11-548P2.2,0.0
RP11-549A6.1,0.0
RP11-549B18.1,0.0
RP11-549B18.3,0.0
RP11-549J18.1,0.0
RP11-549K20.1,0.0
RP11-549L6.2,0.0
RP11-549L6.3,0.0
RP11-54A4.2,0.0
RP11-54A9.1,0.0
RP11-54C4.1,0.0
RP11-54C4.2,0.0
RP11-54D18.2,0.0
RP11-54D18.3,0.0
RP11-54D18.4,0.0
RP11-54F2.1,0.0
RP11-54I5.1,0.0
RP11-54J7.2,0.0
RP11-54K16.2,0.0
RP11-54O15.3,0.0
RP11-54O7.1,0.0
RP11-54O7.10,0.0
RP11-54O7.11,0.0
RP11-54O7.14,0.0
RP11-54O7.16,0.0
RP11-54O7.17,0.0
RP11-54O7.18,0.0
RP11-54O7.2,0.0
RP11-54O7.3,0.0
RP11-54P19.1,0.0
RP11-550A18.1,0.0
RP11-550A5.2,0.0
RP11-550A9.1,0.0
RP11-550C4.4,0.0
RP11-550C4.6,0.0
RP11-550F7.1,0.0
RP11-550H2.1,0.0
RP11-550H2.2,0.0
RP11-550I15.1,0.0
RP11-550I24.2,0.0
RP11-550I24.3,0.0
RP11-550P17.5,0.0
RP11-551G24.2,0.0
RP11-551G24.3,0.0
RP11-551L14.1,0.0
RP11-551L14.4,0.0
RP11-551L14.6,0.0
RP11-551L14.7,0.0
RP11-552C15.1,0.0
RP11-552D4.1,0.0
RP11-552D8.1,0.0
RP11-552E10.1,0.0
RP11-552E20.1,0.0
RP11-552E20.4,0.0
RP11-552E4.2,0.0
RP11-552E4.2,0.0
RP11-552E4.3,0.0
RP11-552E4.3,0.0
RP11-552E4.4,0.0
RP11-552E4.4,0.0
RP11-552E4.5,0.0
RP11-552E4.5,0.0
RP11-552F3.10,0.0
RP11-552F3.12,0.0
RP11-552F3.13,0.0
RP11-552F3.4,0.0
RP11-552F3.9,0.0
RP11-552I14.1,0.0
RP11-552J9.1,0.0
RP11-552J9.1,0.0
RP11-552J9.11,0.0
RP11-552J9.11,0.0
RP11-552J9.12,0.0
RP11-552J9.13,0.0
RP11-552J9.14,0.0
RP11-552J9.14,0.0
RP11-552J9.15,0.0
RP11-552J9.15,0.0
RP11-552J9.6,0.0
RP11-552J9.6,0.0
RP11-552J9.9,0.0
RP11-552J9.9,0.0
RP11-552M11.4,0.0
RP11-552M11.8,0.0
RP11-552M14.1,0.0
RP11-552O4.1,0.0
RP11-552O4.2,0.0
RP11-553A10.1,0.0
RP11-553A21.3,0.0
RP11-553D4.2,0.0
RP11-553E24.1,0.0
RP11-553E24.2,0.0
RP11-553E24.3,0.0
RP11-553K23.2,0.0
RP11-553K8.2,0.0
RP11-553K8.2,0.0
RP11-553K8.5,0.0
RP11-553K8.5,0.0
RP11-553L6.2,0.0
RP11-553L6.3,0.0
RP11-553L6.5,0.0
RP11-553N16.1,0.0
RP11-553N19.1,0.0
RP11-553P9.1,0.0
RP11-553P9.2,0.0
RP11-553P9.3,0.0
RP11-554A11.4,0.0
RP11-554A11.5,0.0
RP11-554A11.6,0.0
RP11-554A11.7,0.0
RP11-554A11.8,0.0
RP11-554A11.9,0.0
RP11-554D13.1,0.0
RP11-554D14.1,0.0
RP11-554D14.2,0.0
RP11-554D14.3,0.0
RP11-554D14.4,0.0
RP11-554D14.5,0.0
RP11-554D14.6,0.0
RP11-554D14.7,0.0
RP11-554D15.1,0.0
RP11-554D15.2,0.0
RP11-554D15.3,0.0
RP11-554D15.4,0.0
RP11-554D20.1,0.0
RP11-554E23.2,0.0
RP11-554E23.3,0.0
RP11-554E23.4,0.0
RP11-554F20.1,0.0
RP11-554I8.1,0.0
RP11-554I8.2,0.0
RP11-554J4.1,0.0
RP11-554K11.2,0.0
RP11-554L12.1,0.0
RP11-554L12.2,0.0
RP11-554L12.3,0.0
RP11-555F9.2,0.0
RP11-555G19.1,0.0
RP11-555H23.1,0.0
RP11-555H7.2,0.0
RP11-555J4.2,0.0
RP11-555J4.3,0.0
RP11-555J4.4,0.0
RP11-555K12.1,0.0
RP11-555K12.2,0.0
RP11-555M1.3,0.0
RP11-556E13.1,0.0
RP11-556G22.1,0.0
RP11-556G22.2,0.0
RP11-556G22.3,0.0
RP11-556H2.2,0.0
RP11-556H2.3,0.0
RP11-556H2.4,0.0
RP11-556I14.1,0.0
RP11-556I14.2,0.0
RP11-556K13.1,0.0
RP11-556N21.1,0.0
RP11-556N4.1,0.0
RP11-556O15.1,0.0
RP11-556O9.2,2.052503577203945
RP11-556O9.3,0.0
RP11-556O9.4,0.0
RP11-557B13.1,0.0
RP11-557B23.3,0.0
RP11-557C18.3,0.0
RP11-557C18.4,0.0
RP11-557C9.1,0.0
RP11-557C9.3,0.0
RP11-557F20.2,0.0
RP11-557F20.2,0.0
RP11-557H15.3,0.0
RP11-557H15.4,0.0
RP11-557H15.5,0.0
RP11-557J10.3,0.0
RP11-557J10.4,0.0
RP11-557J10.5,0.0
RP11-557L19.1,0.0
RP11-558A11.1,0.0
RP11-558A11.2,0.0
RP11-558A11.3,0.0
RP11-558F24.2,0.0
RP11-558F24.4,0.0
RP11-558F24.6,0.0
RP11-558O12.1,0.0
RP11-559M23.1,0.0
RP11-559N14.5,0.0
RP11-559N14.6,0.0
RP11-55C6.1,0.0
RP11-55K13.1,0.0
RP11-55K22.2,0.0
RP11-55K22.5,0.0
RP11-55L3.1,0.0
RP11-55L4.1,0.0
RP11-55L4.2,0.0
RP11-560A15.3,0.0
RP11-560A15.4,0.0
RP11-560A7.1,0.0
RP11-560B16.5,0.0
RP11-560G2.1,0.0
RP11-560G2.2,0.0
RP11-560I19.1,0.0
RP11-560I19.2,0.0
RP11-560J1.2,0.0
RP11-560L11.1,0.0
RP11-560O20.1,0.0
RP11-561B11.1,0.0
RP11-561B11.3,0.0
RP11-561B11.6,0.0
RP11-561C5.1,0.0
RP11-561C5.4,0.0
RP11-561C5.5,0.0
RP11-561C5.7,0.0
RP11-561E1.1,0.0
RP11-561G1.3,0.0
RP11-561I11.3,0.9509808635159877
RP11-561I11.4,0.0
RP11-561N12.1,0.0
RP11-561N12.2,0.0
RP11-561N12.4,0.0
RP11-561N12.5,0.0
RP11-561N12.6,0.0
RP11-561N12.7,0.0
RP11-561O23.5,0.0
RP11-561O23.7,0.0
RP11-561O23.7,0.0
RP11-561O23.8,0.0
RP11-561O23.8,0.0
RP11-561O23.9,0.0
RP11-561O4.1,0.0
RP11-561P12.2,0.0
RP11-561P12.5,0.0
RP11-562A8.1,0.0
RP11-562A8.4,0.0
RP11-562A8.5,0.0
RP11-562F9.1,0.0
RP11-562F9.2,0.0
RP11-562L8.1,0.0
RP11-562M8.4,0.0
RP11-563D10.1,0.0
RP11-563E2.2,0.0
RP11-563H6.1,0.0
RP11-563J2.2,1.6794524383704983
RP11-563K23.1,0.0
RP11-563M4.1,0.0
RP11-563N12.2,0.0
RP11-563N4.1,0.0
RP11-563N6.6,0.0
RP11-563P16.1,0.0
RP11-564A8.4,0.0
RP11-564A8.8,0.0
RP11-564C24.1,0.0
RP11-564C4.4,0.0
RP11-564C4.6,0.0
RP11-564D11.3,0.0
RP11-564P9.1,0.0
RP11-565A3.1,0.0
RP11-565A3.2,0.0
RP11-565F19.2,0.0
RP11-565F19.3,0.0
RP11-565F19.4,0.0
RP11-565F4.1,0.0
RP11-565H13.3,0.0
RP11-565J7.1,0.0
RP11-565N2.1,0.0
RP11-565N2.2,0.0
RP11-565P22.2,0.0
RP11-565P22.6,0.0
RP11-566E18.3,0.0
RP11-566F5.1,0.0
RP11-566F5.2,0.0
RP11-566H8.1,0.0
RP11-566H8.2,0.0
RP11-566H8.3,0.0
RP11-566J3.2,0.0
RP11-566J3.4,0.0
RP11-566K11.4,0.0
RP11-566K11.5,0.0
RP11-566K11.7,0.0
RP11-566K19.3,0.0
RP11-566K19.4,0.0
RP11-566K19.5,0.0
RP11-566K19.6,0.0
RP11-566K19.8,0.0
RP11-566K19.9,0.0
RP11-567B20.1,0.0
RP11-567B20.2,0.0
RP11-567C2.1,0.0
RP11-567C20.2,0.0
RP11-567C20.3,0.0
RP11-567E21.3,0.0
RP11-567G11.1,0.0
RP11-567G24.1,0.253644744093139
RP11-567G24.3,0.0
RP11-567I13.1,0.0
RP11-567J20.1,0.0
RP11-567J20.2,0.0
RP11-567J20.3,0.0
RP11-567J24.4,0.0
RP11-567L7.5,0.0
RP11-567L7.6,0.0
RP11-567L7.7,0.0
RP11-567M16.1,0.0
RP11-567M16.2,0.0
RP11-567M16.3,0.0
RP11-567M16.5,0.0
RP11-567M21.3,0.0
RP11-567N4.2,0.0
RP11-567N4.3,0.0
RP11-567O16.1,0.0
RP11-567O18.1,0.0
RP11-567P17.1,0.0
RP11-567P17.2,0.0
RP11-568A19.1,0.0
RP11-568A7.1,0.0
RP11-568A7.2,0.0
RP11-568A7.3,0.0
RP11-568G11.4,0.0
RP11-568G11.5,0.0
RP11-568G20.2,0.0
RP11-568J23.1,0.0
RP11-568J23.4,0.0
RP11-568J23.5,0.0
RP11-568J23.6,0.0
RP11-568J23.7,0.0
RP11-568K15.1,0.0
RP11-568N6.1,0.0
RP11-569A11.1,0.6204550963106681
RP11-569A11.2,0.0
RP11-569A2.2,0.0
RP11-569G13.2,0.0
RP11-569G9.7,0.0
RP11-569H17.1,0.0
RP11-56A10.1,0.0
RP11-56B16.1,0.0
RP11-56B16.2,0.0
RP11-56B16.4,0.0
RP11-56B16.5,0.0
RP11-56F10.3,0.0
RP11-56G10.2,0.0
RP11-56H16.1,0.0
RP11-56H2.2,0.0
RP11-56H2.2,0.0
RP11-56H7.2,0.0
RP11-56I23.1,0.0
RP11-56L13.1,0.0
RP11-56L13.4,0.0
RP11-56L13.6,0.0
RP11-56L13.7,0.0
RP11-56M3.1,0.0
RP11-56N19.5,0.0
RP11-56O18.1,0.0
RP11-56P9.10,0.0
RP11-56P9.11,0.0
RP11-56P9.4,0.0
RP11-56P9.5,0.0
RP11-56P9.6,0.0
RP11-56P9.8,0.0
RP11-570G20.1,0.0
RP11-570H19.2,0.0
RP11-570K4.1,0.0
RP11-570L15.1,0.0
RP11-570L15.2,0.0
RP11-570P14.1,0.0
RP11-571E6.1,0.0
RP11-571E6.3,0.0
RP11-571E6.4,0.0
RP11-571F15.2,0.0
RP11-571F15.3,0.253644744093139
RP11-571I18.2,0.0
RP11-571I18.4,0.0
RP11-571L19.7,0.0
RP11-571L19.8,0.0
RP11-571M6.1,0.0
RP11-571M6.15,0.0
RP11-571M6.17,1.2469559880685197
RP11-571M6.18,0.0
RP11-571M6.7,0.0
RP11-571M6.8,0.0
RP11-571O6.1,0.0
RP11-572C15.3,0.0
RP11-572C15.5,0.0
RP11-572C15.6,0.0
RP11-572C21.1,0.0
RP11-572F4.1,0.0
RP11-572H4.1,0.0
RP11-572M11.1,0.0
RP11-572M11.2,0.0
RP11-572M11.3,0.0
RP11-572M11.4,0.0
RP11-572O17.1,0.0
RP11-572O6.1,0.0
RP11-572P18.1,0.866058549240148
RP11-572P18.2,0.0
RP11-573D15.1,0.0
RP11-573D15.2,0.0
RP11-573D15.3,0.0
RP11-573D15.6,0.0
RP11-573D15.8,0.0
RP11-573D15.9,0.0
RP11-573E11.2,0.0
RP11-573G6.10,0.0
RP11-573G6.2,0.0
RP11-573G6.6,0.0
RP11-573G6.8,0.0
RP11-573G6.9,0.0
RP11-573J24.1,0.0
RP11-573M3.3,0.0
RP11-573M3.4,0.0
RP11-573N10.1,2.114952341510742
RP11-574F11.3,0.0
RP11-574F21.2,0.0
RP11-574H6.1,0.0
RP11-574K11.27,0.0
RP11-574K11.28,1.2060714458283772
RP11-574K11.29,0.0
RP11-574K11.31,0.6204550963106681
RP11-574K11.5,1.5042992690810633
RP11-574K11.8,0.0
RP11-574M7.1,0.0
RP11-574M7.2,0.0
RP11-574O16.1,0.0
RP11-574O7.1,0.0
RP11-575A19.2,0.0
RP11-575B7.3,0.0
RP11-575C1.1,0.0
RP11-575C20.1,0.0
RP11-575F12.1,0.0
RP11-575F12.2,0.0
RP11-575G13.2,0.0
RP11-575G13.3,0.0
RP11-575H3.1,0.0
RP11-575I8.1,0.0
RP11-575L7.2,0.0
RP11-575L7.4,0.0
RP11-575L7.8,0.0
RP11-575M4.1,0.0
RP11-575N15.1,0.0
RP11-576C12.1,0.253644744093139
RP11-576C2.1,0.0
RP11-576D8.4,0.0
RP11-576E20.1,0.0
RP11-576I22.2,0.0
RP11-576M8.2,0.0
RP11-576N17.2,0.0
RP11-576N17.3,0.0
RP11-576N17.4,0.0
RP11-576N17.5,0.0
RP11-577B7.1,0.0
RP11-577G20.1,0.0
RP11-577G20.2,0.0
RP11-577H5.1,0.0
RP11-577N1.1,0.0
RP11-577N1.2,0.0
RP11-578C11.2,0.0
RP11-578F21.10,0.0
RP11-578F21.12,1.7206743438370773
RP11-578F21.13,0.0
RP11-578F21.2,0.0
RP11-578F21.3,0.0
RP11-578F21.4,0.0
RP11-578F21.4,0.0
RP11-578F21.6,0.0
RP11-578F21.9,0.0
RP11-578O24.2,0.0
RP11-579D7.2,0.0
RP11-579D7.4,0.0
RP11-579D7.8,0.0
RP11-579E24.1,0.0
RP11-579E24.2,0.0
RP11-579O24.1,1.900549254498717
RP11-579O24.3,0.0
RP11-57A1.1,0.0
RP11-57A19.2,0.0
RP11-57A19.4,0.0
RP11-57A19.5,0.0
RP11-57B24.1,0.0
RP11-57B24.2,0.0
RP11-57C13.3,0.0
RP11-57C13.4,0.0
RP11-57C13.5,0.0
RP11-57C13.6,0.0
RP11-57C19.2,0.0
RP11-57C19.6,0.0
RP11-57G10.1,0.0
RP11-57G10.8,0.0
RP11-57G22.1,0.0
RP11-57H12.2,0.0
RP11-57H12.3,1.0219824427879696
RP11-57H12.5,0.0
RP11-57H12.6,0.0
RP11-57H14.2,0.0
RP11-57H14.3,0.0
RP11-57H14.4,0.0
RP11-57I17.3,0.0
RP11-57J16.1,0.0
RP11-57K17.1,0.0
RP11-57P19.1,0.0
RP11-580I1.1,0.0
RP11-580I1.2,0.0
RP11-580I16.2,0.253644744093139
RP11-580J4.1,0.0
RP11-580P21.1,0.0
RP11-582E3.2,0.0
RP11-582E3.4,0.0
RP11-582E3.5,0.0
RP11-582J16.3,0.0
RP11-582J16.4,0.9105921305334987
RP11-582J16.5,0.0
RP11-583F2.1,0.0
RP11-583F2.2,0.0
RP11-583F2.5,0.0
RP11-583F2.6,0.0
RP11-583F24.3,0.0
RP11-583F24.4,0.0
RP11-583F24.5,0.0
RP11-583F24.6,0.0
RP11-583F24.7,0.0
RP11-583F24.8,0.0
RP11-583M2.2,0.0
RP11-584P21.2,1.6092026860167012
RP11-584P21.4,0.0
RP11-585F1.10,0.0
RP11-585F1.2,0.0
RP11-585F1.6,0.0
RP11-585F1.8,0.0
RP11-585K14.2,0.0
RP11-585K6.2,0.0
RP11-585P4.5,0.0
RP11-586D19.1,0.0
RP11-586D19.2,0.0
RP11-586E1.1,0.0
RP11-586K12.10,0.0
RP11-586K12.11,0.0
RP11-586K12.13,0.0
RP11-586K12.4,0.0
RP11-586K12.5,0.0
RP11-586K12.7,0.0
RP11-586K12.8,0.0
RP11-586K2.1,0.0
RP11-586L23.1,0.0
RP11-587D21.1,0.0
RP11-587D21.4,0.0
RP11-587H10.1,0.0
RP11-587H10.2,0.0
RP11-587P21.1,0.0
RP11-587P21.2,0.0
RP11-587P21.3,0.0
RP11-588D3.1,0.0
RP11-588F10.1,0.0
RP11-588G21.2,0.0
RP11-588H23.3,0.0
RP11-588H23.5,0.0
RP11-588K22.2,0.0
RP11-588L15.1,0.0
RP11-588L15.2,0.0
RP11-588P7.1,0.0
RP11-588P7.2,0.0
RP11-588P8.1,0.0
RP11-589B3.6,0.0
RP11-589B3.7,0.0
RP11-589C21.1,0.0
RP11-589C21.2,0.0
RP11-589C21.5,0.0
RP11-589C21.6,0.0
RP11-589F4.2,0.0
RP11-589F5.3,0.0
RP11-589F5.4,0.0
RP11-589M4.1,0.0
RP11-589M4.2,0.0
RP11-589M4.3,0.0
RP11-589M4.4,0.0
RP11-589N15.1,0.0
RP11-589N15.2,0.0
RP11-589P10.5,0.0
RP11-589P10.7,0.0
RP11-58A11.2,0.253644744093139
RP11-58A12.3,0.0
RP11-58A17.2,0.0
RP11-58A17.2,0.0
RP11-58A17.3,0.0
RP11-58A17.3,0.0
RP11-58A17.4,0.0
RP11-58A18.1,0.0
RP11-58B17.2,0.0
RP11-58B2.1,0.0
RP11-58C22.1,0.0
RP11-58E21.1,0.0
RP11-58E21.3,1.4933759616707991
RP11-58E21.4,0.0
RP11-58E21.5,0.0
RP11-58E21.7,0.0
RP11-58G13.1,0.0
RP11-58H15.1,0.0
RP11-58H15.3,0.0
RP11-58K22.1,0.0
RP11-58K22.2,0.0
RP11-58K22.4,0.0
RP11-58K22.5,0.0
RP11-58O15.1,0.0
RP11-58O3.1,0.0
RP11-58O3.2,0.0
RP11-58O9.1,0.0
RP11-591L14.1,0.0
RP11-591L14.2,0.0
RP11-592B15.3,0.0
RP11-592B15.4,0.0
RP11-592B15.6,0.0
RP11-592B15.6,0.0
RP11-592B15.8,0.0
RP11-592B15.9,0.0
RP11-592H6.3,0.0
RP11-592N21.1,0.0
RP11-592N21.2,0.0
RP11-592P9.1,0.0
RP11-593F23.1,0.0
RP11-593F5.1,0.0
RP11-593F5.2,0.0
RP11-593P24.2,0.0
RP11-593P24.3,0.0
RP11-593P24.4,0.0
RP11-594C13.1,0.0
RP11-594C13.2,0.0
RP11-594N15.2,0.0
RP11-594N15.3,0.0
RP11-595B24.1,0.0
RP11-595B24.2,0.0
RP11-596D21.1,1.60064667142076
RP11-597A11.1,0.0
RP11-597A11.2,0.0
RP11-597A11.3,0.0
RP11-597A11.4,0.0
RP11-597A11.6,0.0
RP11-597D13.7,0.0
RP11-597D13.8,0.0
RP11-597D13.9,2.21383520748566
RP11-597G23.1,0.0
RP11-597K23.1,0.0
RP11-597K23.2,0.0
RP11-597M12.1,0.0
RP11-597M17.1,0.0
RP11-597M17.2,0.0
RP11-597M17.3,0.0
RP11-598C10.1,0.0
RP11-598C10.2,0.0
RP11-598D12.1,0.0
RP11-598D12.2,0.0
RP11-598D12.3,0.0
RP11-598D12.4,0.0
RP11-598D14.1,0.0
RP11-598F17.2,0.0
RP11-598F7.1,0.0
RP11-598F7.1,0.0
RP11-598F7.3,0.0
RP11-598F7.3,0.0
RP11-598F7.3,0.0
RP11-598F7.4,0.0
RP11-598F7.4,0.0
RP11-598F7.4,0.0
RP11-598F7.5,0.0
RP11-598F7.5,0.0
RP11-598F7.5,0.0
RP11-598F7.6,0.0
RP11-598G2.1,0.0
RP11-598O12.1,0.0
RP11-598O8.1,0.0
RP11-598P20.3,0.0
RP11-598P20.5,0.0
RP11-599B13.3,0.0
RP11-599B13.6,0.0
RP11-599B13.7,0.0
RP11-599B13.8,0.0
RP11-599J14.2,0.0
RP11-59D5__B.2,0.0
RP11-59D5__B.3,0.0
RP11-59E19.1,0.0
RP11-59E19.3,0.0
RP11-59E19.4,0.0
RP11-59H1.1,0.0
RP11-59H1.4,0.0
RP11-59H7.1,0.0
RP11-59H7.3,0.0
RP11-59J16.1,0.0
RP11-59J16.2,0.0
RP11-59K5.1,0.253644744093139
RP11-59N23.1,0.0
RP11-59N23.3,0.0
RP11-59O2.1,0.0
RP11-59O6.3,0.0
RP11-5A11.1,0.0
RP11-5A11.2,0.0
RP11-5A19.5,0.0
RP11-5C23.1,0.0
RP11-5C23.2,0.0
RP11-5G18.2,0.0
RP11-5K16.3,0.0
RP11-5K23.5,0.0
RP11-5L12.1,0.0
RP11-5N11.1,0.0
RP11-5N11.2,0.0
RP11-5N11.3,0.0
RP11-5N11.4,0.0
RP11-5N11.5,0.0
RP11-5N11.6,0.0
RP11-5N11.7,0.0
RP11-5N19.3,0.0
RP11-5O23.1,0.0
RP11-5P18.1,0.0
RP11-5P18.10,0.0
RP11-5P18.3,0.0
RP11-5P18.5,0.0
RP11-5P22.1,0.0
RP11-5P22.3,0.0
RP11-5P4.1,0.0
RP11-5P4.2,0.0
RP11-5P4.3,0.0
RP11-600F24.1,0.0
RP11-600F24.2,0.0
RP11-600F24.7,0.0
RP11-600G3.1,0.0
RP11-600K15.1,0.0
RP11-600L4.1,0.0
RP11-601H16.1,0.0
RP11-601I15.1,0.0
RP11-602M11.3,0.0
RP11-602M11.4,0.0
RP11-602N24.3,0.6204550963106681
RP11-603B13.1,0.0
RP11-603B24.1,0.0
RP11-603B24.2,0.0
RP11-603B24.6,0.0
RP11-603J24.14,0.0
RP11-603J24.17,0.0
RP11-603J24.4,0.0
RP11-603J24.5,0.0
RP11-603J24.6,0.0
RP11-603J24.7,0.0
RP11-603J24.9,0.0
RP11-603K19.1,0.0
RP11-605F14.2,0.0
RP11-605F20.1,0.0
RP11-605F22.1,0.0
RP11-605F22.2,0.0
RP11-606D9.1,0.0
RP11-606P2.1,0.0
RP11-607P23.1,0.0
RP11-608B3.1,0.0
RP11-608O21.1,0.0
RP11-608O8.2,0.0
RP11-609L23.1,0.0
RP11-609L23.2,0.0
RP11-609L23.3,0.0
RP11-609L3.1,0.0
RP11-609N14.1,0.0
RP11-60A24.3,0.0
RP11-60A8.1,0.0
RP11-60A8.2,0.0
RP11-60C6.3,0.0
RP11-60C6.5,0.0
RP11-60C6.6,0.0
RP11-60C6.9,0.0
RP11-60E8.2,0.0
RP11-60E8.3,0.0
RP11-60E8.4,0.0
RP11-60H5.1,0.0
RP11-60I3.4,0.0
RP11-60I3.5,0.0
RP11-60L3.1,0.0
RP11-60L3.2,0.0
RP11-610J23.1,0.0
RP11-610P16.1,0.0
RP11-611D20.2,0.0
RP11-611E13.2,0.0
RP11-611E13.3,0.0
RP11-611L7.1,0.0
RP11-611O2.1,0.0
RP11-611O2.2,0.0
RP11-611O2.3,0.0
RP11-611O2.5,0.0
RP11-611O2.6,0.0
RP11-612A1.1,0.0
RP11-612B6.1,0.0
RP11-612B6.2,1.0219824427879696
RP11-612J15.3,0.0
RP11-613C6.2,0.0
RP11-613C6.4,0.0
RP11-613D13.4,0.0
RP11-613D13.5,0.0
RP11-613D13.8,0.0
RP11-613F22.5,0.0
RP11-613F22.6,0.0
RP11-613F22.7,0.0
RP11-613F22.8,0.0
RP11-613F7.1,0.0
RP11-613G13.1,0.0
RP11-613H2.1,0.0
RP11-613H2.2,0.4127178969233909
RP11-613M10.6,0.0
RP11-613M10.8,0.0
RP11-613M10.9,0.0
RP11-613M5.1,0.0
RP11-613M5.2,0.0
RP11-613M5.3,0.0
RP11-614F17.1,0.0
RP11-614F17.2,0.0
RP11-614O9.1,0.0
RP11-615I16.1,0.0
RP11-615I2.1,0.0
RP11-615I2.2,0.0
RP11-615I2.3,0.0
RP11-615J4.3,0.0
RP11-615J4.4,0.0
RP11-616K22.1,0.0
RP11-616K22.2,0.0
RP11-616K6.1,0.0
RP11-616L12.1,0.0
RP11-616L12.4,0.253644744093139
RP11-616M17.1,0.0
RP11-616M22.1,0.0
RP11-616M22.10,0.0
RP11-616M22.2,0.0
RP11-616M22.3,0.0
RP11-616M22.5,0.0
RP11-616M22.7,0.0
RP11-616M22.9,0.0
RP11-617B3.2,0.0
RP11-617D20.1,0.0
RP11-617D20.2,0.0
RP11-617F23.1,1.4933759616707991
RP11-617I14.1,0.0
RP11-617J18.1,0.0
RP11-617O8.1,0.0
RP11-618G20.1,0.0
RP11-618I10.1,0.0
RP11-618I10.2,0.0
RP11-618I10.3,0.0
RP11-618I10.4,0.0
RP11-618K13.2,0.0
RP11-618K16.4,0.0
RP11-618M23.1,0.0
RP11-618M23.2,0.0
RP11-618M23.4,0.0
RP11-618N24.1,0.0
RP11-618N24.3,0.0
RP11-618P13.1,0.0
RP11-618P17.4,0.0
RP11-619A14.2,0.0
RP11-619A14.3,0.0
RP11-619F23.2,0.0
RP11-619I22.1,0.0
RP11-619J20.1,0.0
RP11-619L12.1,0.0
RP11-619L12.3,0.0
RP11-619L12.4,0.0
RP11-619L19.1,0.0
RP11-619L19.2,0.0
RP11-61A14.1,0.0
RP11-61A14.2,0.0
RP11-61A14.3,0.0
RP11-61A14.4,0.0
RP11-61D1.2,0.0
RP11-61D3.1,0.0
RP11-61E11.1,0.0
RP11-61E11.2,0.0
RP11-61F12.1,0.0
RP11-61F5.1,0.0
RP11-61G19.1,0.0
RP11-61G23.1,0.0
RP11-61G23.2,0.0
RP11-61G24.1,0.0
RP11-61I13.3,0.0
RP11-61J19.2,0.0
RP11-61J19.3,0.0
RP11-61J19.4,0.0
RP11-61K20.1,0.0
RP11-61K9.2,0.0
RP11-61L14.6,0.0
RP11-61L19.1,0.0
RP11-61L19.2,0.0
RP11-61L19.3,0.0
RP11-61L23.2,0.0
RP11-61N20.3,0.0
RP11-61O1.1,0.0
RP11-61O1.2,0.0
RP11-620J15.1,0.0
RP11-620J15.2,0.9105921305334987
RP11-620J15.3,1.7206743438370773
RP11-621H8.1,0.0
RP11-621H8.2,0.0
RP11-621K7.1,0.0
RP11-621L6.2,0.0
RP11-621L6.3,0.0
RP11-622A1.1,0.0
RP11-622A1.2,0.0
RP11-622C24.1,0.0
RP11-622J8.1,0.0
RP11-622J9.1,0.0
RP11-622K12.1,0.0
RP11-622L21.1,0.0
RP11-622O11.4,0.0
RP11-622O11.5,0.0
RP11-624A4.1,0.0
RP11-624C23.1,0.0
RP11-624D11.2,0.0
RP11-624D20.1,0.0
RP11-624G17.3,0.0
RP11-624G19.1,0.0
RP11-624J12.1,0.0
RP11-624L12.1,0.0
RP11-624L4.1,0.0
RP11-624L4.2,0.0
RP11-624M8.1,0.0
RP11-625H11.1,0.0
RP11-625H11.2,0.0
RP11-625I7.1,0.0
RP11-625L16.1,0.0
RP11-625L16.3,0.0
RP11-626A1.1,0.0
RP11-626A5.2,0.0
RP11-626E13.1,0.0
RP11-626G11.1,0.0
RP11-626G11.3,0.0
RP11-626G11.4,0.0
RP11-626G11.5,0.0
RP11-626H12.1,0.0
RP11-626H12.1,0.0
RP11-626H12.2,0.0
RP11-626H12.2,0.0
RP11-626H12.3,0.0
RP11-626H12.3,0.0
RP11-626I20.1,0.0
RP11-626I20.2,0.0
RP11-626I20.3,0.0
RP11-626K17.2,0.0
RP11-626K17.3,0.0
RP11-626K17.5,0.0
RP11-626P14.1,0.0
RP11-626P14.2,0.0
RP11-627D16.1,0.0
RP11-627D16.2,0.0
RP11-627G1.1,0.253644744093139
RP11-627G18.1,0.0
RP11-627G18.2,0.0
RP11-627G18.4,0.0
RP11-627G23.1,0.0
RP11-627H22.5,0.0
RP11-627H22.6,0.0
RP11-627H22.8,0.0
RP11-627H22.9,0.0
RP11-627J17.1,0.0
RP11-627K11.1,0.253644744093139
RP11-627K11.3,0.0
RP11-627K11.4,0.0
RP11-627K11.5,0.0
RP11-628E19.2,0.0
RP11-628J14.1,0.0
RP11-628K18.1,0.0
RP11-628O18.1,0.0
RP11-629B11.4,0.0
RP11-629E24.2,0.0
RP11-629F19.1,0.0
RP11-629G13.1,0.0
RP11-629G13.1,0.0
RP11-629N8.3,0.0
RP11-629O1.2,0.0
RP11-629O19.1,0.0
RP11-629O4.1,0.0
RP11-629P16.1,0.0
RP11-62C3.6,0.0
RP11-62C3.8,0.0
RP11-62C7.2,0.0
RP11-62E14.2,0.0
RP11-62F24.1,0.0
RP11-62F24.2,0.0
RP11-62G11.1,0.0
RP11-62G11.2,0.0
RP11-62H20.1,0.0
RP11-62H7.2,0.0
RP11-62H7.3,0.0
RP11-62I21.1,0.0
RP11-62J1.3,0.0
RP11-62J1.4,0.0
RP11-62L10.1,0.0
RP11-62L18.3,0.0
RP11-62N21.1,0.0
RP11-630C16.1,0.0
RP11-630C16.2,0.0
RP11-630D6.1,0.0
RP11-630D6.5,0.0
RP11-630H24.3,0.0
RP11-630H24.4,0.0
RP11-630I5.1,0.0
RP11-631F7.1,0.0
RP11-631F7.2,0.0
RP11-631M21.1,0.0
RP11-631M21.6,0.0
RP11-631M21.6,0.0
RP11-631M6.2,2.1356048908760363
RP11-631M6.3,0.0
RP11-631N16.2,0.0
RP11-632B21.1,0.0
RP11-632C17__A.1,0.4127178969233909
RP11-632F7.1,0.0
RP11-632F7.3,0.0
RP11-632K20.2,0.0
RP11-632K20.6,0.0
RP11-632K20.7,0.0
RP11-632K20.8,0.0
RP11-632K21.3,0.0
RP11-632K21.6,0.0
RP11-632K21.7,0.0
RP11-632K5.2,0.0
RP11-632K5.3,0.0
RP11-633G11.1,0.0
RP11-634B22.4,0.0
RP11-634B7.4,0.0
RP11-634B7.5,0.0
RP11-634H22.1,0.6960356275201428
RP11-635L1.3,0.0
RP11-635N19.1,0.0
RP11-635N19.2,0.0
RP11-635N19.3,0.0
RP11-636N17.1,0.0
RP11-636O21.1,0.0
RP11-637A17.1,0.0
RP11-637A17.2,0.0
RP11-637O11.2,0.0
RP11-637O19.2,0.0
RP11-637O19.3,0.0
RP11-638D14.1,0.0
RP11-638F5.1,0.0
RP11-638I2.10,0.0
RP11-638I2.2,0.0
RP11-638I2.4,0.0
RP11-638I2.6,0.0
RP11-638I2.8,0.0
RP11-638I2.9,0.0
RP11-638I8.1,0.0
RP11-638L3.1,0.0
RP11-638L3.2,0.0
RP11-638L3.3,0.0
RP11-638L3.4,0.0
RP11-638O6.1,0.0
RP11-639B1.1,0.0
RP11-639F1.1,0.0
RP11-639F1.2,0.0
RP11-639F1.3,0.0
RP11-63A1.1,0.0
RP11-63A1.2,0.0
RP11-63A11.1,0.0
RP11-63A2.2,0.0
RP11-63A23.2,0.0
RP11-63B13.1,0.0
RP11-63B19.1,0.0
RP11-63C8.1,0.0
RP11-63D14.1,0.0
RP11-63E16.1,0.0
RP11-63E5.1,0.0
RP11-63E5.6,0.253644744093139
RP11-63E9.1,0.0
RP11-63G10.2,0.0
RP11-63G10.3,0.0
RP11-63H19.1,0.0
RP11-63H19.2,0.0
RP11-63H19.5,0.0
RP11-63H19.6,0.0
RP11-63H19.8,0.0
RP11-63K6.1,0.0
RP11-63K6.4,0.0
RP11-63K6.5,0.0
RP11-63K6.7,0.0
RP11-63L7.5,0.0
RP11-63M22.1,0.0
RP11-63M22.2,0.0
RP11-63N3.1,0.0
RP11-63N3.2,0.0
RP11-63N8.3,0.0
RP11-63P12.2,0.0
RP11-63P12.6,0.0
RP11-63P12.7,0.0
RP11-640A1.3,0.0
RP11-640A1.4,0.0
RP11-640B6.1,0.0
RP11-640I15.1,0.0
RP11-640I15.2,0.0
RP11-640I2.1,0.0
RP11-640M9.1,0.9509808635159877
RP11-640M9.2,0.0
RP11-640N11.2,0.0
RP11-640N20.1,0.0
RP11-640N20.5,0.0
RP11-640N20.6,0.0
RP11-640N20.8,0.0
RP11-640N20.9,0.0
RP11-641A6.2,0.0
RP11-641A6.3,0.0
RP11-641A6.5,0.0
RP11-641A6.8,0.0
RP11-641A6.9,0.0
RP11-641C17.1,0.0
RP11-641C17.1,0.0
RP11-641C17.2,0.0
RP11-641C17.2,0.0
RP11-641C17.3,0.0
RP11-641C17.3,0.0
RP11-641C17.4,0.0
RP11-641C17.4,0.0
RP11-641D5.1,0.0
RP11-641D5.2,0.0
RP11-642C5.1,0.0
RP11-642D21.1,0.0
RP11-642D21.2,0.0
RP11-642D6.1,0.0
RP11-642E20.2,0.0
RP11-642E20.3,0.0
RP11-642E20.5,0.0
RP11-642M2.1,0.0
RP11-642P15.1,0.0
RP11-643A5.1,0.0
RP11-643A5.2,0.0
RP11-643C9.1,0.0
RP11-643C9.2,0.0
RP11-643G16.3,0.0
RP11-643G16.4,0.0
RP11-643G5.6,0.0
RP11-643M14.1,0.0
RP11-643N23.1,0.0
RP11-643N23.2,0.0
RP11-644C3.1,0.0
RP11-644F5.10,0.0
RP11-644F5.11,0.0
RP11-644F5.12,0.0
RP11-644F5.15,0.0
RP11-644F5.16,0.0
RP11-644F5.17,0.0
RP11-644K8.1,0.0
RP11-644L4.1,0.0
RP11-644N4.1,0.0
RP11-645C24.2,0.9509808635159877
RP11-645C24.4,0.0
RP11-645C24.5,0.0
RP11-645N11.3,0.0
RP11-646D13.1,0.0
RP11-646E18.2,0.0
RP11-646E18.3,0.0
RP11-646E18.4,0.0
RP11-646E20.6,0.0
RP11-646I6.5,0.0
RP11-646I6.6,0.0
RP11-646J21.2,0.0
RP11-646J21.3,0.0
RP11-646J21.4,0.0
RP11-646J21.5,0.0
RP11-646J21.6,0.0
RP11-646J21.7,0.0
RP11-647F2.2,0.0
RP11-647K16.1,0.0
RP11-647O20.1,0.0
RP11-647P12.1,0.0
RP11-647P12.2,0.0
RP11-648C16.1,0.0
RP11-648F7.1,0.0
RP11-648K4.2,0.0
RP11-648L3.1,0.0
RP11-648L3.2,0.0
RP11-648M2.1,0.0
RP11-648M2.2,0.0
RP11-648O15.1,0.0
RP11-649A16.1,0.0
RP11-649A18.12,0.0
RP11-649A18.4,0.0
RP11-649A18.5,0.0
RP11-649A18.7,0.0
RP11-649E7.5,0.0
RP11-649E7.7,0.0
RP11-649G15.2,0.0
RP11-64B16.2,0.0
RP11-64B16.3,0.0
RP11-64B16.4,0.0
RP11-64B16.5,0.0
RP11-64C1.1,0.0
RP11-64C12.3,0.0
RP11-64C12.4,0.0
RP11-64C12.6,0.0
RP11-64C12.7,0.0
RP11-64C12.8,0.0
RP11-64C12.9,0.0
RP11-64D22.1,0.0
RP11-64D22.2,0.0
RP11-64D22.5,0.0
RP11-64D24.2,0.0
RP11-64D24.4,0.0
RP11-64I17.1,0.0
RP11-64J19.1,0.0
RP11-64J4.2,0.0
RP11-64K10.1,0.0
RP11-64K12.1,0.0
RP11-64K12.10,0.0
RP11-64K12.4,0.0
RP11-64K12.8,0.0
RP11-64K12.9,0.0
RP11-64K7.1,0.0
RP11-64P14.7,0.0
RP11-650J17.1,0.0
RP11-650J17.2,0.0
RP11-650K20.2,0.0
RP11-650K20.3,0.0
RP11-650L12.1,0.0
RP11-650L12.2,0.0
RP11-650P15.1,0.0
RP11-651J20.1,0.0
RP11-651K21.1,0.0
RP11-651L5.2,0.0
RP11-651P23.2,0.0
RP11-651P23.4,0.0
RP11-651P23.5,0.0
RP11-652G5.1,0.0
RP11-652G5.2,0.0
RP11-653B10.1,0.0
RP11-653G8.2,0.0
RP11-653J6.1,0.0
RP11-654A16.1,0.0
RP11-654A16.3,0.0
RP11-654C22.1,0.0
RP11-654C22.2,0.0
RP11-654D12.1,0.0
RP11-654D12.2,0.0
RP11-654D12.3,0.0
RP11-654E17.2,0.0
RP11-654F3.1,0.0
RP11-654G14.1,0.0
RP11-655B23.1,0.0
RP11-655C2.3,0.0
RP11-655G22.1,0.0
RP11-655G22.2,0.0
RP11-655H13.2,0.0
RP11-655M14.12,0.0
RP11-655M14.13,0.0
RP11-655M14.14,0.0
RP11-655M14.4,0.0
RP11-655M14.6,0.0
RP11-656A15.1,0.0
RP11-656D10.3,0.0
RP11-656D10.5,0.0
RP11-656D10.6,0.0
RP11-656E20.5,0.0
RP11-656G20.1,0.0
RP11-657O9.1,0.0
RP11-658F2.3,0.0
RP11-658F2.8,2.171865343653194
RP11-659E9.2,0.0
RP11-659E9.4,0.0
RP11-659F24.1,0.0
RP11-659G9.1,0.0
RP11-659G9.3,0.0
RP11-659O3.1,0.0
RP11-659P15.1,0.0
RP11-659P15.2,0.0
RP11-65B23.3,0.0
RP11-65D17.1,0.0
RP11-65D24.1,0.0
RP11-65D24.2,0.0
RP11-65E22.2,0.0
RP11-65G9.1,0.0
RP11-65I12.1,0.0
RP11-65J21.1,0.0
RP11-65J21.3,1.6721850324842915
RP11-65J21.4,0.0
RP11-65J3.1,0.0
RP11-65J3.14,0.0
RP11-65J3.15,0.0
RP11-65J3.2,0.0
RP11-65J3.3,0.0
RP11-65J3.6,0.0
RP11-65L19.4,0.0
RP11-65L3.1,0.0
RP11-65L3.2,0.0
RP11-65L3.4,0.0
RP11-65M17.1,0.0
RP11-65M17.3,0.0
RP11-65N13.6,0.0
RP11-65N13.8,0.0
RP11-660L16.2,0.0
RP11-660M5.1,0.0
RP11-661A12.12,0.0
RP11-661A12.14,0.0
RP11-661A12.5,0.0
RP11-661A12.7,0.0
RP11-661A12.9,0.0
RP11-661C3.2,0.0
RP11-661C8.2,0.0
RP11-661C8.3,0.0
RP11-661D19.1,0.0
RP11-661D19.3,0.0
RP11-661G16.1,1.803921369136032
RP11-661G16.2,0.0
RP11-661O13.1,0.0
RP11-661P17.1,0.253644744093139
RP11-662B19.1,0.0
RP11-662B19.2,0.0
RP11-662G23.1,0.0
RP11-662I13.1,0.0
RP11-662I13.2,0.0
RP11-662J14.1,0.0
RP11-662J14.2,0.0
RP11-662M24.1,0.0
RP11-662M24.2,0.0
RP11-663N22.1,0.0
RP11-663P9.1,0.0
RP11-663P9.2,0.253644744093139
RP11-664D1.1,0.0
RP11-664D7.4,0.0
RP11-664H17.1,0.0
RP11-664H7.1,0.0
RP11-664H7.2,0.0
RP11-664I21.5,0.0
RP11-664I21.6,0.0
RP11-665A22.1,0.0
RP11-665A22.1,0.0
RP11-665C14.1,0.0
RP11-665C14.2,0.0
RP11-665C16.1,0.0
RP11-665C16.5,0.0
RP11-665C16.6,0.0
RP11-665C16.8,0.0
RP11-665E10.1,0.0
RP11-665E10.3,0.253644744093139
RP11-665E10.5,0.0
RP11-665G4.1,1.2469559880685197
RP11-665I14.1,0.0
RP11-665J16.1,0.0
RP11-665N17.4,0.0
RP11-666A1.3,0.0
RP11-666A1.3,0.0
RP11-666A1.4,0.0
RP11-666A1.4,0.0
RP11-666A1.5,0.0
RP11-666A1.5,0.0
RP11-666A1.7,0.0
RP11-666A1.7,0.0
RP11-666A20.3,0.0
RP11-666A20.4,0.0
RP11-666A8.1,0.0
RP11-666A8.11,0.0
RP11-666A8.12,0.0
RP11-666A8.7,0.0
RP11-666A8.8,0.0
RP11-666A8.9,0.0
RP11-666E17.1,0.0
RP11-666F17.1,0.9509808635159877
RP11-666F17.2,0.0
RP11-666G4.1,0.0
RP11-666G4.2,0.0
RP11-666I19.2,0.0
RP11-666O2.1,0.0
RP11-667F9.1,0.0
RP11-667F9.2,0.0
RP11-667K14.3,0.0
RP11-667K14.4,0.0
RP11-667K14.5,0.0
RP11-667K14.8,0.0
RP11-667M19.1,0.0
RP11-667M19.10,0.0
RP11-667M19.2,0.0
RP11-667M19.4,0.0
RP11-667M19.5,0.0
RP11-667M19.9,0.0
RP11-669B18.1,0.0
RP11-669C19.1,0.0
RP11-669E14.4,0.0
RP11-669E14.6,0.0
RP11-669I1.1,0.0
RP11-669M16.1,0.0
RP11-669M16.2,0.0
RP11-669M2.1,0.0
RP11-669M2.2,0.0
RP11-669N7.2,0.0
RP11-669N7.3,0.0
RP11-66A2.1,0.0
RP11-66A2.2,0.253644744093139
RP11-66B24.1,0.0
RP11-66B24.2,0.0
RP11-66B24.3,0.0
RP11-66B24.4,0.0
RP11-66B24.5,0.0
RP11-66B24.7,0.0
RP11-66B24.8,0.0
RP11-66C24.1,0.0
RP11-66D17.3,0.0
RP11-66D17.5,0.0
RP11-66E20.2,0.0
RP11-66H6.3,0.0
RP11-66N11.6,0.0
RP11-66N11.6,0.0
RP11-66N11.7,0.0
RP11-66N11.7,0.0
RP11-66N11.8,0.0
RP11-66N11.8,0.0
RP11-66N24.3,0.0
RP11-66N24.4,0.0
RP11-66N5.2,0.0
RP11-670E13.2,0.0
RP11-670E13.3,0.0
RP11-670E13.5,0.0
RP11-670N15.1,0.0
RP11-670N15.2,0.0
RP11-671C19.2,0.0
RP11-671E7.1,0.0
RP11-671J11.1,0.0
RP11-671J11.4,0.0
RP11-671J11.6,0.0
RP11-671J11.7,0.0
RP11-671M22.4,0.0
RP11-671M22.6,0.0
RP11-671P2.1,0.0
RP11-672A2.1,0.0
RP11-672A2.3,0.0
RP11-672A2.4,0.0
RP11-672A2.5,0.0
RP11-672A2.6,0.0
RP11-672A2.7,0.0
RP11-672F9.1,0.0
RP11-672L10.1,0.0
RP11-672L10.2,0.0
RP11-672L10.3,0.0
RP11-672L10.4,0.0
RP11-672L10.5,0.0
RP11-672L10.6,0.0
RP11-673C5.1,0.7603920768618123
RP11-673C5.2,0.0
RP11-673D15.7,0.0
RP11-673D15.7,0.0
RP11-673D15.8,0.0
RP11-673D15.9,0.0
RP11-673E1.1,0.0
RP11-673E1.3,0.0
RP11-673E1.4,0.0
RP11-673E11.2,0.0
RP11-673F18.1,0.0
RP11-673P17.2,0.0
RP11-673P17.4,0.0
RP11-674C21.9,0.0
RP11-674E16.1,0.0
RP11-674I16.1,0.0
RP11-674I16.2,0.253644744093139
RP11-674J14.3,0.0
RP11-674N23.1,0.0
RP11-674N23.2,0.0
RP11-674N23.4,0.0
RP11-674P19.2,0.0
RP11-675F6.3,0.0
RP11-675F6.4,0.0
RP11-675M1.2,0.0
RP11-675P14.1,0.0
RP11-676F20.1,0.0
RP11-676F20.2,0.0
RP11-676F20.3,0.0
RP11-676J12.4,0.0
RP11-676J12.6,0.0
RP11-676J12.7,0.0
RP11-676J12.8,0.0
RP11-676J15.1,0.0
RP11-676M6.1,0.6960356275201428
RP11-677I18.3,0.0
RP11-677I18.4,0.0
RP11-677M14.2,0.0
RP11-677M14.3,0.0
RP11-677M14.5,0.0
RP11-677M14.6,0.0
RP11-677M14.7,0.0
RP11-677N16.1,0.0
RP11-677O4.2,0.0
RP11-677O4.3,0.0
RP11-677O4.4,0.0
RP11-677O4.5,0.0
RP11-677O4.6,0.0
RP11-677O4.7,0.0
RP11-678B3.1,0.0
RP11-678B3.2,0.0
RP11-678B3.3,0.0
RP11-678D18.1,0.0
RP11-678G14.2,0.0
RP11-678G14.3,0.0
RP11-678G14.4,0.0
RP11-678G14.5,0.0
RP11-678G15.1,0.0
RP11-678G15.2,0.0
RP11-678L1.1,0.0
RP11-679B17.2,0.0
RP11-679B19.2,0.0
RP11-679C8.2,0.4127178969233909
RP11-679I18.4,0.0
RP11-67A1.2,0.0
RP11-67C2.2,0.0
RP11-67C2.2,0.0
RP11-67H2.1,0.0
RP11-67H24.1,0.0
RP11-67H24.2,0.0
RP11-67K19.3,2.9012653367476022
RP11-67L2.2,0.0
RP11-67L3.2,0.0
RP11-67L3.4,0.0
RP11-67L3.5,0.0
RP11-67M1.1,0.0
RP11-67M9.1,0.0
RP11-67P15.1,0.0
RP11-680A11.5,0.0
RP11-680B3.2,0.0
RP11-680C21.1,0.0
RP11-680E19.1,0.0
RP11-680E19.2,0.0
RP11-680F20.10,0.0
RP11-680F20.11,0.0
RP11-680F20.12,0.0
RP11-680F20.4,0.0
RP11-680F20.5,0.0
RP11-680F20.6,0.0
RP11-680F20.9,0.0
RP11-680F8.1,0.0
RP11-680F8.3,0.0
RP11-680F8.4,2.591613993984935
RP11-680G10.1,0.0
RP11-680G24.1,0.0
RP11-680G24.4,0.0
RP11-680G24.5,2.5341587014317803
RP11-680H20.1,0.253644744093139
RP11-680H20.2,0.0
RP11-680L20.1,0.0
RP11-680N20.1,0.0
RP11-681H10.1,0.0
RP11-681L4.1,0.0
RP11-681L8.1,0.0
RP11-681N23.1,0.0
RP11-682B13.2,0.0
RP11-682N22.1,0.0
RP11-683L23.1,0.0
RP11-683L23.2,0.0
RP11-684B2.3,0.0
RP11-684B2.5,0.0
RP11-684B20.1,0.0
RP11-684B21.1,0.0
RP11-685A21.1,0.0
RP11-685B13.2,0.0
RP11-685B14.1,0.0
RP11-685B14.3,0.0
RP11-685F15.1,0.0
RP11-685G9.2,0.0
RP11-685G9.4,0.0
RP11-685M7.3,0.0
RP11-685M7.5,0.0
RP11-685N10.1,0.0
RP11-685N3.1,0.0
RP11-686D16.1,0.0
RP11-686D22.10,0.0
RP11-686D22.2,0.0
RP11-686D22.3,0.0
RP11-686D22.4,0.0
RP11-686D22.5,0.0
RP11-686D22.6,0.0
RP11-686D22.7,0.0
RP11-686D22.8,0.0
RP11-686D22.9,0.0
RP11-686F15.2,0.0
RP11-686F15.3,0.0
RP11-686G23.2,0.0
RP11-686G8.1,0.0
RP11-686G8.2,0.0
RP11-686N4.1,0.0
RP11-686O6.1,0.0
RP11-686O6.2,0.0
RP11-687D19.1,0.0
RP11-687F6.1,0.0
RP11-687F6.4,0.0
RP11-687M24.4,0.0
RP11-687M24.5,0.0
RP11-687M24.7,0.0
RP11-687M24.8,0.0
RP11-688D15.1,0.0
RP11-688D15.2,0.0
RP11-688G15.3,0.0
RP11-688H10.1,0.0
RP11-688I9.2,0.0
RP11-688I9.4,0.0
RP11-689B22.2,0.0
RP11-689C9.1,0.0
RP11-689E3.2,0.0
RP11-689J19.1,0.0
RP11-689K5.3,0.0
RP11-689N19.6,0.0
RP11-689P11.2,0.0
RP11-689P11.3,0.0
RP11-68D16.1,0.0
RP11-68D16.2,0.0
RP11-68D19.1,0.0
RP11-68E19.1,0.0
RP11-68I18.10,0.0
RP11-68I18.2,0.0
RP11-68I3.10,0.0
RP11-68I3.11,0.0
RP11-68I3.2,0.0
RP11-68I3.4,0.0
RP11-68I3.5,0.0
RP11-68I3.7,0.0
RP11-68L1.1,0.0
RP11-68L1.2,0.0
RP11-68L18.1,0.0
RP11-68L18.2,0.0
RP11-690C23.2,0.0
RP11-690C23.3,0.0
RP11-690C23.4,0.0
RP11-690C23.5,0.0
RP11-690D19.1,0.0
RP11-690D19.3,0.0
RP11-690G19.3,1.470668879757139
RP11-690G19.4,0.0
RP11-690I21.1,0.0
RP11-690I21.2,0.0
RP11-690I21.3,0.0
RP11-690J15.1,0.0
RP11-690P14.4,0.0
RP11-691F15.1,0.0
RP11-691G17.1,0.0
RP11-691H4.3,0.0
RP11-691H4.4,0.0
RP11-691L4.2,0.0
RP11-691N7.6,0.0
RP11-692C23.1,0.253644744093139
RP11-692C24.1,0.0
RP11-692C24.2,0.0
RP11-692C24.3,0.0
RP11-692D12.1,1.887355901089917
RP11-692E14.1,0.0
RP11-692M12.4,0.0
RP11-692M12.5,0.0
RP11-692N5.1,0.0
RP11-692N5.2,0.0
RP11-692P14.1,0.0
RP11-693I21.1,0.0
RP11-693J15.3,0.0
RP11-693J15.4,0.0
RP11-693J15.5,0.0
RP11-693L9.2,0.0
RP11-693N9.1,0.0
RP11-693N9.2,0.0
RP11-694D5.1,0.0
RP11-694I15.7,0.0
RP11-695J4.2,0.0
RP11-696D21.2,0.0
RP11-696F10.1,0.0
RP11-696F12.1,0.0
RP11-696L21.2,0.0
RP11-696N14.1,0.0
RP11-696N14.3,0.0
RP11-696P8.2,0.0
RP11-697B24.1,0.0
RP11-697E14.2,2.185562255814066
RP11-697E2.10,0.0
RP11-697E2.4,0.0
RP11-697E2.6,0.253644744093139
RP11-697E2.7,0.253644744093139
RP11-697E2.9,0.0
RP11-697E22.1,0.0
RP11-697E22.2,0.0
RP11-697E22.3,0.0
RP11-697E23.1,0.0
RP11-697G4.4,0.0
RP11-697H10.1,0.0
RP11-697H9.2,0.0
RP11-697H9.3,0.0
RP11-697H9.4,0.0
RP11-697H9.5,0.0
RP11-697M17.2,0.0
RP11-697N18.1,1.470668879757139
RP11-697N18.2,0.253644744093139
RP11-697N18.3,0.0
RP11-697N18.4,0.0
RP11-698E18.1,0.0
RP11-698F20.3,0.0
RP11-698N11.2,0.0
RP11-698N11.4,0.0
RP11-699A5.2,0.0
RP11-699A7.1,0.0
RP11-699F16.2,0.0
RP11-699L21.1,0.0
RP11-699L21.2,0.0
RP11-69A21.2,0.0
RP11-69A21.2,0.0
RP11-69C13.1,0.0
RP11-69C17.2,0.0
RP11-69C17.3,0.0
RP11-69C17.4,0.0
RP11-69E11.4,1.803921369136032
RP11-69E11.8,0.0
RP11-69E9.1,0.0
RP11-69G7.1,0.0
RP11-69H14.6,0.0
RP11-69H7.2,0.0
RP11-69H7.3,0.0
RP11-69H7.4,0.0
RP11-69I13.1,0.0
RP11-69I8.2,0.0
RP11-69I8.3,0.0
RP11-69L16.3,0.0
RP11-69L16.4,0.0
RP11-69L16.5,0.0
RP11-69L16.6,0.0
RP11-69M1.1,0.0
RP11-69M1.3,0.0
RP11-69M1.4,0.0
RP11-6B19.1,0.0
RP11-6B19.2,0.0
RP11-6B19.3,0.0
RP11-6B4.1,0.0
RP11-6B6.3,0.0
RP11-6C10.1,0.0
RP11-6C14.1,0.0
RP11-6D1.3,0.0
RP11-6E9.4,0.0
RP11-6E9.5,0.0
RP11-6F2.3,0.0
RP11-6F2.5,0.0
RP11-6F6.1,0.0
RP11-6I2.3,0.0
RP11-6I2.4,0.0
RP11-6J21.2,0.0
RP11-6J24.3,0.0
RP11-6J24.6,0.0
RP11-6K23.1,0.0
RP11-6L6.2,0.0
RP11-6L6.3,0.0
RP11-6L6.7,0.0
RP11-6N13.1,0.0
RP11-6N13.4,0.0
RP11-6N17.1,0.0
RP11-6N17.10,0.0
RP11-6N17.2,1.514954562424701
RP11-6N17.3,0.0
RP11-6N17.4,0.0
RP11-6N17.6,0.0
RP11-6N17.9,0.0
RP11-6O2.3,0.0
RP11-6O2.3,0.0
RP11-6O2.4,0.0
RP11-6O2.4,0.0
RP11-700E23.1,0.0
RP11-700E23.2,0.0
RP11-700E23.3,0.0
RP11-700F16.2,0.0
RP11-700F16.3,0.0
RP11-700H13.1,0.0
RP11-700H6.1,0.0
RP11-700H6.2,0.0
RP11-700H6.4,0.0
RP11-700J17.1,0.0
RP11-700J17.2,0.0
RP11-700N1.1,0.0
RP11-700P18.1,0.0
RP11-700P18.2,0.0
RP11-701B16.2,0.0
RP11-701B6.1,0.0
RP11-701H16.4,0.0
RP11-701H24.10,0.0
RP11-701H24.3,1.6721850324842915
RP11-701H24.7,0.0
RP11-701I24.1,0.0
RP11-701I24.3,0.0
RP11-701P16.1,0.0
RP11-701P16.2,0.0
RP11-701P16.3,0.0
RP11-701P16.4,0.0
RP11-701P16.5,0.0
RP11-702B10.1,0.0
RP11-702B10.2,0.0
RP11-702C7.1,0.0
RP11-702C7.2,0.0
RP11-702F3.1,0.0
RP11-702F3.2,0.0
RP11-702F3.3,0.0
RP11-702F3.4,0.0
RP11-702H23.2,0.0
RP11-702H23.3,0.0
RP11-702H23.4,0.0
RP11-702H23.6,0.0
RP11-702L15.4,0.0
RP11-702L6.1,0.0
RP11-702L6.4,0.0
RP11-702M1.2,0.0
RP11-703C10.1,0.0
RP11-703G6.1,0.0
RP11-703H8.7,0.0
RP11-703H8.9,0.0
RP11-703I16.1,0.0
RP11-703I16.2,0.0
RP11-703I16.3,0.0
RP11-703M24.5,0.0
RP11-703P11.1,0.0
RP11-704C2.1,0.0
RP11-704J17.2,0.0
RP11-704J17.5,0.0
RP11-704M14.1,0.0
RP11-704M14.2,0.0
RP11-705C15.2,0.0
RP11-705C15.3,0.0
RP11-705C15.4,0.0
RP11-705C15.5,0.0
RP11-705O1.8,0.0
RP11-705O24.1,0.0
RP11-705O24.2,0.0
RP11-705O24.3,0.0
RP11-705O24.4,0.0
RP11-706C16.5,0.0
RP11-706C16.7,0.0
RP11-706C16.8,0.0
RP11-706D8.3,0.0
RP11-706F1.1,0.0
RP11-706F1.2,0.0
RP11-706J10.1,0.0
RP11-706J10.2,0.0
RP11-706J10.3,0.0
RP11-706O15.1,0.0
RP11-706O15.3,0.0
RP11-706O15.5,0.0
RP11-706O15.7,0.0
RP11-706O15.8,0.0
RP11-707A18.1,0.0
RP11-707F14.3,0.0
RP11-707F2.1,0.0
RP11-707F2.2,0.0
RP11-707G14.1,0.0
RP11-707G14.7,0.0
RP11-707G14.8,0.0
RP11-707M1.1,0.0
RP11-707M1.7,0.0
RP11-707M1.9,0.0
RP11-707M3.3,0.0
RP11-707O23.5,0.0
RP11-707O23.5,0.0
RP11-707P17.1,0.0
RP11-707P17.2,0.253644744093139
RP11-707P20.1,0.0
RP11-708B6.2,0.0
RP11-708H21.1,0.0
RP11-708H21.4,0.0
RP11-708J19.1,0.0
RP11-708J19.2,0.0
RP11-708L7.6,0.0
RP11-708L7.6,0.0
RP11-708L7.7,0.0
RP11-708L7.7,0.0
RP11-708L7.9,0.0
RP11-708L7.9,0.0
RP11-709A23.1,0.0
RP11-709A23.2,0.0
RP11-709B3.2,0.0
RP11-709D24.5,0.0
RP11-709D24.6,0.0
RP11-709P2.1,0.0
RP11-70C1.1,0.0
RP11-70C1.3,0.0
RP11-70F11.11,0.0
RP11-70F11.2,0.0
RP11-70F11.7,0.0
RP11-70F11.8,0.0
RP11-70J12.1,0.0
RP11-70K10.2,1.2843206418841475
RP11-70L8.4,0.0
RP11-70O5.2,0.0
RP11-70P17.1,0.0
RP11-710C12.1,0.0
RP11-710E1.1,0.0
RP11-710E1.2,0.0
RP11-710F7.2,0.0
RP11-710F7.3,0.0
RP11-710M11.1,0.0
RP11-710N8.3,0.0
RP11-711C17.1,0.0
RP11-711C17.2,0.0
RP11-711D18.2,0.0
RP11-711D18.2,0.0
RP11-711G10.1,0.0
RP11-711K1.7,0.0
RP11-711K1.8,0.0
RP11-711M9.1,0.0
RP11-712B9.2,0.0
RP11-712B9.4,0.0
RP11-712B9.5,0.0
RP11-712C19.1,0.0
RP11-712C7.1,0.0
RP11-712C7.2,0.0
RP11-712L6.5,0.0
RP11-712L6.7,0.0
RP11-712P20.2,0.0
RP11-713C19.1,0.0
RP11-713C19.2,0.0
RP11-713C5.1,0.0
RP11-713C9.1,0.0
RP11-713D19.1,0.0
RP11-713H12.1,0.0
RP11-713H12.2,0.0
RP11-713M15.1,0.253644744093139
RP11-713M15.2,0.0
RP11-713M6.2,0.0
RP11-713N11.3,0.0
RP11-713N11.4,0.0
RP11-713N11.5,0.0
RP11-713P14.1,0.0
RP11-713P17.3,0.0
RP11-713P17.4,0.0
RP11-713P17.5,0.0
RP11-714G18.1,0.0
RP11-714L20.1,0.0
RP11-715C4.1,0.0
RP11-715F3.1,0.0
RP11-715F3.2,0.0
RP11-715G15.1,0.0
RP11-715G18.3,0.0
RP11-715I4.1,0.0
RP11-715J22.1,0.0
RP11-715J22.2,0.253644744093139
RP11-715J22.3,0.0
RP11-715J22.4,0.0
RP11-715J22.6,0.0
RP11-715L17.1,0.0
RP11-716A19.3,0.0
RP11-716D16.1,0.0
RP11-716D19.1,0.0
RP11-716H6.1,0.0
RP11-716H6.2,0.0
RP11-716O23.1,0.0
RP11-716O23.2,0.0
RP11-717A5.1,0.0
RP11-717A5.2,0.0
RP11-717D12.1,0.0
RP11-717H13.1,0.0
RP11-717I24.1,0.0
RP11-718B12.1,0.0
RP11-718B12.2,0.0
RP11-718B12.5,0.0
RP11-718G2.5,0.0
RP11-718I15.1,0.0
RP11-718L23.1,0.0
RP11-718M20.5,0.0
RP11-718O11.1,0.0
RP11-719C20.1,0.0
RP11-719J20.1,0.0
RP11-719K4.3,0.0
RP11-719K4.6,0.0
RP11-719K4.7,0.0
RP11-719L21.1,0.0
RP11-719N22.1,0.0
RP11-719N22.2,0.0
RP11-71C5.2,0.0
RP11-71E19.1,0.0
RP11-71E19.2,0.0
RP11-71E19.5,0.0
RP11-71E22.1,0.0
RP11-71G12.1,0.0
RP11-71G7.1,0.0
RP11-71H17.1,0.0
RP11-71H17.7,0.0
RP11-71H17.9,0.0
RP11-71H9.1,0.0
RP11-71H9.2,0.0
RP11-71J2.1,0.0
RP11-71J4.2,0.0
RP11-71N10.1,0.0
RP11-720D4.3,0.0
RP11-720L2.2,0.0
RP11-720L2.3,0.0
RP11-720L2.4,0.0
RP11-720L8.1,0.0
RP11-720N19.1,0.0
RP11-720N19.2,0.0
RP11-722E23.2,0.0
RP11-722M1.1,0.0
RP11-722P11.4,0.0
RP11-723C11.2,0.0
RP11-723D22.2,0.0
RP11-723D22.3,0.0
RP11-723G8.1,0.0
RP11-723G8.2,0.0
RP11-723O4.2,0.0
RP11-723O4.3,0.0
RP11-723O4.6,0.0
RP11-723O4.9,0.0
RP11-723P16.3,0.0
RP11-724M22.1,0.0
RP11-724N1.1,0.0
RP11-724O16.1,0.0
RP11-725D20.1,0.0
RP11-725G5.2,0.0
RP11-725G5.3,0.0
RP11-725K16.2,0.0
RP11-725K16.5,0.0
RP11-725M22.1,0.0
RP11-725M22.1,0.0
RP11-725P16.2,1.4467087411059607
RP11-726G1.1,0.0
RP11-726G23.10,0.0
RP11-726G23.11,0.0
RP11-726G23.12,0.0
RP11-726G23.2,0.0
RP11-726G23.3,0.0
RP11-726G23.6,0.0
RP11-726G23.7,0.0
RP11-726G23.8,0.0
RP11-727A23.1,0.0
RP11-727A23.10,0.0
RP11-727A23.11,0.0
RP11-727A23.4,0.0
RP11-727A23.5,1.4213491305518202
RP11-727A23.7,0.0
RP11-727A23.8,0.0
RP11-727F15.11,0.0
RP11-727F15.12,0.0
RP11-727F15.13,0.0
RP11-727F15.9,0.6960356275201428
RP11-727M10.1,0.0
RP11-727M10.2,0.0
RP11-728B21.3,0.0
RP11-728C8.1,0.0
RP11-728D14.6,0.0
RP11-728E14.2,0.0
RP11-728E14.2,0.0
RP11-728E14.3,0.0
RP11-728E14.3,0.0
RP11-728F11.3,0.0
RP11-728F11.4,0.0
RP11-728G15.1,0.0
RP11-728K20.1,0.0
RP11-728K20.2,0.0
RP11-728K20.3,0.0
RP11-728L1.1,0.0
RP11-729I10.2,0.0
RP11-729L2.2,0.0
RP11-729M20.1,0.0
RP11-72B4.2,0.0
RP11-72H11.1,0.0
RP11-72I18.1,0.0
RP11-72I2.1,0.0
RP11-72I8.1,0.0
RP11-72J9.1,0.0
RP11-72K17.1,0.0
RP11-72K17.2,0.0
RP11-72L22.1,0.0
RP11-72M10.2,0.0
RP11-72M10.4,0.0
RP11-72M10.5,0.0
RP11-72M10.7,0.0
RP11-72M10.8,0.0
RP11-72M17.1,0.0
RP11-730A19.5,0.0
RP11-730A19.7,0.0
RP11-730A19.9,0.0
RP11-730B22.1,0.0
RP11-730G20.1,0.0
RP11-730G20.2,0.253644744093139
RP11-730K11.1,0.0
RP11-730N24.1,0.0
RP11-730N24.2,0.0
RP11-731C17.1,0.0
RP11-731C17.2,0.0
RP11-731D1.1,1.5830117235334478
RP11-731D1.3,0.0
RP11-731D1.4,0.0
RP11-731F5.1,0.0
RP11-731F5.1,0.0
RP11-731F5.2,0.0
RP11-731F5.2,0.0
RP11-731I19.1,0.0
RP11-731J8.1,0.0
RP11-731J8.2,0.0
RP11-731K22.1,0.0
RP11-731K22.1,0.0
RP11-731N10.1,0.0
RP11-732A19.1,0.0
RP11-732A19.2,0.0
RP11-732A19.5,0.0
RP11-732A19.6,0.0
RP11-732A19.8,0.0
RP11-732A19.9,0.0
RP11-732A21.2,0.0
RP11-732M18.2,0.0
RP11-732M18.3,0.0
RP11-733C7.1,0.0
RP11-733D4.1,0.0
RP11-733D4.2,0.0
RP11-733O18.1,0.0
RP11-734C14.2,0.0
RP11-734E19.1,0.0
RP11-734I18.1,0.0
RP11-734J24.1,0.0
RP11-734K2.4,0.0
RP11-734K21.2,0.0
RP11-734K21.3,0.0
RP11-734K21.4,0.0
RP11-734K21.5,0.0
RP11-735A19.2,0.0
RP11-735A19.2,0.0
RP11-735A19.3,0.0
RP11-735A19.4,0.0
RP11-735A19.5,0.0
RP11-735B13.2,0.0
RP11-735G4.1,0.0
RP11-736E3.1,0.0
RP11-736G13.1,0.0
RP11-736G13.2,0.0
RP11-736I10.1,0.0
RP11-736I10.2,0.0
RP11-736K12.1,0.0
RP11-736K20.5,0.0
RP11-736K20.6,0.0
RP11-736N17.4,0.0
RP11-736N17.8,0.0
RP11-736N17.9,0.0
RP11-736P16.1,0.0
RP11-737F10.1,0.0
RP11-737F9.1,0.0
RP11-737F9.2,0.0
RP11-737G21.1,0.0
RP11-737O24.1,0.0
RP11-737O24.2,0.0
RP11-737O24.3,0.0
RP11-737O24.4,0.0
RP11-737O24.5,0.0
RP11-738B7.1,0.0
RP11-738E22.3,0.0
RP11-738G5.1,0.0
RP11-738G5.2,0.0
RP11-738O11.12,0.0
RP11-738O11.13,0.0
RP11-738O11.9,0.0
RP11-739G5.1,0.0
RP11-739L10.1,0.0
RP11-739N10.1,0.0
RP11-739N20.2,0.0
RP11-739N20.3,0.0
RP11-739P1.2,0.0
RP11-73B2.2,0.0
RP11-73B2.3,0.0
RP11-73B2.4,0.0
RP11-73B2.5,0.0
RP11-73B2.6,0.0
RP11-73B2.7,0.0
RP11-73B8.1,0.0
RP11-73B8.2,0.0
RP11-73B8.3,0.0
RP11-73C9.1,0.0
RP11-73E17.2,0.0
RP11-73E17.3,0.0
RP11-73E6.2,0.0
RP11-73G16.1,0.0
RP11-73G16.2,0.0
RP11-73G16.3,0.0
RP11-73H14.1,0.0
RP11-73K9.2,0.0
RP11-73K9.3,0.0
RP11-73M14.1,0.0
RP11-73M18.10,0.253644744093139
RP11-73M18.11,0.0
RP11-73M18.2,0.0
RP11-73M18.6,0.0
RP11-73M18.7,0.0
RP11-73M18.8,0.8164310788769841
RP11-73M18.9,0.0
RP11-73M7.1,0.0
RP11-73M7.6,0.0
RP11-73M7.9,0.0
RP11-73O6.3,1.2843206418841475
RP11-740C1.2,0.0
RP11-740D6.3,0.0
RP11-740N7.3,0.0
RP11-740N7.4,0.0
RP11-740P5.2,0.0
RP11-740P5.3,0.0
RP11-741G21.1,0.0
RP11-742B18.1,0.0
RP11-742D12.1,0.0
RP11-742D12.2,0.0
RP11-742N3.1,0.4127178969233909
RP11-744D14.1,0.0
RP11-744D14.2,0.0
RP11-744H18.1,0.0
RP11-744H18.1,0.0
RP11-744I24.2,0.0
RP11-744I24.3,0.0
RP11-744J10.2,0.0
RP11-744J10.3,0.0
RP11-744K17.1,0.0
RP11-744K17.2,0.0
RP11-744K17.3,0.0
RP11-744K17.7,0.0
RP11-744K17.8,0.0
RP11-744K17.9,0.0
RP11-744N12.3,0.0
RP11-744O11.2,0.0
RP11-745A24.1,0.0
RP11-745A24.2,0.0
RP11-745C15.2,0.0
RP11-745I13.1,0.0
RP11-745K9.2,0.0
RP11-745L13.2,0.0
RP11-745O10.2,0.0
RP11-746B8.1,0.0
RP11-746M1.1,0.0
RP11-746M1.2,0.0
RP11-746M1.8,0.0
RP11-746P2.1,0.0
RP11-746P2.3,0.0
RP11-746P2.5,0.0
RP11-747D18.1,0.0
RP11-747H12.1,0.0
RP11-747H12.3,0.0
RP11-747H12.4,0.0
RP11-747H12.5,0.0
RP11-747H12.6,0.0
RP11-747H12.7,0.0
RP11-747H7.1,0.0
RP11-747H7.3,0.0
RP11-747I9.1,0.0
RP11-748C4.1,0.0
RP11-748H22.1,0.0
RP11-748H22.2,0.0
RP11-748L13.2,0.0
RP11-748L13.2,0.0
RP11-748L13.6,0.0
RP11-748L13.6,0.0
RP11-749H17.1,0.0
RP11-749H17.2,0.0
RP11-749H20.1,0.0
RP11-749H20.3,0.0
RP11-749H20.4,0.0
RP11-74B21.1,0.0
RP11-74C1.2,0.0
RP11-74C1.4,0.0
RP11-74C13.3,0.0
RP11-74C13.4,0.0
RP11-74C3.1,0.0
RP11-74D3.2,0.0
RP11-74D7.1,0.0
RP11-74E22.3,1.803921369136032
RP11-74E22.4,0.0
RP11-74E22.5,0.0
RP11-74E22.6,0.0
RP11-74E24.2,0.0
RP11-74H8.1,0.0
RP11-74K11.1,0.0
RP11-74K11.2,0.0
RP11-74K19.1,0.0
RP11-74M11.2,0.0
RP11-74M13.3,0.0
RP11-74M13.4,0.0
RP11-750B16.1,0.9509808635159877
RP11-750H9.5,0.0
RP11-750H9.7,0.0
RP11-750I4.2,0.0
RP11-751A18.1,0.0
RP11-751H17.1,0.0
RP11-751K21.1,0.0
RP11-751L19.1,0.0
RP11-752D24.2,0.0
RP11-752D24.3,1.0535570409588524
RP11-752G15.3,0.0
RP11-752G15.4,0.0
RP11-752G15.6,0.0
RP11-752G15.8,0.0
RP11-752G15.9,1.2269946489498065
RP11-752L20.1,0.0
RP11-752L20.5,0.0
RP11-752P2.1,0.0
RP11-752P2.2,0.0
RP11-753A21.1,0.0
RP11-753A21.2,0.0
RP11-753B14.1,0.0
RP11-753B7.2,0.0
RP11-753C18.8,0.0
RP11-753D20.1,0.0
RP11-753D20.3,0.0
RP11-753D20.4,0.0
RP11-753E22.2,0.0
RP11-753E22.3,2.422202893790851
RP11-753H16.3,0.0
RP11-753H16.4,0.0
RP11-753H16.5,0.0
RP11-753N8.1,0.0
RP11-754B17.1,0.0
RP11-754I20.1,0.0
RP11-754I20.2,0.0
RP11-754I20.3,0.0
RP11-754N21.1,0.0
RP11-755B10.2,0.0
RP11-755B10.3,0.0
RP11-755B10.4,0.0
RP11-755E23.3,0.253644744093139
RP11-755F10.1,0.0
RP11-755F10.3,0.0
RP11-755O11.2,0.0
RP11-756D7.1,0.0
RP11-756G12.1,0.0
RP11-756H20.1,0.0
RP11-756H6.1,0.0
RP11-756J15.3,0.0
RP11-756K15.2,0.0
RP11-756P10.1,0.0
RP11-756P10.2,0.0
RP11-756P10.3,0.253644744093139
RP11-756P10.4,0.0
RP11-756P10.5,0.0
RP11-757A13.1,0.0
RP11-757C15.4,0.0
RP11-757F18.3,0.0
RP11-757F18.5,0.0
RP11-757G1.5,0.0
RP11-757G1.6,0.0
RP11-757G14.1,0.0
RP11-757G14.3,1.1609342125054871
RP11-757H14.2,0.0
RP11-757O6.1,0.0
RP11-757O6.4,0.0
RP11-758B24.1,0.0
RP11-758G22.1,0.0
RP11-758G22.2,0.0
RP11-758H6.1,0.0
RP11-758I14.2,0.0
RP11-758I14.3,0.0
RP11-758M4.1,0.5288907918624668
RP11-758M4.3,0.0
RP11-758M4.4,0.0
RP11-758N13.1,0.0
RP11-758N13.3,0.0
RP11-758P17.2,0.0
RP11-758P17.3,0.0
RP11-759A9.1,0.0
RP11-759A9.2,0.0
RP11-759F5.1,0.0
RP11-759L5.2,0.0
RP11-75A5.1,0.0
RP11-75A9.1,0.0
RP11-75A9.3,0.0
RP11-75C10.7,0.0
RP11-75C10.9,0.0
RP11-75C23.1,0.0
RP11-75C9.1,0.0
RP11-75C9.2,0.0
RP11-75L1.1,0.0
RP11-75L1.2,0.0
RP11-75L1.6,0.0
RP11-75N20.2,0.0
RP11-75N4.2,0.0
RP11-75N6.3,0.0
RP11-760D2.1,0.0
RP11-760D2.10,0.0
RP11-760D2.11,0.0
RP11-760D2.12,0.0
RP11-760D2.4,0.0
RP11-760D2.5,0.0
RP11-760D2.7,0.0
RP11-760D2.9,0.0
RP11-760H22.2,0.0
RP11-760L24.1,0.0
RP11-760N9.1,0.0
RP11-761B3.1,0.0
RP11-761E20.1,0.0
RP11-761E20.1,0.253644744093139
RP11-761I4.3,0.0
RP11-761I4.4,1.4821708087520635
RP11-761N21.1,0.0
RP11-761N21.2,0.0
RP11-762B21.5,0.0
RP11-762E8.1,0.0
RP11-762H8.1,0.0
RP11-762H8.2,0.0
RP11-762H8.3,0.0
RP11-762H8.4,0.0
RP11-762I7.4,0.0
RP11-762I7.5,0.0
RP11-763B22.10,0.0
RP11-763B22.3,0.0
RP11-763B22.4,0.0
RP11-763B22.6,0.0
RP11-763B22.6,0.0
RP11-763B22.7,0.0
RP11-763B22.7,0.0
RP11-763B22.9,0.0
RP11-763E3.1,0.0
RP11-763F8.1,0.0
RP11-763K15.1,0.0
RP11-764E7.1,0.0
RP11-764I5.1,0.0
RP11-764K9.1,0.4127178969233909
RP11-764K9.4,0.0
RP11-765K14.1,0.0
RP11-766F14.1,0.0
RP11-766F14.2,0.0
RP11-766H1.1,0.0
RP11-766N7.1,0.0
RP11-766N7.3,0.0
RP11-766N7.4,0.0
RP11-767C1.1,0.0
RP11-767C1.2,0.0
RP11-767C4.1,0.0
RP11-767C6.1,0.0
RP11-767I20.1,0.0
RP11-767L7.1,0.0
RP11-767L7.2,0.0
RP11-767N15.1,0.0
RP11-767N6.2,0.0
RP11-767N6.7,0.0
RP11-768B22.2,0.0
RP11-768F21.1,0.0
RP11-768G7.1,0.6204550963106681
RP11-768G7.2,1.686600231622561
RP11-768G7.3,0.0
RP11-769N19.2,0.0
RP11-769N21.2,0.0
RP11-769N22.1,0.0
RP11-769O8.1,0.0
RP11-769O8.2,0.0
RP11-769O8.3,0.0
RP11-76C10.2,0.0
RP11-76C10.5,0.0
RP11-76E12.1,0.0
RP11-76E16.2,0.0
RP11-76E17.1,0.0
RP11-76E17.2,0.0
RP11-76E17.3,0.0
RP11-76E17.4,0.0
RP11-76G10.1,0.0
RP11-76H14.2,0.253644744093139
RP11-76H14.5,0.0
RP11-76I14.1,0.0
RP11-76K13.2,0.0
RP11-76K13.3,0.0
RP11-76N22.1,0.0
RP11-76N22.2,0.0
RP11-76P2.4,0.0
RP11-770E5.1,0.0
RP11-770E5.2,0.0
RP11-770E5.3,0.0
RP11-770G2.2,0.0
RP11-770G2.4,0.0
RP11-770G2.5,0.0
RP11-770J1.3,0.0
RP11-770J1.3,0.0
RP11-770J1.4,0.0
RP11-770J1.4,0.0
RP11-770J1.5,0.0
RP11-770J1.5,0.0
RP11-770J1.7,0.0
RP11-770J1.7,0.0
RP11-771F20.1,0.5288907918624668
RP11-771K4.1,0.0
RP11-772C9.1,0.0
RP11-772E11.1,0.0
RP11-773D16.1,0.0
RP11-773H22.1,0.0
RP11-773H22.2,0.0
RP11-773H22.4,0.0
RP11-774D14.1,0.0
RP11-774G5.1,0.0
RP11-774I5.1,0.0
RP11-774O3.1,0.0
RP11-774O3.2,0.0
RP11-774O3.3,0.0
RP11-775A1.2,0.0
RP11-775A3.1,0.0
RP11-775B15.2,0.0
RP11-775B15.3,0.0
RP11-775C24.3,0.0
RP11-775D22.2,0.0
RP11-775D22.3,0.0
RP11-775E10.1,0.0
RP11-775G23.1,0.0
RP11-775H9.1,0.0
RP11-775H9.2,0.0
RP11-775H9.3,0.0
RP11-775J23.2,0.0
RP11-775L16.1,0.0
RP11-776A13.1,0.0
RP11-776A13.2,0.0
RP11-776A13.3,0.0
RP11-776H12.1,1.7984763234491472
RP11-776K3.1,0.0
RP11-777B9.1,0.0
RP11-777B9.4,0.0
RP11-777B9.5,0.0
RP11-777F6.3,0.0
RP11-777J24.1,0.253644744093139
RP11-777N19.1,0.0
RP11-778D12.2,0.0
RP11-778D9.12,0.0
RP11-778D9.13,0.0
RP11-778D9.4,0.0
RP11-778D9.9,0.0
RP11-778H2.1,0.0
RP11-778J15.1,0.0
RP11-778J16.2,0.0
RP11-778J16.3,0.0
RP11-778O17.4,0.0
RP11-779O18.1,0.0
RP11-779O18.2,0.0
RP11-779O18.3,0.0
RP11-779O18.4,0.0
RP11-779P15.1,0.0
RP11-779P15.2,0.0
RP11-77A13.1,0.0
RP11-77B22.1,0.0
RP11-77B22.2,0.0
RP11-77C3.3,0.0
RP11-77E14.2,0.0
RP11-77G22.2,0.0
RP11-77G23.2,0.0
RP11-77G23.5,0.0
RP11-77H9.2,0.0
RP11-77H9.5,0.0
RP11-77H9.6,0.0
RP11-77H9.8,0.0
RP11-77I22.2,0.0
RP11-77I22.4,0.0
RP11-77K12.1,0.0
RP11-77K12.3,0.0
RP11-77K12.4,0.0
RP11-77K12.5,0.0
RP11-77K12.7,0.0
RP11-77K12.8,0.0
RP11-77M5.1,0.0
RP11-77O7.1,0.0
RP11-77P16.1,0.0
RP11-77P16.3,0.0
RP11-77P16.4,0.0
RP11-77P6.2,0.0
RP11-780K2.1,0.0
RP11-780M14.1,0.0
RP11-780O17.1,0.0
RP11-780O24.2,0.0
RP11-781A6.1,0.0
RP11-781D11.1,0.0
RP11-781E19.1,0.0
RP11-781M16.1,0.0
RP11-781M16.2,0.0
RP11-781P14.3,0.0
RP11-781P6.1,0.0
RP11-782C8.1,0.0
RP11-782C8.2,0.0
RP11-782C8.3,0.0
RP11-782C8.4,0.0
RP11-782C8.5,0.6204550963106681
RP11-782C8.6,0.0
RP11-782C8.7,0.0
RP11-782C8.8,0.0
RP11-782E2.2,0.0
RP11-782K4.1,0.0
RP11-783K16.10,0.0
RP11-783K16.13,0.0
RP11-783K16.14,0.0
RP11-783K16.5,0.0
RP11-783L4.1,0.0
RP11-784B15.1,0.0
RP11-785F11.1,0.0
RP11-785G17.1,0.0
RP11-785H20.1,0.0
RP11-785H5.1,0.0
RP11-785H5.1,0.0
RP11-785H5.1,0.0
RP11-785H5.2,0.0
RP11-785H5.2,0.0
RP11-785H5.2,0.0
RP11-787B4.2,0.0
RP11-787D11.1,0.0
RP11-787D18.1,0.0
RP11-787D18.2,0.0
RP11-787I22.3,0.0
RP11-787P24.1,0.0
RP11-787P24.2,0.0
RP11-787P24.4,0.0
RP11-788A4.1,0.0
RP11-788H18.1,0.0
RP11-788M5.3,0.0
RP11-789A21.1,0.0
RP11-789C1.1,0.0
RP11-789C1.2,0.0
RP11-789C17.1,0.0
RP11-789C17.3,0.0
RP11-789C17.5,0.0
RP11-789C2.1,0.0
RP11-789F5.1,0.0
RP11-789L4.1,0.0
RP11-78A18.2,0.0
RP11-78A19.2,0.0
RP11-78A19.3,0.0
RP11-78A19.4,0.0
RP11-78B10.2,0.0
RP11-78C3.1,0.0
RP11-78E6.1,0.0
RP11-78F17.1,0.0
RP11-78F17.3,0.0
RP11-78H18.2,0.0
RP11-78H24.1,0.0
RP11-78I14.1,0.0
RP11-78J21.4,0.0
RP11-78O22.1,0.0
RP11-78O7.2,0.0
RP11-78O9.1,0.0
RP11-790I12.1,0.0
RP11-790I12.2,0.0
RP11-790I12.3,0.0
RP11-790I12.4,0.0
RP11-790I12.6,0.0
RP11-790J24.1,0.0
RP11-790J24.2,0.0
RP11-790L1.3,0.0
RP11-791G15.2,0.0
RP11-791G16.2,0.0
RP11-791G16.4,0.0
RP11-791G16.5,0.0
RP11-791M20.1,0.0
RP11-791O21.5,0.0
RP11-792A8.1,0.0
RP11-792A8.3,0.0
RP11-792A8.4,0.0
RP11-792D21.2,0.0
RP11-793A3.1,0.0
RP11-793A3.2,0.0
RP11-793B23.1,0.0
RP11-793H13.10,0.0
RP11-793H13.11,0.0
RP11-793H13.3,0.0
RP11-793H13.8,0.0
RP11-793I11.1,0.0
RP11-793K1.1,0.0
RP11-793L10.1,0.0
RP11-794A8.1,0.0
RP11-794C22.2,0.0
RP11-794G24.1,0.0
RP11-794M8.1,0.0
RP11-794M8.2,0.0
RP11-794P6.1,0.0
RP11-794P6.2,0.0
RP11-794P6.3,0.0
RP11-794P6.6,0.0
RP11-795A2.2,0.0
RP11-795A2.3,0.0
RP11-795F19.5,0.0
RP11-795H16.2,0.0
RP11-795H16.3,0.0
RP11-795J1.1,0.0
RP11-795J1.2,0.0
RP11-796E10.1,0.0
RP11-796E2.4,2.007512212023229
RP11-796G6.1,0.0
RP11-796G6.2,0.0
RP11-796I2.1,0.0
RP11-796L2.1,0.0
RP11-797A18.3,0.0
RP11-797A18.4,0.0
RP11-797A18.6,0.0
RP11-797D24.3,0.0
RP11-797D24.4,0.0
RP11-797E24.3,0.0
RP11-797H7.1,0.0
RP11-797H7.3,0.0
RP11-797H7.5,0.0
RP11-797J4.1,0.0
RP11-797M17.1,0.0
RP11-798G7.4,0.0
RP11-798G7.5,0.0
RP11-798G7.6,0.0
RP11-798G7.7,0.0
RP11-798G7.8,1.3187237340792874
RP11-798K23.1,0.0
RP11-798K23.3,0.0
RP11-798K23.4,0.0
RP11-798K23.5,0.0
RP11-798K3.2,0.0
RP11-798K3.3,0.0
RP11-798K3.4,0.0
RP11-798L4.1,0.0
RP11-798M19.3,0.0
RP11-798M19.6,0.0
RP11-799B12.2,0.0
RP11-799B12.4,0.0
RP11-799D4.1,0.0
RP11-799D4.2,0.0
RP11-799D4.3,0.0
RP11-799D4.4,0.0
RP11-799M12.2,0.0
RP11-799N11.1,0.0
RP11-799O21.2,0.0
RP11-799P8.1,0.0
RP11-79C23.1,0.0
RP11-79C6.1,0.0
RP11-79C6.3,0.0
RP11-79D8.2,0.0
RP11-79E3.1,0.0
RP11-79E3.2,0.0
RP11-79E3.3,0.0
RP11-79H23.3,0.0
RP11-79J24.1,0.0
RP11-79L21.1,0.0
RP11-79L9.2,0.0
RP11-79M19.2,0.0
RP11-79M21.3,0.0
RP11-79N23.1,1.380296600302216
RP11-79O8.1,0.0
RP11-79P5.2,0.0
RP11-79P5.3,0.0
RP11-79P5.5,0.0
RP11-79P5.7,0.0
RP11-79P5.9,0.0
RP11-7C6.1,0.0
RP11-7D5.2,2.4260949053436867
RP11-7F17.1,0.0
RP11-7F17.3,0.0
RP11-7F17.4,0.0
RP11-7F17.5,0.0
RP11-7F17.7,0.0
RP11-7F18.1,0.0
RP11-7F18.2,0.0
RP11-7G12.1,0.0
RP11-7G12.2,0.0
RP11-7G23.4,0.0
RP11-7G23.5,0.0
RP11-7G23.8,0.0
RP11-7I15.3,0.0
RP11-7I15.4,0.0
RP11-7K24.3,0.0
RP11-7M10.2,0.0
RP11-7M8.2,0.0
RP11-7N14.1,0.0
RP11-7O11.3,0.0
RP11-7O14.1,0.0
RP11-7O20.4,0.0
RP11-7O20.4,0.0
RP11-800A18.4,0.0
RP11-800A3.2,0.0
RP11-800A3.3,0.0
RP11-800A3.4,0.0
RP11-800A3.7,0.0
RP11-801F7.1,0.0
RP11-801G16.2,0.0
RP11-801I18.1,0.0
RP11-802E16.3,0.0
RP11-802F5.1,0.0
RP11-802H3.1,0.0
RP11-802H3.2,0.0
RP11-802O23.3,0.0
RP11-803A13.1,0.0
RP11-803B1.2,0.0
RP11-803B1.3,0.0
RP11-803B1.8,1.9937523923170493
RP11-803D5.4,0.0
RP11-803P9.1,0.0
RP11-804A23.1,0.0
RP11-804A23.2,0.0
RP11-804A23.4,0.0
RP11-804F13.1,0.0
RP11-804F13.2,0.0
RP11-804H8.5,0.0
RP11-804H8.6,0.0
RP11-804L24.2,0.0
RP11-804M7.1,0.0
RP11-804M7.2,0.0
RP11-804N13.1,0.0
RP11-805F19.1,0.0
RP11-805F19.2,0.0
RP11-805F19.4,0.0
RP11-805I24.1,0.0
RP11-805I24.3,0.0
RP11-805I24.4,0.0
RP11-805J14.3,0.0
RP11-805J14.5,0.0
RP11-805L22.1,0.0
RP11-805L22.2,0.0
RP11-805L22.3,0.0
RP11-806H10.4,0.0
RP11-806J6.1,0.0
RP11-806K15.1,2.2074721343026256
RP11-806L2.2,0.0
RP11-806L2.5,0.0
RP11-806L2.6,0.0
RP11-806O11.1,0.0
RP11-807E13.2,0.0
RP11-807E13.3,0.0
RP11-807G9.2,0.0
RP11-807H17.1,0.0
RP11-807H22.5,0.0
RP11-807H22.6,0.0
RP11-807H22.7,0.0
RP11-807H7.1,0.0
RP11-807H7.2,0.0
RP11-809C18.3,0.0
RP11-809C18.4,0.0
RP11-809C18.5,0.0
RP11-809C9.2,0.0
RP11-809F4.2,0.0
RP11-809F4.3,0.0
RP11-809F4.4,0.0
RP11-809H16.2,0.0
RP11-809H16.3,0.0
RP11-809H16.4,0.0
RP11-809H16.5,0.0
RP11-809M12.1,0.0
RP11-809N15.2,0.0
RP11-809N15.3,0.0
RP11-809N8.2,0.0
RP11-809N8.4,0.0
RP11-809N8.5,0.6204550963106681
RP11-809N8.6,0.0
RP11-809O17.1,0.0
RP11-80A15.1,0.0
RP11-80B9.1,0.0
RP11-80B9.4,0.0
RP11-80F22.1,0.0
RP11-80F22.10,0.0
RP11-80F22.11,0.0
RP11-80F22.13,0.0
RP11-80F22.14,0.0
RP11-80F22.15,0.0
RP11-80F22.2,0.0
RP11-80F22.4,0.0
RP11-80F22.5,0.0
RP11-80F22.6,0.0
RP11-80F22.7,0.0
RP11-80F22.8,0.0
RP11-80F22.9,0.0
RP11-80G7.1,0.0
RP11-80H18.4,0.0
RP11-80H5.2,0.0
RP11-80H5.5,0.0
RP11-80H5.6,0.0
RP11-80H5.7,0.0
RP11-80H5.9,0.0
RP11-80H8.3,0.0
RP11-80H8.4,0.0
RP11-80I15.1,0.0
RP11-80I15.4,0.0
RP11-80K21.3,0.0
RP11-80K6.2,0.0
RP11-80N2.2,0.0
RP11-810B23.1,0.0
RP11-810D13.1,0.0
RP11-810F22.1,0.0
RP11-810H18.1,0.0
RP11-810K23.10,0.0
RP11-810K23.5,0.0
RP11-810K23.6,0.0
RP11-810K23.7,0.0
RP11-810K23.9,0.0
RP11-810M2.2,0.0
RP11-810O3.2,0.0
RP11-810O3.2,0.0
RP11-810P12.1,0.0
RP11-810P12.5,0.0
RP11-810P12.6,0.0
RP11-810P8.1,0.0
RP11-811I15.1,0.0
RP11-811J10.1,0.0
RP11-811P12.3,0.0
RP11-812D23.1,0.0
RP11-812E19.10,0.0
RP11-812E19.12,0.0
RP11-812E19.13,0.0
RP11-812E19.14,0.0
RP11-812E19.3,0.0
RP11-812E19.5,0.0
RP11-812E19.7,0.0
RP11-812E19.9,0.0
RP11-812I20.2,0.0
RP11-813B8.1,0.0
RP11-813F20.1,0.0
RP11-813F20.2,0.0
RP11-813F20.4,0.0
RP11-813I20.2,0.0
RP11-813N20.1,0.0
RP11-813N20.2,0.0
RP11-813N20.3,0.0
RP11-813P10.1,0.0
RP11-813P10.2,0.0
RP11-814E24.1,0.0
RP11-814E24.3,0.0
RP11-814H16.2,1.2269946489498065
RP11-814M22.2,0.0
RP11-814P5.1,0.0
RP11-815D16.1,0.0
RP11-815I22.1,0.0
RP11-815I9.3,0.0
RP11-815I9.4,0.0
RP11-815I9.5,0.0
RP11-815J21.1,0.0
RP11-815J21.2,0.0
RP11-815J21.3,0.0
RP11-815J21.4,0.0
RP11-815J4.1,0.0
RP11-815J4.4,0.0
RP11-815J4.5,0.0
RP11-815J4.6,0.253644744093139
RP11-815J4.7,0.0
RP11-815M8.1,0.0
RP11-815N9.2,0.0
RP11-816B4.1,0.0
RP11-816J6.3,0.0
RP11-816J8.1,0.0
RP11-817J15.2,0.0
RP11-817J15.3,0.0
RP11-817O13.1,0.0
RP11-817O13.6,0.0
RP11-817O13.8,0.0
RP11-818C3.1,0.0
RP11-818F20.4,0.0
RP11-818F20.5,0.0
RP11-818O24.3,0.0
RP11-819C21.1,0.0
RP11-819M15.1,0.0
RP11-81A1.3,0.0
RP11-81A1.8,0.0
RP11-81A22.5,0.0
RP11-81B10.2,0.0
RP11-81B23.1,0.0
RP11-81F13.1,0.0
RP11-81F13.2,0.0
RP11-81H14.2,0.0
RP11-81H14.3,0.253644744093139
RP11-81H14.4,0.0
RP11-81H3.1,0.0
RP11-81H3.2,0.0
RP11-81K13.1,0.253644744093139
RP11-81K2.1,0.0
RP11-81M19.1,0.0
RP11-81M19.3,0.0
RP11-81N13.1,0.253644744093139
RP11-820I16.1,0.0
RP11-820I16.2,0.0
RP11-820I16.3,0.0
RP11-820I16.4,0.0
RP11-820K3.2,0.0
RP11-820K3.3,0.0
RP11-820K3.4,0.0
RP11-820L6.1,0.0
RP11-822E23.2,0.0
RP11-822E23.2,0.0
RP11-822E23.3,0.0
RP11-822E23.3,0.0
RP11-822E23.4,0.0
RP11-822E23.4,0.0
RP11-822E23.5,0.0
RP11-822E23.5,0.0
RP11-822E23.6,0.0
RP11-822E23.6,0.0
RP11-822E23.7,0.0
RP11-822E23.7,0.0
RP11-822E23.8,0.0
RP11-822E23.8,0.0
RP11-822P1.1,0.0
RP11-823P9.3,0.0
RP11-824M15.3,0.0
RP11-826N14.1,0.0
RP11-826N14.2,0.0
RP11-826N14.4,0.0
RP11-829H16.1,0.0
RP11-829H16.2,0.0
RP11-829H16.3,0.0
RP11-829H16.5,0.253644744093139
RP11-82C23.2,0.0
RP11-82H13.2,0.0
RP11-82K18.2,0.0
RP11-82L18.2,0.0
RP11-82L18.4,0.0
RP11-82L2.1,0.0
RP11-82L20.1,0.0
RP11-82L7.4,0.0
RP11-82O18.2,0.0
RP11-82O19.1,0.0
RP11-82O19.2,1.564630272110482
RP11-82O2.2,0.0
RP11-830F9.5,0.0
RP11-830F9.6,0.0
RP11-830F9.7,0.0
RP11-831A10.1,0.0
RP11-831A10.2,0.0
RP11-831F12.2,0.0
RP11-831F12.3,0.0
RP11-831F12.4,0.0
RP11-831H9.11,0.0
RP11-831H9.3,0.0
RP11-832A4.5,0.0
RP11-832N8.1,0.0
RP11-834C11.10,0.0
RP11-834C11.11,0.0
RP11-834C11.12,0.0
RP11-834C11.14,0.0
RP11-834C11.3,0.0
RP11-834C11.4,0.0
RP11-834C11.5,0.0
RP11-834C11.6,0.0
RP11-834C11.7,0.0
RP11-834C11.8,0.0
RP11-835E18.4,0.0
RP11-835E18.5,0.0
RP11-838N2.3,0.0
RP11-838N2.4,0.0
RP11-838N2.5,0.0
RP11-838N2.8,0.0
RP11-839D17.3,0.0
RP11-839D17.3,0.0
RP11-839G9.1,0.0
RP11-83A16.1,0.0
RP11-83A24.1,0.0
RP11-83A24.2,0.0
RP11-83B20.1,0.0
RP11-83C7.1,0.0
RP11-83C7.2,0.0
RP11-83J16.1,0.0
RP11-83J16.3,0.0
RP11-83J21.3,0.0
RP11-83M16.1,0.0
RP11-83M16.2,0.0
RP11-83M16.3,0.0
RP11-83M16.4,0.0
RP11-83M16.5,0.0
RP11-83M16.6,0.0
RP11-83N9.5,0.0
RP11-840I19.3,0.0
RP11-840I19.5,0.0
RP11-841C19.1,0.0
RP11-841C19.3,0.253644744093139
RP11-841C19.4,0.0
RP11-841O20.2,0.0
RP11-843A23.1,0.0
RP11-843B15.1,0.0
RP11-843B15.2,0.0
RP11-843B15.3,0.0
RP11-843P14.1,0.0
RP11-843P14.2,0.0
RP11-844G16.1,0.0
RP11-844P9.1,0.0
RP11-844P9.2,0.6204550963106681
RP11-844P9.3,0.0
RP11-844P9.4,0.0
RP11-845C23.2,0.0
RP11-845C23.3,0.0
RP11-845M18.6,0.0
RP11-845M18.7,0.0
RP11-846C15.2,0.0
RP11-846E15.1,0.0
RP11-846E15.2,0.8164310788769841
RP11-846E15.3,0.0
RP11-846E15.4,0.0
RP11-846F4.1,0.0
RP11-846F4.10,0.0
RP11-846F4.11,0.0
RP11-846F4.11,0.0
RP11-846F4.12,0.0
RP11-846F4.5,0.0
RP11-846F4.6,0.0
RP11-846F4.9,0.0
RP11-847H18.2,0.0
RP11-847H18.3,0.0
RP11-848D3.4,0.0
RP11-848D3.5,0.0
RP11-848G14.2,0.0
RP11-848G14.5,0.0
RP11-848P1.2,0.0
RP11-848P1.3,0.0
RP11-848P1.4,0.0
RP11-848P1.5,0.0
RP11-848P1.7,0.0
RP11-848P1.9,0.0
RP11-849F2.10,0.0
RP11-849F2.4,0.0
RP11-849F2.5,0.0
RP11-849F2.7,0.0
RP11-849F2.8,0.0
RP11-849F2.9,0.253644744093139
RP11-849H4.2,0.0
RP11-849H4.4,1.8549171766299344
RP11-849I19.1,0.0
RP11-849I19.1,0.0
RP11-849N15.1,0.0
RP11-849N15.4,0.0
RP11-84A1.1,0.0
RP11-84A1.3,0.0
RP11-84A14.4,0.0
RP11-84A14.5,0.0
RP11-84A19.2,0.0
RP11-84A19.3,0.0
RP11-84A19.4,0.0
RP11-84C10.1,0.0
RP11-84C10.2,0.0
RP11-84C10.3,0.0
RP11-84C10.4,0.0
RP11-84C13.1,0.0
RP11-84C13.2,0.0
RP11-84D1.1,0.0
RP11-84D1.2,0.0
RP11-84E24.2,0.0
RP11-84E24.3,0.0
RP11-84G21.1,0.0
RP11-84G21.2,0.0
RP11-84H6.1,0.0
RP11-84O12.2,0.0
RP11-84O12.3,0.0
RP11-84O12.4,0.0
RP11-850F7.7,0.0
RP11-851M3.1,0.0
RP11-852E15.1,0.0
RP11-854K16.2,0.0
RP11-854K16.3,0.0
RP11-855A2.3,0.0
RP11-855A2.3,0.0
RP11-855A2.5,0.0
RP11-855A2.5,0.0
RP11-855C21.1,0.0
RP11-855O10.2,0.0
RP11-855O10.3,0.0
RP11-856F16.2,0.0
RP11-856M7.1,0.0
RP11-856M7.2,0.0
RP11-856M7.4,0.0
RP11-856M7.6,0.0
RP11-856M7.7,0.0
RP11-856M7.8,0.0
RP11-857B24.1,0.0
RP11-857B24.2,0.0
RP11-857B24.3,0.0
RP11-857B24.5,0.0
RP11-85A1.3,0.0
RP11-85B7.2,0.0
RP11-85B7.4,0.0
RP11-85D18.1,0.0
RP11-85E16.1,0.0
RP11-85F14.1,0.0
RP11-85F14.5,0.0
RP11-85G18.6,0.0
RP11-85G20.1,0.0
RP11-85G20.2,0.0
RP11-85G21.1,0.0
RP11-85G21.2,0.0
RP11-85G21.3,0.0
RP11-85I21.1,0.0
RP11-85K15.2,0.253644744093139
RP11-85L21.4,0.0
RP11-85L21.5,0.0
RP11-85L21.5,0.0
RP11-85L21.6,0.0
RP11-85L21.6,0.0
RP11-85M11.2,0.0
RP11-85O21.2,0.0
RP11-85O21.4,0.0
RP11-85O21.5,1.3018627585701523
RP11-860B13.1,0.0
RP11-860B13.3,0.0
RP11-861A13.4,0.0
RP11-861E21.1,0.0
RP11-861E21.2,0.0
RP11-861E21.3,0.0
RP11-861L17.2,0.0
RP11-861L17.3,0.0
RP11-862G15.1,0.0
RP11-862G15.2,0.0
RP11-862L9.3,0.0
RP11-862P13.1,0.0
RP11-863H1.1,0.0
RP11-863K10.2,0.0
RP11-863K10.4,0.0
RP11-863K10.7,0.0
RP11-863N1.4,0.0
RP11-863P13.1,0.0
RP11-863P13.2,0.0
RP11-863P13.3,0.0
RP11-863P13.4,0.0
RP11-863P13.5,0.0
RP11-863P13.6,0.0
RP11-864G5.1,0.0
RP11-864G5.3,0.0
RP11-864G5.7,0.0
RP11-864G5.8,0.0
RP11-864I4.3,0.0
RP11-864I4.4,0.0
RP11-864J10.2,0.0
RP11-864J10.4,0.0
RP11-864N7.1,0.0
RP11-864N7.2,0.0
RP11-865B13.1,0.0
RP11-865I6.2,0.0
RP11-866E20.1,0.0
RP11-866E20.3,0.0
RP11-867G2.2,0.0
RP11-867G2.5,0.0
RP11-867G2.6,0.0
RP11-867G2.8,0.0
RP11-867G23.1,0.0
RP11-867G23.10,0.0
RP11-867G23.12,0.0
RP11-867G23.13,0.0
RP11-867G23.2,0.0
RP11-867G23.3,0.0
RP11-867G23.4,0.0
RP11-867G23.8,1.2469559880685197
RP11-867G23.9,0.0
RP11-867O8.5,0.0
RP11-869B15.1,0.0
RP11-86A5.1,0.0
RP11-86H7.6,0.0
RP11-86H7.7,0.0
RP11-86K22.1,0.0
RP11-86L19.2,0.0
RP11-871F6.2,0.0
RP11-871F6.3,0.0
RP11-872D17.4,0.0
RP11-872D17.8,0.0
RP11-872J21.3,0.0
RP11-873E20.1,0.0
RP11-874G11.1,0.0
RP11-874J12.3,0.0
RP11-874J12.4,0.0
RP11-875H7.1,0.0
RP11-875H7.2,0.0
RP11-875H7.5,0.0
RP11-875O11.1,0.0
RP11-875O11.2,0.0
RP11-875O11.3,0.0
RP11-876F14.1,0.0
RP11-876F14.2,0.0
RP11-876N24.1,0.0
RP11-876N24.2,0.0
RP11-876N24.4,0.0
RP11-876N24.5,0.0
RP11-879F14.1,0.0
RP11-879F14.2,0.0
RP11-879F14.3,0.0
RP11-87C12.2,0.0
RP11-87C12.5,0.0
RP11-87E22.1,0.0
RP11-87E22.2,0.0
RP11-87F15.2,0.0
RP11-87G24.3,0.0
RP11-87G24.6,0.0
RP11-87H9.2,0.6960356275201428
RP11-87H9.3,0.0
RP11-87M18.2,0.0
RP11-87M18.2,0.0
RP11-87N24.1,0.0
RP11-87N24.2,0.0
RP11-87N24.3,1.4821708087520635
RP11-87N3.6,0.0
RP11-87N3.6,0.0
RP11-87O11.1,0.0
RP11-87P13.2,0.0
RP11-881L2.1,0.0
RP11-881M11.1,0.0
RP11-881M11.2,0.0
RP11-881M11.4,0.0
RP11-881M11.8,1.1364750726028654
RP11-882G5.1,0.0
RP11-882I15.1,0.0
RP11-883A18.3,0.0
RP11-883G10.1,0.0
RP11-883G14.1,0.0
RP11-883G14.2,0.0
RP11-883G14.3,0.0
RP11-883G14.4,0.0
RP11-884K10.6,0.0
RP11-884K10.7,0.0
RP11-885B4.1,0.0
RP11-885B4.2,0.0
RP11-885L14.1,0.0
RP11-885N19.6,0.0
RP11-886D15.1,0.0
RP11-886H22.1,0.0
RP11-886P16.6,0.0
RP11-887P2.3,0.0
RP11-887P2.5,0.0
RP11-887P2.6,0.0
RP11-888D10.3,0.0
RP11-888D10.4,0.0
RP11-889D3.1,0.0
RP11-889D3.2,0.0
RP11-889L3.1,0.0
RP11-889L3.4,0.0
RP11-88E18.1,0.253644744093139
RP11-88H10.2,0.0
RP11-88H10.3,0.0
RP11-88H12.2,0.0
RP11-88H9.2,0.0
RP11-88I18.2,0.0
RP11-88I18.2,0.0
RP11-88I18.3,0.0
RP11-88I21.1,0.0
RP11-88I21.2,0.0
RP11-88L24.4,0.0
RP11-890B15.2,0.0
RP11-890B15.3,0.0
RP11-893F2.13,0.0
RP11-893F2.14,0.0
RP11-893F2.15,0.0
RP11-893F2.5,0.0
RP11-893F2.6,0.0
RP11-893F2.9,0.0
RP11-894J14.5,0.0
RP11-894P9.1,0.0
RP11-894P9.2,0.0
RP11-895K13.2,0.0
RP11-895M11.2,0.0
RP11-895M11.3,0.0
RP11-896J10.3,0.0
RP11-897M7.1,0.0
RP11-899L11.1,0.0
RP11-899L11.3,0.0
RP11-89A16.1,0.0
RP11-89B16.1,0.0
RP11-89B16.2,0.0
RP11-89C3.2,0.0
RP11-89C3.3,0.0
RP11-89C3.4,0.0
RP11-89F17.5,0.0
RP11-89F3.2,0.0
RP11-89F3.2,0.0
RP11-89H19.1,0.0
RP11-89K10.1,0.0
RP11-89K10.2,0.0
RP11-89K11.1,0.0
RP11-89K18.1,0.0
RP11-89K21.1,0.0
RP11-89K22.1,0.0
RP11-89M16.1,0.0
RP11-89M20.1,0.0
RP11-89M20.2,0.0
RP11-89M22.3,0.0
RP11-89N17.1,0.0
RP11-89N17.2,0.0
RP11-89N17.3,0.0
RP11-89N17.4,0.0
RP11-8H2.1,0.0
RP11-8J23.1,0.0
RP11-8J9.1,0.0
RP11-8J9.5,0.0
RP11-8L18.2,0.0
RP11-8L18.3,0.0
RP11-8L2.1,0.0
RP11-8L21.1,0.0
RP11-8L8.1,0.0
RP11-8L8.2,0.0
RP11-8P11.3,0.0
RP11-8P13.1,0.0
RP11-902B17.1,0.0
RP11-903H12.3,0.0
RP11-903H12.4,0.0
RP11-905K4.1,0.0
RP11-907D1.1,0.0
RP11-907D1.2,0.0
RP11-909B2.1,0.0
RP11-909M7.3,0.0
RP11-909N17.2,0.0
RP11-909N17.3,0.0
RP11-90B22.1,0.0
RP11-90B9.2,0.0
RP11-90C1.1,0.0
RP11-90C4.1,0.0
RP11-90C4.2,0.0
RP11-90C4.3,0.0
RP11-90D11.1,0.0
RP11-90D4.3,0.0
RP11-90E5.1,0.0
RP11-90E9.1,0.0
RP11-90H3.1,0.0
RP11-90H3.2,0.0
RP11-90J7.2,0.0
RP11-90J7.4,0.0
RP11-90K17.2,0.0
RP11-90K18.1,0.0
RP11-90K6.1,0.0
RP11-90L20.2,0.0
RP11-90O23.1,0.0
RP11-90P13.1,0.0
RP11-90P16.1,0.0
RP11-90P16.2,0.0
RP11-90P5.1,0.0
RP11-90P5.2,0.0
RP11-90P5.4,0.0
RP11-90P5.5,0.0
RP11-90P5.7,0.0
RP11-916L7.1,0.0
RP11-91A15.1,0.0
RP11-91A15.2,0.0
RP11-91A18.1,0.0
RP11-91A18.4,0.0
RP11-91G21.1,0.4127178969233909
RP11-91H12.3,0.0
RP11-91H12.4,0.0
RP11-91I11.1,0.0
RP11-91I20.1,0.0
RP11-91I20.2,0.0
RP11-91I20.3,0.0
RP11-91I20.4,1.73358907889706
RP11-91I8.1,0.0
RP11-91I8.3,0.0
RP11-91J19.3,0.0
RP11-91J19.4,0.0
RP11-91J3.1,0.0
RP11-91J3.2,0.0
RP11-91J3.3,0.0
RP11-91K11.2,0.0
RP11-91K8.2,0.0
RP11-91K8.4,0.0
RP11-91K8.5,0.0
RP11-91K9.1,0.0
RP11-91N2.3,0.0
RP11-91P17.1,0.0
RP11-91P24.1,0.0
RP11-91P24.3,0.0
RP11-91P24.5,0.0
RP11-91P24.6,0.0
RP11-91P24.7,0.0
RP11-923I11.3,0.0
RP11-923I11.4,0.0
RP11-923I11.5,0.0
RP11-923I11.6,0.0
RP11-923I11.7,0.0
RP11-925D8.1,0.0
RP11-925D8.2,0.0
RP11-925D8.3,0.0
RP11-925D8.5,0.0
RP11-925D8.6,0.0
RP11-927P21.1,0.0
RP11-927P21.11,0.0
RP11-927P21.12,0.0
RP11-927P21.2,0.0
RP11-927P21.4,0.0
RP11-927P21.5,0.0
RP11-927P21.6,0.0
RP11-927P21.7,0.0
RP11-927P21.8,0.0
RP11-927P21.9,0.0
RP11-928F19.2,0.0
RP11-928F19.3,0.0
RP11-928F19.5,0.0
RP11-92A5.2,0.0
RP11-92B11.3,0.0
RP11-92B11.4,0.0
RP11-92C4.3,0.0
RP11-92C4.4,0.0
RP11-92C4.6,0.0
RP11-92G12.3,0.0
RP11-92G19.2,0.0
RP11-92K15.1,0.0
RP11-92K15.3,0.0
RP11-930O11.1,0.0
RP11-930O11.2,0.0
RP11-930P14.1,0.0
RP11-930P14.2,0.0
RP11-932A10.1,0.0
RP11-932O9.10,0.0
RP11-932O9.3,0.0
RP11-932O9.4,0.0
RP11-932O9.7,0.0
RP11-932O9.8,0.0
RP11-932O9.9,0.0
RP11-933H2.4,0.0
RP11-934B9.3,0.0
RP11-936I5.1,0.0
RP11-939C17.4,0.0
RP11-93B14.4,0.0
RP11-93B14.5,0.0
RP11-93B14.6,0.0
RP11-93B21.1,0.0
RP11-93H10.1,0.0
RP11-93H12.2,0.0
RP11-93H12.3,0.0
RP11-93H12.4,0.0
RP11-93I21.2,0.0
RP11-93I21.3,0.0
RP11-93K22.1,0.0
RP11-93K22.13,0.0
RP11-93K22.14,0.0
RP11-93K22.6,0.0
RP11-93K22.7,0.0
RP11-93K7.1,0.0
RP11-93L14.1,0.0
RP11-93L9.1,0.0
RP11-93M12.1,0.0
RP11-93N20.1,0.0
RP11-93O14.1,0.0
RP11-93O14.2,0.0
RP11-93O17.1,0.0
RP11-93O17.2,0.0
RP11-93O7.5,0.0
RP11-93P10.2,0.0
RP11-93P10.3,0.0
RP11-941H19.1,0.0
RP11-941H19.2,0.0
RP11-941H19.3,0.7603920768618123
RP11-944C7.1,0.0
RP11-944L7.4,0.0
RP11-944L7.5,0.0
RP11-945A11.1,0.0
RP11-945A11.2,0.0
RP11-945C19.1,0.0
RP11-945C19.4,0.0
RP11-945F5.1,0.0
RP11-946L16.1,0.0
RP11-946L20.1,0.0
RP11-946L20.2,0.0
RP11-946L20.4,0.0
RP11-94A24.1,0.0
RP11-94B19.1,0.0
RP11-94B19.2,0.0
RP11-94B19.3,0.0
RP11-94B19.4,0.0
RP11-94B19.5,0.0
RP11-94B19.6,0.0
RP11-94B19.7,0.0
RP11-94C24.11,0.0
RP11-94C24.6,0.0
RP11-94C24.8,0.0
RP11-94D20.1,0.0
RP11-94H18.1,0.0
RP11-94H18.2,0.0
RP11-94H6.1,0.0
RP11-94I2.1,0.0
RP11-94I2.4,0.0
RP11-94L15.2,0.0
RP11-94M14.2,0.0
RP11-94M14.3,0.0
RP11-94P11.3,0.0
RP11-94P11.4,0.0
RP11-94P14.1,0.0
RP11-950C14.3,0.0
RP11-950C14.7,0.0
RP11-950K24.2,0.0
RP11-953B20.1,0.0
RP11-953B20.2,0.0
RP11-955H22.1,0.0
RP11-955H22.2,0.0
RP11-955H22.3,0.0
RP11-955H22.4,0.0
RP11-956A19.1,0.0
RP11-956E11.1,0.0
RP11-956J14.1,0.0
RP11-956J14.2,0.0
RP11-958F21.1,0.0
RP11-958F21.3,0.0
RP11-958J22.1,0.0
RP11-958J22.2,0.0
RP11-958J22.3,0.0
RP11-958N24.1,0.0
RP11-958N24.2,0.0
RP11-959F10.4,0.0
RP11-959F10.5,0.0
RP11-959F10.6,0.0
RP11-959I15.1,0.0
RP11-959I15.4,0.0
RP11-95D17.1,0.0
RP11-95G17.2,0.0
RP11-95H11.1,0.0
RP11-95H3.1,0.0
RP11-95H8.5,0.0
RP11-95I16.2,0.0
RP11-95I16.4,0.0
RP11-95I19.1,0.0
RP11-95I19.2,0.0
RP11-95J11.1,0.0
RP11-95K23.3,0.0
RP11-95K23.5,0.0
RP11-95K23.6,0.0
RP11-95K23.7,0.0
RP11-95L3.2,0.0
RP11-95M15.1,0.0
RP11-95M15.2,0.0
RP11-95M5.1,0.0
RP11-95O2.1,0.0
RP11-95O2.5,0.0
RP11-95P13.1,0.0
RP11-95P13.2,0.0
RP11-95P2.1,0.0
RP11-95P2.3,0.0
RP11-95P2.4,0.0
RP11-95P9.1,0.0
RP11-960B9.2,0.0
RP11-960D24.1,0.0
RP11-960H2.1,0.0
RP11-960H2.2,0.0
RP11-960L18.1,0.0
RP11-961A15.1,0.0
RP11-962G15.1,0.0
RP11-963H1.1,0.0
RP11-963H4.2,0.0
RP11-963H4.3,0.0
RP11-963H4.5,0.0
RP11-964E11.2,0.0
RP11-966I7.1,0.6960356275201428
RP11-966I7.2,0.0
RP11-966I7.3,0.0
RP11-967K21.1,0.0
RP11-967K21.2,0.0
RP11-968A15.2,0.0
RP11-968A15.8,0.0
RP11-968O1.5,0.6204550963106681
RP11-96A1.4,0.0
RP11-96A1.5,0.0
RP11-96B2.1,0.0
RP11-96B5.3,0.0
RP11-96B5.4,0.0
RP11-96C21.1,0.0
RP11-96C23.10,0.0
RP11-96C23.11,0.0
RP11-96C23.12,0.0
RP11-96C23.14,0.0
RP11-96C23.15,0.0
RP11-96C23.5,0.0
RP11-96C23.9,0.0
RP11-96D1.10,0.0
RP11-96D1.11,0.0
RP11-96D1.3,0.0
RP11-96D1.5,0.0
RP11-96D1.6,0.0
RP11-96D1.7,0.0
RP11-96D1.9,0.0
RP11-96D24.1,0.0
RP11-96F8.1,0.0
RP11-96G10.1,0.0
RP11-96G10.1,0.0
RP11-96H17.1,0.0
RP11-96H17.3,0.0
RP11-96H19.1,0.0
RP11-96J15.1,0.0
RP11-96J15.2,0.0
RP11-96J19.1,0.0
RP11-96J19.4,0.0
RP11-96K14.1,0.0
RP11-96K19.2,0.0
RP11-96K19.4,0.0
RP11-96K19.5,0.0
RP11-96L14.7,0.0
RP11-96L7.2,0.0
RP11-96O20.2,0.0
RP11-96O20.4,0.0
RP11-96P7.1,0.0
RP11-972K6.1,0.0
RP11-972L6.2,0.0
RP11-972P1.8,0.0
RP11-973D8.4,0.0
RP11-973F15.1,0.0
RP11-973F15.2,0.0
RP11-973H7.1,0.0
RP11-973H7.3,0.0
RP11-973H7.4,0.0
RP11-973H7.5,0.0
RP11-973N13.2,0.0
RP11-973N13.3,0.0
RP11-973N13.4,0.0
RP11-973N13.5,0.0
RP11-974F13.1,0.0
RP11-974F13.5,0.0
RP11-977B10.2,0.0
RP11-977G19.10,0.0
RP11-977G19.11,0.0
RP11-977G19.12,0.0
RP11-977G19.14,0.0
RP11-977G19.5,0.0
RP11-977P2.1,0.0
RP11-978I15.10,0.0
RP11-97C16.1,0.0
RP11-97C18.1,0.0
RP11-97E7.1,0.0
RP11-97E7.2,0.0
RP11-97F8.1,0.0
RP11-97I14.1,0.0
RP11-97N10.1,0.0
RP11-97N19.2,0.0
RP11-97N5.2,0.0
RP11-97N5.2,0.0
RP11-97O12.2,1.3187237340792874
RP11-97O12.3,0.0
RP11-97O12.6,0.0
RP11-97O12.7,0.0
RP11-981G7.1,0.0
RP11-981G7.2,0.0
RP11-981G7.3,0.0
RP11-981G7.6,1.470668879757139
RP11-981P6.1,0.5288907918624668
RP11-982M15.2,0.0
RP11-982M15.5,0.253644744093139
RP11-982M15.6,0.0
RP11-982M15.7,0.0
RP11-982M15.8,0.0
RP11-983C2.1,0.0
RP11-983C2.2,0.0
RP11-983C2.3,0.0
RP11-983C2.4,0.0
RP11-983P16.2,0.0
RP11-983P16.4,0.0
RP11-986E7.2,0.0
RP11-986E7.7,0.0
RP11-986G18.1,0.0
RP11-989E6.1,0.0
RP11-989E6.10,0.0
RP11-989E6.11,0.0
RP11-989E6.2,0.0
RP11-989E6.3,0.0
RP11-989E6.8,0.0
RP11-989F5.1,0.0
RP11-989F5.3,0.0
RP11-98C1.1,0.0
RP11-98C1.2,0.0
RP11-98C8.1,0.0
RP11-98D18.1,0.0
RP11-98D18.15,0.0
RP11-98D18.16,0.0
RP11-98D18.17,0.0
RP11-98D18.2,0.0
RP11-98D18.3,0.0
RP11-98D18.7,0.0
RP11-98D18.9,0.0
RP11-98E6.1,0.0
RP11-98F14.11,0.0
RP11-98G13.1,0.0
RP11-98G7.1,1.909127290849204
RP11-98H4.1,0.0
RP11-98H4.4,0.0
RP11-98I9.4,1.825043511578913
RP11-98J23.1,0.0
RP11-98J23.2,0.0
RP11-98J9.1,0.0
RP11-98J9.2,0.0
RP11-98J9.3,0.0
RP11-98L12.2,0.0
RP11-98L4.1,0.0
RP11-98L5.2,0.0
RP11-98L5.4,0.0
RP11-98L5.5,0.0
RP11-98N22.6,0.0
RP11-98O2.1,0.0
RP11-98P2.1,0.0
RP11-991C1.1,0.0
RP11-991C1.2,0.0
RP11-993B23.1,0.0
RP11-993B23.3,0.0
RP11-995C19.2,0.0
RP11-995C19.2,0.0
RP11-996F15.2,2.3454285914586
RP11-998D10.1,0.0
RP11-998D10.4,0.0
RP11-998D10.5,0.0
RP11-998D10.7,0.0
RP11-999E24.3,0.0
RP11-99A1.2,0.0
RP11-99A14.1,0.0
RP11-99C10.1,0.0
RP11-99E15.2,0.0
RP11-99E15.3,0.0
RP11-99H20.1,0.0
RP11-99H8.1,0.0
RP11-99I9.2,0.0
RP11-99J16__A.2,0.0
RP11-99L13.1,0.0
RP11-99L13.2,0.0
RP11-9B6.1,0.0
RP11-9D8.1,0.0
RP11-9E13.4,0.0
RP11-9G1.3,0.0
RP11-9G10.1,0.0
RP11-9L18.2,0.0
RP11-9L18.3,0.0
RP11-9M16.2,0.0
RP11-9M16.3,0.0
RP11-9N20.3,0.0
RP13-100A9.2,0.0
RP13-100B2.4,0.0
RP13-1016M1.2,0.0
RP13-1032I1.7,0.0
RP13-1039J1.2,0.0
RP13-1039J1.3,0.0
RP13-1039J1.4,0.0
RP13-104F24.1,0.0
RP13-104F24.3,2.076264058037105
RP13-1056D16.2,0.0
RP13-122B23.8,0.0
RP13-122B23.9,0.0
RP13-126C7.1,0.0
RP13-128O4.3,0.0
RP13-130D24.1,0.0
RP13-131K19.1,0.0
RP13-131K19.2,1.0829908296976
RP13-131K19.6,0.253644744093139
RP13-131K19.7,0.0
RP13-137A17.4,0.0
RP13-137A17.5,0.0
RP13-137A17.6,0.0
RP13-13A3.1,0.0
RP13-140E4.1,0.0
RP13-143G15.3,0.0
RP13-143G15.4,0.0
RP13-146A14.1,0.0
RP13-147D17.1,0.0
RP13-150K15.1,0.0
RP13-150K15.1,0.0
RP13-152O15.5,0.0
RP13-157F18.2,0.0
RP13-157F18.2,0.0
RP13-15E13.1,0.0
RP13-15M17.1,0.0
RP13-16H11.2,0.0
RP13-16H11.5,0.0
RP13-16H11.7,0.0
RP13-188A5.1,0.0
RP13-192B19.1,0.0
RP13-192B19.2,0.0
RP13-198D9.3,0.0
RP13-200J3.2,0.0
RP13-20L14.1,0.0
RP13-20L14.4,0.0
RP13-20L14.6,0.0
RP13-210D15.1,0.0
RP13-210D15.1,0.0
RP13-210D15.4,0.0
RP13-210D15.4,0.0
RP13-210D15.6,0.0
RP13-210D15.6,0.0
RP13-212L9.1,0.0
RP13-213K19.1,0.0
RP13-216E22.4,0.0
RP13-216E22.5,0.0
RP13-221M14.2,0.0
RP13-221M14.3,0.0
RP13-221M14.4,0.0
RP13-221M14.6,0.0
RP13-225O21.2,0.0
RP13-225O21.5,1.514954562424701
RP13-228J13.1,0.0
RP13-228J13.10,0.0
RP13-228J13.10,0.0
RP13-228J13.5,0.0
RP13-228J13.6,0.0
RP13-228J13.6,0.0
RP13-228J13.8,0.0
RP13-228J13.8,0.0
RP13-228J13.9,0.0
RP13-228J13.9,0.0
RP13-235E23.1,0.0
RP13-238F13.3,0.0
RP13-238F13.5,0.0
RP13-238N7.2,0.0
RP13-24G8.2,0.0
RP13-254B10.1,0.0
RP13-258O15.1,0.0
RP13-259N13.2,0.0
RP13-262C2.3,0.0
RP13-266I11.1,0.0
RP13-26D14.2,0.0
RP13-270P17.1,0.0
RP13-270P17.2,2.1833092257283497
RP13-270P17.3,0.0
RP13-278H16.2,0.0
RP13-279N23.2,0.0
RP13-297E16.4,0.0
RP13-297E16.4,0.0
RP13-297E16.5,0.0
RP13-297E16.5,0.0
RP13-30A9.1,0.0
RP13-30A9.1,0.0
RP13-30A9.2,0.0
RP13-30A9.2,0.0
RP13-313G19.2,0.0
RP13-314C10.5,0.0
RP13-317D12.3,0.0
RP13-324D24.1,0.0
RP13-329D4.3,0.0
RP13-33H18.1,0.0
RP13-346H10.2,0.0
RP13-346H10.2,0.0
RP13-347D8.1,0.0
RP13-348B13.2,0.0
RP13-34L8.7,0.0
RP13-34L8.7,0.0
RP13-34L8.8,0.0
RP13-34L8.8,0.0
RP13-359K18.1,0.0
RP13-36C9.4,0.0
RP13-36C9.4,0.0
RP13-36C9.5,0.0
RP13-36C9.5,0.0
RP13-36G14.3,0.0
RP13-36G14.4,0.0
RP13-379L11.1,0.0
RP13-379L11.2,0.0
RP13-379L11.3,0.0
RP13-379O24.2,0.0
RP13-379O24.2,0.0
RP13-379O24.3,0.0
RP13-379O24.3,0.0
RP13-383K5.4,0.0
RP13-392I16.1,0.0
RP13-395E19.2,0.0
RP13-395E19.3,0.0
RP13-395E19.4,0.0
RP13-39P12.2,0.0
RP13-39P12.3,0.0
RP13-401N8.1,0.0
RP13-401N8.3,0.0
RP13-40J16.1,0.0
RP13-436F16.1,0.0
RP13-439H18.4,0.0
RP13-43E11.1,0.0
RP13-444H2.1,0.0
RP13-444K19.1,0.0
RP13-444K19.1,0.0
RP13-452N2.1,0.0
RP13-455A7.1,0.0
RP13-461N9.2,0.0
RP13-463N16.6,0.0
RP13-467H17.1,0.0
RP13-46H24.1,0.0
RP13-470G3.2,0.0
RP13-476E20.1,0.0
RP13-480C15.1,0.0
RP13-483F6.1,0.0
RP13-487C10.1,0.0
RP13-487K5.1,0.0
RP13-487P22.1,1.0829908296976
RP13-488H8.1,0.0
RP13-492C18.1,0.0
RP13-492C18.2,0.0
RP13-494C23.1,0.0
RP13-497K6.1,0.0
RP13-507P19.1,0.0
RP13-507P19.2,0.0
RP13-512J5.1,0.0
RP13-514E23.1,0.0
RP13-514E23.2,1.4821708087520635
RP13-516M14.1,0.253644744093139
RP13-516M14.2,0.0
RP13-516M14.4,0.0
RP13-526J3.1,0.0
RP13-52K8.1,0.0
RP13-539F13.2,0.0
RP13-539F13.3,0.0
RP13-539J13.1,0.0
RP13-560N11.1,0.0
RP13-565O16.2,0.0
RP13-565O16.2,0.0
RP13-577H12.2,0.0
RP13-577H12.3,0.0
RP13-578N3.3,0.0
RP13-57D9.3,0.0
RP13-580B18.1,0.0
RP13-580B18.1,0.0
RP13-580F15.2,0.0
RP13-582L3.4,0.0
RP13-582O9.5,0.0
RP13-582O9.7,0.0
RP13-585F24.1,0.0
RP13-608F4.1,0.0
RP13-608F4.5,0.0
RP13-608F4.6,0.0
RP13-608F4.8,0.0
RP13-60M5.2,0.0
RP13-60P5.2,0.0
RP13-612N21.1,0.0
RP13-614K11.1,0.0
RP13-614K11.2,0.0
RP13-616I3.1,0.0
RP13-619I2.2,0.0
RP13-631K18.2,0.0
RP13-631K18.3,0.0
RP13-631K18.5,0.0
RP13-635I23.3,0.0
RP13-638C3.2,0.0
RP13-638C3.3,0.0
RP13-638C3.4,0.0
RP13-638C3.6,0.0
RP13-643D4.1,0.0
RP13-644M16.1,0.0
RP13-644M16.2,0.0
RP13-644M16.3,0.0
RP13-644M16.4,0.0
RP13-644M16.5,0.0
RP13-650G11.1,0.0
RP13-650J16.1,0.0
RP13-653N12.1,0.0
RP13-653N12.2,0.0
RP13-672B3.2,0.0
RP13-672B3.5,0.0
RP13-685P2.7,0.0
RP13-685P2.8,0.0
RP13-726E6.1,0.0
RP13-726E6.2,0.0
RP13-726E6.3,0.0
RP13-735L24.1,0.0
RP13-753N3.1,0.0
RP13-75G22.1,0.0
RP13-766D20.1,0.0
RP13-766D20.1,0.0
RP13-766D20.2,0.0
RP13-766D20.2,0.0
RP13-77O11.11,0.0
RP13-77O11.11,0.0
RP13-77O11.12,0.0
RP13-77O11.12,0.0
RP13-77O11.7,0.0
RP13-77O11.7,0.0
RP13-77O11.8,0.0
RP13-77O11.8,0.0
RP13-7D7.1,0.0
RP13-81N3.1,0.0
RP13-81N3.2,0.0
RP13-820C6.2,0.0
RP13-824C8.2,0.0
RP13-870H17.3,0.0
RP13-884E18.2,0.0
RP13-884E18.4,0.0
RP13-88F20.1,0.0
RP13-890H12.2,0.0
RP13-895J2.2,0.0
RP13-895J2.2,0.0
RP13-895J2.3,0.0
RP13-895J2.3,0.0
RP13-895J2.7,0.0
RP13-895J2.7,0.0
RP13-923O23.6,0.0
RP13-926M18.1,0.0
RP13-928P6.3,0.0
RP13-93L13.1,0.0
RP13-93L13.2,0.0
RP13-941N14.1,0.0
RP13-941N14.1,0.0
RP13-977J11.2,0.0
RP13-977J11.5,0.0
RP13-977J11.8,0.0
RP13-98N21.2,0.0
RP13-98N21.3,0.0
RP13-991F5.2,0.0
RP13-996F3.3,0.0
RP13-996F3.4,0.0
RP13-996F3.5,0.0
RP1L1,0.0
RP2,0.0
RP2,0.0
RP3-322G13.5,0.0
RP3-322G13.7,0.0
RP3-322L4.2,0.0
RP3-323B6.1,0.0
RP3-323K23.3,0.0
RP3-323N1.2,0.0
RP3-323P13.2,0.0
RP3-323P24.3,0.4127178969233909
RP3-324O17.4,0.0
RP3-325F22.3,0.0
RP3-325F22.5,0.0
RP3-326I13.1,0.0
RP3-326L13.2,0.0
RP3-326L13.3,0.5288907918624668
RP3-327A19.5,0.0
RP3-328E19.4,0.0
RP3-328E19.5,0.0
RP3-329A5.1,0.0
RP3-329A5.8,0.0
RP3-329E20.2,0.0
RP3-330M21.5,0.0
RP3-331H24.4,0.0
RP3-331H24.5,0.0
RP3-332B22.1,0.0
RP3-333A15.1,0.0
RP3-333A15.2,0.0
RP3-333B15.4,0.0
RP3-333H23.8,0.0
RP3-334F4.1,0.0
RP3-334F4.2,0.0
RP3-335N17.2,0.0
RP3-336K20__B.2,0.0
RP3-337D23.3,0.0
RP3-337H4.10,0.0
RP3-337H4.6,0.0
RP3-337H4.8,0.0
RP3-337H4.9,0.0
RP3-337O18.9,0.0
RP3-339A18.3,0.0
RP3-339A18.3,0.0
RP3-339A18.6,0.0
RP3-339A18.6,0.0
RP3-340B19.2,0.0
RP3-340B19.3,0.0
RP3-340B19.5,1.7005522897870602
RP3-340H11.2,0.0
RP3-340N1.2,0.0
RP3-340N1.5,0.0
RP3-340N1.6,0.0
RP3-341D10.1,0.0
RP3-342P20.2,0.0
RP3-343K2.4,0.0
RP3-344J20.1,0.0
RP3-347M6.1,0.0
RP3-347M6.2,0.0
RP3-348I23.2,0.0
RP3-348I23.3,0.0
RP3-352A20.1,0.0
RP3-354J5.3,0.0
RP3-354N19.1,0.0
RP3-354N19.3,0.0
RP3-355L5.3,0.0
RP3-355L5.4,0.0
RP3-355L5.5,0.0
RP3-357I16.1,0.0
RP3-358H7.1,0.0
RP3-359N14.1,0.0
RP3-359N14.2,0.0
RP3-363L9.1,0.0
RP3-364H10.1,0.0
RP3-365I19.2,0.0
RP3-365I19.2,0.0
RP3-365O12.2,0.0
RP3-366N23.4,0.0
RP3-368A4.5,2.084849460186147
RP3-368A4.6,0.0
RP3-368B9.2,0.0
RP3-369A17.2,0.0
RP3-369A17.4,0.0
RP3-369A17.5,0.0
RP3-370M22.8,0.0
RP3-375P9.2,0.0
RP3-377H17.2,0.0
RP3-377O6.2,0.0
RP3-378P9.1,0.0
RP3-378P9.2,0.0
RP3-380B4.1,0.0
RP3-380B8.4,0.0
RP3-380C13.2,0.0
RP3-380E11.2,0.0
RP3-382I10.2,0.0
RP3-382I10.3,0.0
RP3-384D21.2,0.0
RP3-388E23.2,0.0
RP3-388M5.8,0.0
RP3-388M5.9,0.0
RP3-388N13.2,0.0
RP3-388N13.3,0.0
RP3-389A20.2,0.0
RP3-389A20.5,0.0
RP3-390M24.1,0.0
RP3-391O22.1,0.0
RP3-391O22.2,0.0
RP3-391O22.3,0.0
RP3-393E18.1,0.0
RP3-393E18.2,0.0
RP3-393K13.1,0.0
RP3-393P12.1,0.0
RP3-393P12.1,0.0
RP3-395C13.1,0.0
RP3-395M20.12,0.0
RP3-395M20.2,0.0
RP3-395M20.3,0.0
RP3-395M20.7,0.0
RP3-395M20.8,0.0
RP3-395M20.9,0.0
RP3-395P12.2,0.0
RP3-398G3.5,0.0
RP3-399J4.1,0.0
RP3-399J4.2,0.0
RP3-399J4.4,0.0
RP3-399L15.1,0.0
RP3-399L15.2,0.0
RP3-399L15.3,0.0
RP3-400B16.1,0.0
RP3-400B16.2,0.0
RP3-400B16.3,0.0
RP3-400B16.4,0.0
RP3-400N23.6,0.0
RP3-402G11.25,0.0
RP3-402G11.26,0.0
RP3-402G11.27,0.0
RP3-402G11.28,0.0
RP3-403A15.1,1.7522684493138374
RP3-403L10.2,0.0
RP3-403L10.3,0.0
RP3-404F18.5,0.0
RP3-404K8.2,0.0
RP3-405J10.2,0.0
RP3-405J10.3,0.0
RP3-405J10.4,0.0
RP3-406A7.1,0.0
RP3-406A7.3,0.0
RP3-406A7.5,0.0
RP3-406A7.7,0.0
RP3-406C18.1,0.0
RP3-406C18.2,0.0
RP3-406P24.1,0.0
RP3-406P24.3,0.0
RP3-406P24.4,0.6960356275201428
RP3-407E4.2,0.0
RP3-407E4.3,0.0
RP3-407E4.4,0.0
RP3-408N23.4,0.253644744093139
RP3-410B11.1,0.0
RP3-410C9.2,0.0
RP3-412A9.12,0.0
RP3-412A9.15,0.0
RP3-412A9.16,0.0
RP3-413H6.2,0.0
RP3-414A15.10,0.866058549240148
RP3-414A15.11,0.0
RP3-414A15.2,0.0
RP3-415N12.1,1.7701774257562413
RP3-416H24.1,0.0
RP3-416H24.4,0.0
RP3-416J7.1,0.0
RP3-416J7.4,0.0
RP3-416J7.5,0.0
RP3-417G15.1,0.0
RP3-417L20.4,0.0
RP3-417O22.3,0.0
RP3-418A9.3,0.0
RP3-418C23.2,0.0
RP3-419C19.2,0.0
RP3-419C19.3,0.0
RP3-420J14.1,0.0
RP3-422G23.3,0.0
RP3-422G23.4,0.0
RP3-423B22.5,0.0
RP3-425P12.1,0.0
RP3-425P12.2,0.0
RP3-425P12.4,0.0
RP3-425P12.5,0.0
RP3-426I6.2,0.0
RP3-426I6.5,0.0
RP3-426I6.6,0.0
RP3-428A13.1,0.0
RP3-428L16.1,0.0
RP3-428L16.2,0.0
RP3-429O6.1,0.0
RP3-430A16.1,0.0
RP3-430N8.10,0.0
RP3-430N8.11,0.0
RP3-431A14.4,0.0
RP3-431C21.1,0.0
RP3-431P23.2,0.0
RP3-432I18.1,0.0
RP3-433F14.1,0.0
RP3-433F14.2,0.0
RP3-433F14.4,0.0
RP3-433G13.1,0.0
RP3-433G13.1,0.0
RP3-434O14.8,0.0
RP3-434P1.6,0.0
RP3-435K13.1,0.0
RP3-436N22.3,0.0
RP3-437C15.1,0.0
RP3-437C15.2,0.0
RP3-437I16.1,0.0
RP3-438O4.4,0.0
RP3-439F8.1,0.0
RP3-441A12.1,0.0
RP3-443C4.2,0.0
RP3-445N2.1,0.0
RP3-445O10.1,0.0
RP3-446N13.1,0.0
RP3-448I9.1,0.0
RP3-448I9.2,0.0
RP3-449H6.1,0.0
RP3-449M8.6,0.0
RP3-449M8.9,0.0
RP3-449O17.1,1.6339035873850103
RP3-450M14.1,0.0
RP3-451B15.3,0.0
RP3-452M16.1,0.0
RP3-453C12.8,0.0
RP3-453D15.1,0.0
RP3-453I5.2,0.0
RP3-453P22.2,0.0
RP3-454B23.1,0.0
RP3-455E7.1,0.0
RP3-455H14.1,0.0
RP3-455J7.3,0.0
RP3-455J7.4,0.0
RP3-460G2.2,0.0
RP3-461F17.1,0.0
RP3-461F17.1,0.0
RP3-461F17.2,0.0
RP3-461F17.2,0.0
RP3-461P17.10,0.0
RP3-461P17.6,0.0
RP3-461P17.9,0.0
RP3-462C17.1,0.0
RP3-462D8.2,0.0
RP3-462E2.3,0.0
RP3-462E2.5,0.0
RP3-463P15.1,0.0
RP3-465N24.5,0.0
RP3-465N24.6,0.0
RP3-466I7.1,0.0
RP3-466P17.1,0.0
RP3-466P17.2,0.0
RP3-467K16.2,0.0
RP3-467K16.4,0.0
RP3-467K16.7,0.0
RP3-467L1.4,1.85007876288628
RP3-467L1.6,0.0
RP3-467N11.1,0.0
RP3-467N11.2,0.0
RP3-468B3.2,0.0
RP3-468B3.4,0.0
RP3-468K18.5,0.0
RP3-468K18.6,0.0
RP3-469D22.1,0.0
RP3-470B24.5,0.0
RP3-470L22.1,0.0
RP3-471C18.1,0.0
RP3-471C18.2,0.0
RP3-471M13.2,0.0
RP3-472M2.2,0.0
RP3-473B4.3,0.0
RP3-473L9.4,0.0
RP3-474G15.1,0.0
RP3-475N16.1,0.0
RP3-476K8.3,0.0
RP3-476K8.4,0.0
RP3-477M7.5,0.0
RP3-477M7.6,0.0
RP3-477O4.14,0.0
RP3-477O4.16,0.4127178969233909
RP3-477O4.5,0.0
RP3-481A17.1,0.0
RP3-481A17.1,0.0
RP3-481F12.1,0.0
RP3-483K16.4,0.0
RP3-486D24.1,0.0
RP3-486I3.4,0.0
RP3-486I3.5,0.0
RP3-486I3.7,0.0
RP3-492P14.2,0.0
RP3-495K2.1,0.0
RP3-495K2.2,0.0
RP3-495K2.3,0.0
RP3-495O10.1,0.0
RP3-496C20.1,0.0
RP3-497J21.1,0.0
RP3-499B10.3,0.0
RP3-500L14.2,0.0
RP3-503A6.2,0.0
RP3-507I15.1,0.0
RP3-507I15.1,0.0
RP3-507I15.2,0.0
RP3-507I15.2,0.0
RP3-508D13.1,0.0
RP3-508I15.10,0.0
RP3-508I15.14,0.0
RP3-508I15.18,0.0
RP3-508I15.19,0.0
RP3-508I15.20,0.0
RP3-508I15.21,0.0
RP3-508I15.22,0.0
RP3-508I15.9,0.0
RP3-509I19.1,0.0
RP3-509I19.6,0.0
RP3-510D11.1,0.0
RP3-510D11.2,0.0
RP3-510H16.3,0.0
RP3-510L9.1,0.0
RP3-510O8.3,0.9509808635159877
RP3-510O8.4,0.0
RP3-511B24.5,0.0
RP3-511B24.6,0.0
RP3-512B11.3,0.0
RP3-512E2.2,0.0
RP3-513G18.2,0.253644744093139
RP3-514A23.2,0.0
RP3-514P16.1,0.0
RP3-514P16.1,0.0
RP3-518E13.2,0.0
RP3-520B18.1,0.0
RP3-521E19.2,0.0
RP3-521E19.3,0.0
RP3-522D1.1,0.0
RP3-522D1.2,0.0
RP3-522J7.5,0.0
RP3-522J7.6,0.0
RP3-522P13.1,0.0
RP3-522P13.2,0.0
RP3-522P13.3,0.0
RP3-523C21.2,0.0
RP3-523E19.2,0.0
RP3-523K23.2,0.0
RP3-525L6.2,0.0
RP3-525N10.2,0.0
RP3-525N14.2,0.0
RP3-525N14.2,0.0
RP3-526F5.2,0.0
RP3-526F5.2,0.0
RP3-527G5.1,0.0
RP4-529N6.1,0.0
RP4-529N6.2,0.0
RP4-530I15.6,0.0
RP4-530I15.9,0.0
RP4-533D7.3,0.0
RP4-533D7.4,2.010885112023206
RP4-533D7.5,0.0
RP4-534N18.2,0.0
RP4-534P7.2,0.0
RP4-535B20.1,0.0
RP4-535B20.2,0.0
RP4-535B20.4,0.253644744093139
RP4-536B24.2,0.0
RP4-536B24.3,0.0
RP4-536B24.4,0.0
RP4-537K23.4,0.0
RP4-539M6.14,0.0
RP4-539M6.18,0.0
RP4-539M6.19,0.0
RP4-539M6.20,0.0
RP4-539M6.21,0.0
RP4-539M6.22,0.0
RP4-541C22.5,0.0
RP4-543J13.1,0.0
RP4-544H6.2,0.0
RP4-545C24.1,0.0
RP4-545C24.5,0.0
RP4-545K15.3,0.0
RP4-545K15.3,0.0
RP4-545K15.5,0.0
RP4-545K15.5,0.0
RP4-548D19.3,0.0
RP4-549F15.1,0.0
RP4-549L20.3,0.0
RP4-550H1.4,0.0
RP4-550H1.5,0.0
RP4-551E13.2,0.0
RP4-552O12.1,0.0
RP4-553F4.2,0.0
RP4-553F4.6,0.0
RP4-555D20.2,0.0
RP4-555D20.3,0.0
RP4-555D20.4,0.0
RP4-555L14.4,0.0
RP4-555N2.4,0.0
RP4-559A3.6,0.0
RP4-559A3.7,0.0
RP4-560B9.4,0.0
RP4-560B9.5,0.0
RP4-560B9.6,0.0
RP4-561L24.3,0.0
RP4-562D20.2,0.0
RP4-562J12.1,0.0
RP4-562J12.2,0.0
RP4-564F22.5,0.0
RP4-564M11.2,0.0
RP4-564O4.1,0.0
RP4-565E6.1,0.0
RP4-566D2.1,0.0
RP4-568F9.3,0.0
RP4-568F9.6,0.0
RP4-569D19.5,0.0
RP4-569D19.8,0.0
RP4-569M23.2,0.0
RP4-569M23.4,0.0
RP4-570O12.2,0.0
RP4-575N6.2,0.0
RP4-575N6.4,0.9879310210915638
RP4-575N6.5,0.0
RP4-576H24.2,0.0
RP4-576H24.4,0.0
RP4-576H24.5,0.0
RP4-580N22.2,0.0
RP4-580O19.2,0.0
RP4-581F12.1,0.0
RP4-581O6.1,0.0
RP4-583K8.1,0.0
RP4-583P15.10,0.0
RP4-583P15.11,0.0
RP4-583P15.14,0.0
RP4-583P15.15,0.0
RP4-584D14.5,0.0
RP4-584D14.6,0.0
RP4-584D14.7,0.0
RP4-586O15.1,0.0
RP4-590F24.1,0.0
RP4-591B8.2,0.0
RP4-591B8.3,0.0
RP4-591L5.1,0.0
RP4-591L5.2,0.0
RP4-591N18.2,0.0
RP4-592A1.2,0.0
RP4-592A1.4,0.0
RP4-593C16.3,0.0
RP4-593H12.1,0.0
RP4-593M8.1,0.0
RP4-594A5.1,0.0
RP4-594I10.3,0.0
RP4-594L9.2,0.0
RP4-595K12.1,0.0
RP4-595K12.2,0.0
RP4-597A16.2,0.0
RP4-597A16.3,0.0
RP4-597J3.1,0.0
RP4-597N16.1,0.0
RP4-597N16.4,0.0
RP4-598G3.1,0.0
RP4-601K24.1,0.0
RP4-601P9.1,0.0
RP4-601P9.2,0.0
RP4-603I14.3,0.0
RP4-604A21.1,0.0
RP4-604G5.1,0.0
RP4-604G5.3,0.0
RP4-604K5.2,0.0
RP4-604K5.3,0.0
RP4-605O3.4,0.0
RP4-607I7.1,0.0
RP4-607J2.1,0.0
RP4-607J23.2,0.0
RP4-609E1.2,0.0
RP4-610C12.1,0.0
RP4-610C12.2,0.0
RP4-610C12.3,1.6496233519400156
RP4-610C12.4,0.0
RP4-612B15.2,0.0
RP4-612B15.3,0.0
RP4-612B18.1,0.0
RP4-612B18.3,0.0
RP4-612C19.1,0.0
RP4-612C19.2,0.0
RP4-612J11.1,0.0
RP4-613A2.1,0.0
RP4-613B23.1,0.0
RP4-614C15.2,0.0
RP4-614C15.3,0.0
RP4-614N24.1,0.0
RP4-614O4.11,0.0
RP4-614O4.12,1.1609342125054871
RP4-616B8.4,0.0
RP4-617C6.1,0.0
RP4-620E11.4,0.0
RP4-620E11.5,0.0
RP4-620F22.2,0.0
RP4-620F22.3,0.0
RP4-621B10.8,1.3506004547184218
RP4-622L5.2,0.0
RP4-622L5.7,0.0
RP4-625H18.2,0.0
RP4-630A11.3,0.0
RP4-630C24.1,0.0
RP4-630C24.3,0.0
RP4-630J13.1,0.0
RP4-631H13.2,0.0
RP4-631H13.4,0.0
RP4-631H13.5,0.0
RP4-631H13.6,0.0
RP4-633H17.2,0.0
RP4-633I8.1,0.0
RP4-633I8.2,0.0
RP4-633I8.3,0.866058549240148
RP4-633I8.4,1.0535570409588524
RP4-633O19__A.1,0.0
RP4-635A23.3,0.0
RP4-635A23.4,0.0
RP4-635E18.6,0.0
RP4-635E18.7,0.0
RP4-635E18.8,1.2469559880685197
RP4-635E8.1,0.0
RP4-635G19.1,0.0
RP4-639F20.1,0.6204550963106681
RP4-639J15.1,0.0
RP4-639J15.2,0.0
RP4-640E24.1,0.0
RP4-640H8.2,0.253644744093139
RP4-641G12.3,0.0
RP4-641G12.4,0.0
RP4-644L1.2,0.0
RP4-646N3.1,0.0
RP4-647C14.2,0.0
RP4-647C14.3,0.0
RP4-647J21.1,0.0
RP4-650F12.2,0.0
RP4-651E10.3,0.0
RP4-651E10.4,0.0
RP4-654C18.1,0.0
RP4-654H19.2,0.0
RP4-655C5.4,0.0
RP4-655J12.4,0.0
RP4-655J12.5,0.0
RP4-655L22.4,0.0
RP4-656G21.1,0.0
RP4-657D16.3,0.0
RP4-657D16.6,0.0
RP4-657E11.10,0.0
RP4-657M3.2,0.0
RP4-659I19.1,0.0
RP4-660H19.1,0.0
RP4-662A9.2,0.0
RP4-663N10.1,0.0
RP4-663N10.2,0.0
RP4-665J23.1,0.5288907918624668
RP4-665J23.2,0.0
RP4-665J23.4,1.8737491581138752
RP4-665N4.4,0.0
RP4-665N4.8,0.0
RP4-666F24.3,0.0
RP4-666O22.3,0.0
RP4-667H12.4,0.0
RP4-668E10.2,0.0
RP4-668G5.1,0.0
RP4-668J24.2,0.0
RP4-669B10.3,0.0
RP4-669B10.6,0.0
RP4-669H2.1,0.0
RP4-669L17.1,0.0
RP4-669L17.10,0.0
RP4-669L17.2,0.0
RP4-669L17.4,0.0
RP4-669L17.8,0.0
RP4-669P10.16,0.0
RP4-669P10.16,0.0
RP4-669P10.19,1.6175933905056985
RP4-669P10.19,1.4933759616707991
RP4-671G15.2,0.0
RP4-672N11.1,0.0
RP4-673D20.1,0.0
RP4-673D20.3,2.5470567171356926
RP4-673D20.4,0.0
RP4-673D20.5,0.0
RP4-673D20.6,0.0
RP4-673M15.1,0.0
RP4-675G8.2,0.0
RP4-675G8.3,0.0
RP4-675G8.4,0.0
RP4-676J13.2,0.0
RP4-676L2.1,0.0
RP4-677H15.4,0.0
RP4-678D15.1,0.0
RP4-680D5.2,0.0
RP4-680D5.4,0.0
RP4-680D5.8,0.0
RP4-680D5.9,0.0
RP4-681L3.2,0.0
RP4-682C21.2,0.0
RP4-682C21.5,0.0
RP4-682E18.1,0.0
RP4-683L5.1,0.0
RP4-683M8.2,0.0
RP4-684O24.5,0.0
RP4-686C3.7,1.2060714458283772
RP4-687K1.2,0.0
RP4-693M11.3,0.0
RP4-694A7.2,0.0
RP4-694A7.3,0.0
RP4-694A7.4,0.0
RP4-694B14.5,0.0
RP4-697K14.3,0.0
RP4-697P8.3,0.0
RP4-700A9.1,0.0
RP4-701O16.5,0.0
RP4-704D21.2,0.0
RP4-704D21.2,0.0
RP4-704D23.1,0.0
RP4-705D16.3,0.0
RP4-705F19.1,0.0
RP4-705O1.1,0.0
RP4-706A16.3,0.4127178969233909
RP4-706G24.1,0.0
RP4-706L14.2,0.0
RP4-710M16.1,0.0
RP4-710M16.2,0.0
RP4-710M3.1,0.0
RP4-710M3.2,0.0
RP4-712E4.1,0.0
RP4-712E4.2,0.0
RP4-713A8.1,0.0
RP4-713B5.2,0.0
RP4-714D9.2,0.0
RP4-714D9.4,0.0
RP4-714D9.5,0.0
RP4-715N11.2,0.0
RP4-717I23.2,0.0
RP4-717I23.3,0.0
RP4-717M23.2,0.0
RP4-718D20.3,0.253644744093139
RP4-718J7.4,0.0
RP4-718N17.2,0.0
RP4-718P11.1,0.0
RP4-719C8.1,0.0
RP4-723E3.1,0.0
RP4-724E13.2,0.0
RP4-724E16.2,0.0
RP4-724P12.1,0.0
RP4-725G10.3,0.0
RP4-725G10.4,0.0
RP4-725K1.1,0.0
RP4-725K1.1,0.0
RP4-726F1.1,0.0
RP4-726N1.2,0.0
RP4-728D4.2,1.896195851746716
RP4-728D4.3,0.0
RP4-730D4.1,0.0
RP4-730K3.3,0.0
RP4-733B9.1,0.0
RP4-734C18.1,0.0
RP4-734G22.3,0.0
RP4-734P14.4,0.0
RP4-735C1.4,0.0
RP4-735C1.6,0.0
RP4-735N21.1,0.0
RP4-736H5.1,0.0
RP4-736H5.2,0.0
RP4-736H5.3,0.0
RP4-736I12.1,0.0
RP4-736L20.3,0.0
RP4-737A23.2,0.0
RP4-737E23.2,0.0
RP4-738P11.3,0.0
RP4-738P11.4,0.0
RP4-738P15.1,0.0
RP4-738P15.4,0.0
RP4-739H11.3,0.0
RP4-739H11.4,0.0
RP4-740C4.5,0.0
RP4-740C4.6,0.0
RP4-740C4.7,0.0
RP4-740C4.8,0.0
RP4-740C4.9,0.0
RP4-741O10.1,0.0
RP4-742C19.12,0.253644744093139
RP4-742J24.2,0.0
RP4-742N3.1,0.0
RP4-743O11.1,0.0
RP4-745E8.2,0.0
RP4-745K6.1,0.0
RP4-747G18.5,0.0
RP4-749H3.1,0.0
RP4-749H3.2,0.0
RP4-751H13.7,0.0
RP4-752I6.1,0.0
RP4-753D10.3,0.0
RP4-753D10.5,0.0
RP4-753D4.2,0.0
RP4-753D5.3,0.0
RP4-753F5.1,0.0
RP4-753M9.1,0.0
RP4-753P9.3,0.0
RP4-754E20__A.5,0.0
RP4-755D9.1,0.0
RP4-755D9.1,0.0
RP4-756G23.5,0.4127178969233909
RP4-756H11.1,0.0
RP4-756H11.3,0.0
RP4-758J18.10,0.0
RP4-758J18.13,0.0
RP4-758J18.2,0.0
RP4-758J18.7,0.0
RP4-758J24.4,0.0
RP4-758J24.5,1.6258250518828512
RP4-760C5.3,0.0
RP4-760C5.5,0.0
RP4-761I2.5,0.0
RP4-761J14.10,0.0
RP4-761J14.8,0.0
RP4-761J14.9,0.0
RP4-763G1.1,0.0
RP4-763G1.2,0.0
RP4-764D2.1,0.0
RP4-764O22.1,0.0
RP4-764O22.2,0.0
RP4-765C7.2,0.0
RP4-765H13.1,0.0
RP4-769N13.2,0.0
RP4-769N13.6,0.0
RP4-769N13.7,0.0
RP4-771M4.2,0.0
RP4-771M4.3,0.0
RP4-773A18.4,0.0
RP4-773N10.4,0.0
RP4-773N10.6,0.0
RP4-775C13.1,0.0
RP4-775C13.2,0.0
RP4-775D17.1,0.0
RP4-777D9.2,0.0
RP4-777G9.1,0.0
RP4-777O23.1,0.0
RP4-777O23.2,0.0
RP4-778K6.1,0.0
RP4-778K6.3,0.0
RP4-779E11.3,0.0
RP4-781K5.2,0.0
RP4-781K5.4,0.0
RP4-781K5.5,0.0
RP4-781K5.6,0.0
RP4-781K5.7,0.0
RP4-781K5.8,0.0
RP4-781K5.9,0.0
RP4-781L3.1,0.0
RP4-782G3.1,0.0
RP4-782L23.1,0.0
RP4-782L23.2,0.0
RP4-784A16.1,0.0
RP4-784A16.2,0.0
RP4-784A16.3,0.0
RP4-784A16.4,0.0
RP4-784A16.5,0.0
RP4-785G19.2,0.0
RP4-785G19.5,0.0
RP4-785J1.1,0.0
RP4-788L20.3,0.0
RP4-788P17.1,0.0
RP4-789D17.4,0.0
RP4-789D17.5,0.0
RP4-790G17.7,0.0
RP4-791C19.1,0.253644744093139
RP4-791M13.3,0.0
RP4-791M13.3,0.0
RP4-791M13.4,0.0
RP4-791M13.4,0.0
RP4-791M13.5,0.0
RP4-791M13.5,0.0
RP4-792G4.2,0.0
RP4-792G4.3,0.0
RP4-794H19.1,0.0
RP4-794H19.2,0.0
RP4-794H19.4,0.0
RP4-796I17.5,0.253644744093139
RP4-796I8.1,0.0
RP4-797C5.2,0.0
RP4-798A10.2,0.0
RP4-798A10.4,0.0
RP4-798A10.7,0.0
RP4-798A17.5,0.0
RP4-798P15.3,0.0
RP4-799D16.1,0.0
RP4-799G3.1,0.0
RP4-799G3.2,0.0
RP4-799P18.2,0.0
RP4-799P18.3,0.0
RP4-799P18.4,0.0
RP4-799P18.5,0.0
RP4-800F24.1,0.0
RP4-800G7.1,0.0
RP4-800G7.2,0.0
RP4-800G7.3,0.0
RP4-800J21.3,0.0
RP4-800M22.1,0.0
RP4-800M22.2,0.0
RP4-800M22.4,0.0
RP4-800O15.3,0.0
RP4-801G22.2,0.0
RP4-801G22.3,0.0
RP4-802A10.1,0.0
RP4-803A2.1,0.0
RP4-803A2.2,0.0
RP4-803J11.2,1.3506004547184218
RP4-806M20.3,0.0
RP4-806M20.5,0.0
RP4-808O4.2,0.0
RP4-809F18.1,0.0
RP4-809F18.1,0.0
RP4-809F18.2,0.0
RP4-809F18.2,0.0
RP4-809F4.1,0.0
RP4-810F7.1,0.0
RP4-811H24.9,0.0
RP4-813D12.2,0.0
RP4-813D12.3,0.0
RP4-813F11.3,0.0
RP4-813F11.4,0.253644744093139
RP4-814D15.1,0.0
RP4-814D15.2,0.0
RP4-816N1.1,0.0
RP4-816N1.6,0.0
RP4-816N1.7,0.0
RP5-1000K24.2,0.0
RP5-1000K24.2,0.0
RP5-1002M8.4,0.0
RP5-1004I9.1,0.0
RP5-1004I9.2,0.0
RP5-1006K12.1,0.0
RP5-1007G16.1,0.0
RP5-1007H16.1,0.0
RP5-1007M22.2,0.0
RP5-1009N12.1,0.0
RP5-1010E17.1,0.0
RP5-1010E17.1,0.0
RP5-1010E17.2,0.0
RP5-1010E17.2,0.0
RP5-1011O1.2,0.0
RP5-1011O1.3,0.0
RP5-1012F16.2,0.0
RP5-1013A22.2,0.0
RP5-1013A22.5,0.0
RP5-1014O16.1,0.0
RP5-1014O16.1,0.0
RP5-1014O16.10,0.0
RP5-1014O16.10,0.0
RP5-1014O16.9,0.0
RP5-1014O16.9,0.0
RP5-1018K9.1,0.0
RP5-1021I20.1,0.0
RP5-1021I20.2,0.0
RP5-1021I20.4,0.0
RP5-1021I20.5,0.0
RP5-1021I20.6,0.0
RP5-1021I20.7,0.0
RP5-1022J11.2,0.0
RP5-1022P6.3,0.0
RP5-1022P6.4,0.0
RP5-1022P6.5,0.0
RP5-1022P6.7,0.0
RP5-1024C24.1,0.0
RP5-1024G6.2,0.0
RP5-1024G6.5,0.0
RP5-1024G6.7,0.0
RP5-1024G6.8,0.0
RP5-1024N4.2,0.0
RP5-1024N4.4,0.0
RP5-1025A1.2,0.0
RP5-1027G4.3,0.0
RP5-1027O11.1,0.0
RP5-1027O15.1,0.0
RP5-1028K7.2,0.0
RP5-1028L10.1,0.0
RP5-1028L10.2,0.0
RP5-1029F21.2,0.0
RP5-1029F21.3,0.0
RP5-1029F21.4,0.0
RP5-1029K10.2,0.0
RP5-1029K10.4,0.0
RP5-1030M6.3,0.0
RP5-1031D4.2,0.0
RP5-1031J8.1,0.0
RP5-1033H2.1,0.0
RP5-1033H22.2,0.0
RP5-1033K19.2,0.0
RP5-1039K5.13,0.0
RP5-1039K5.16,0.0
RP5-1039K5.17,0.0
RP5-1039K5.18,0.0
RP5-1041C10.3,0.0
RP5-1042I8.7,0.0
RP5-1042K10.10,0.0
RP5-1042K10.12,0.0
RP5-1042K10.13,0.0
RP5-1043L13.1,0.0
RP5-1044H5.1,0.0
RP5-1044H5.2,0.0
RP5-1046G13.2,0.0
RP5-1047A19.4,0.0
RP5-1047A19.6,0.0
RP5-1048B16.1,0.253644744093139
RP5-1049G16.4,0.0
RP5-1049N15.2,0.0
RP5-1050D4.2,0.0
RP5-1050D4.3,0.0
RP5-1050D4.4,0.0
RP5-1050D4.5,0.0
RP5-1050E16.1,0.0
RP5-1050E16.1,0.0
RP5-1050E16.2,0.0
RP5-1050E16.2,0.0
RP5-1050K3.3,0.0
RP5-1051D14.1,0.0
RP5-1051H14.2,0.0
RP5-1051J4.4,0.0
RP5-1051J4.6,0.0
RP5-1052I5.1,0.0
RP5-1052I5.2,0.0
RP5-1052M9.1,0.0
RP5-1052M9.4,0.0
RP5-1053E7.2,0.0
RP5-1053E7.3,0.0
RP5-1055C14.6,0.0
RP5-1056L3.1,0.0
RP5-1057I20.2,0.0
RP5-1057J7.1,0.0
RP5-1057J7.6,1.5042992690810633
RP5-1057J7.7,0.0
RP5-1059H15.1,0.0
RP5-1061H20.3,0.0
RP5-1061H20.4,0.0
RP5-1061H20.5,0.0
RP5-1063M23.1,0.0
RP5-1063M23.2,0.0
RP5-1065J22.2,0.0
RP5-1065J22.4,0.0
RP5-1065J22.8,0.253644744093139
RP5-1065P14.2,0.0
RP5-1066H13.4,0.0
RP5-1067M6.3,0.0
RP5-1068B5.1,0.0
RP5-1068B5.3,0.0
RP5-1068E13.7,0.0
RP5-1068H6.1,0.0
RP5-1069C8.2,0.0
RP5-1069C8.3,0.0
RP5-1070A16.1,0.0
RP5-1070G24.2,0.0
RP5-1071N3.1,0.0
RP5-1073F15.1,0.0
RP5-1073O3.2,0.0
RP5-1073O3.7,0.253644744093139
RP5-1074L1.1,0.0
RP5-1074L1.4,0.0
RP5-1077B9.5,0.0
RP5-1077H22.1,0.0
RP5-1077H22.2,0.0
RP5-1077I2.3,0.0
RP5-1085F17.3,2.764084581220539
RP5-1085F17.4,0.0
RP5-1086K13.1,0.0
RP5-1086L22.1,0.0
RP5-1087E8.2,0.0
RP5-1087E8.3,0.0
RP5-1091N2.3,0.0
RP5-1091N2.9,0.0
RP5-1092A11.2,0.0
RP5-1092A11.5,0.0
RP5-1092A3.4,0.0
RP5-1092A3.5,0.0
RP5-1092K5.2,0.0
RP5-1092L12.2,0.0
RP5-1096D14.3,0.0
RP5-1096D14.6,0.0
RP5-1096J16.1,0.0
RP5-1097F14.1,0.0
RP5-1097F14.3,0.0
RP5-1097P24.1,0.0
RP5-1098D14.1,0.0
RP5-1099D15.1,0.0
RP5-1099E6.3,0.0
RP5-1100E15.4,0.0
RP5-1100H13.3,0.0
RP5-1100I6.1,0.0
RP5-1100I6.2,0.0
RP5-1101C3.1,0.4127178969233909
RP5-1102E8.3,0.0
RP5-1103B4.3,0.0
RP5-1103G7.10,0.0
RP5-1103G7.4,1.3187237340792874
RP5-1104E15.6,0.0
RP5-1106E3.1,0.0
RP5-1106H14.1,0.0
RP5-1107A17.2,0.0
RP5-1107A17.3,0.0
RP5-1107A17.4,0.0
RP5-1108M17.5,0.0
RP5-1109J22.1,0.0
RP5-1109J22.2,0.0
RP5-1110E20.1,0.0
RP5-1110E20.1,0.0
RP5-1111A8.3,0.0
RP5-1112D6.4,1.7583205369987196
RP5-1112D6.7,0.253644744093139
RP5-1112D6.8,0.0
RP5-1112F19.2,0.0
RP5-1113E3.3,0.0
RP5-1114G22.1,0.0
RP5-1114G22.2,0.0
RP5-1115A15.1,0.0
RP5-1115A15.2,0.0
RP5-1116H23.1,0.0
RP5-1118D24.2,0.0
RP5-1119A7.10,0.0
RP5-1119A7.11,0.0
RP5-1119A7.14,0.0
RP5-1119A7.17,0.0
RP5-1119D9.4,0.0
RP5-1119O21.2,0.0
RP5-1120P11.1,0.0
RP5-1120P11.3,0.0
RP5-1120P11.4,0.0
RP5-1121A15.3,0.0
RP5-1121E10.2,0.0
RP5-1121H13.1,0.0
RP5-1121H13.3,0.0
RP5-1121H13.4,0.0
RP5-1125A11.1,1.1840889676042927
RP5-1125A11.4,0.0
RP5-1125K23.1,0.0
RP5-1125M8.2,0.0
RP5-1125M8.3,0.0
RP5-1125N11.1,0.0
RP5-1126H10.2,0.0
RP5-1128N12.2,0.0
RP5-1132H15.1,0.0
RP5-1132H15.2,0.0
RP5-1132H15.3,0.0
RP5-1136G13.1,0.0
RP5-1136G13.2,0.0
RP5-1136G2.1,0.0
RP5-1139B12.2,0.0
RP5-1139B12.3,0.0
RP5-1139B12.4,0.0
RP5-1139I1.1,0.0
RP5-1139I1.2,0.0
RP5-1142A6.2,0.0
RP5-1142A6.5,0.0
RP5-1142A6.7,0.0
RP5-1142A6.8,0.0
RP5-1142A6.9,0.0
RP5-1142J19.1,0.253644744093139
RP5-1142J19.2,0.0
RP5-1147A1.1,0.0
RP5-1147A1.2,0.0
RP5-1148A21.3,0.0
RP5-1154E9.7,0.0
RP5-1154L15.1,0.0
RP5-1154L15.2,0.0
RP5-1155K23.4,0.0
RP5-1157M23.2,0.0
RP5-1158E12.1,0.0
RP5-1158E12.1,0.0
RP5-1158E12.2,0.0
RP5-1158E12.2,0.0
RP5-1158E12.3,0.0
RP5-1159O4.1,0.0
RP5-1159O4.2,0.0
RP5-1160K1.1,0.0
RP5-1160K1.3,0.0
RP5-1160K1.6,0.0
RP5-1160K1.8,0.0
RP5-1163L11.2,0.0
RP5-1163L11.3,0.0
RP5-1164C1.2,0.0
RP5-1165K10.2,0.0
RP5-1166A24.1,0.0
RP5-1166F10.1,0.0
RP5-1168A5.1,2.304697993857165
RP5-1170D6.1,0.0
RP5-1170D6.1,0.0
RP5-1170K4.7,0.0
RP5-1172A22.1,0.0
RP5-1172N10.2,0.0
RP5-1172N10.4,0.0
RP5-1173A5.1,0.0
RP5-1173I20.1,0.0
RP5-1173P7.1,0.0
RP5-1174J21.1,0.0
RP5-1174J21.2,0.0
RP5-1177I5.3,0.0
RP5-1177M21.1,0.0
RP5-1178H5.2,0.0
RP5-1180C10.2,0.0
RP5-1180C18.1,0.0
RP5-1180E21.4,0.0
RP5-1180E21.5,0.0
RP5-1182A14.5,0.0
RP5-1184F4.5,0.0
RP5-1185H19.2,0.0
RP5-1185I7.1,0.0
RP5-1185K9.1,0.0
RP5-1186N24.3,0.0
RP5-1186P10.2,0.0
RP5-1186P10.2,0.0
RP5-1189B24.1,0.0
RP5-1189K21.2,0.0
RP5-1189K21.2,0.0
RP5-1193P9.2,0.0
RP5-1193P9.4,0.0
RP5-1195D24.1,0.0
RP5-1198O20.4,0.0
RP5-1198O20.5,0.0
RP5-821D11.7,1.7461308297538636
RP5-823G15.5,0.0
RP5-826L7.1,0.0
RP5-827A12.2,0.0
RP5-827C21.1,0.0
RP5-827C21.2,0.0
RP5-827C21.4,0.0
RP5-827C21.6,0.0
RP5-827L5.1,0.0
RP5-827L5.2,0.0
RP5-827O9.1,0.0
RP5-828H9.1,0.0
RP5-828K20.1,0.0
RP5-828K20.2,0.0
RP5-831C21.1,0.0
RP5-831K15.1,0.0
RP5-833A20.1,0.0
RP5-834N19.1,0.0
RP5-836E8.1,0.0
RP5-836J3.1,1.0829908296976
RP5-836N10.1,0.0
RP5-837I24.1,0.0
RP5-837I24.2,0.0
RP5-837I24.4,0.0
RP5-837I24.5,0.0
RP5-837I24.6,0.0
RP5-837J1.1,0.0
RP5-837J1.2,0.0
RP5-837J1.4,0.0
RP5-837M10.1,0.0
RP5-837M10.2,0.0
RP5-837M10.4,0.4127178969233909
RP5-837O21.1,0.0
RP5-837O21.2,0.0
RP5-837O21.3,0.0
RP5-837O21.4,0.0
RP5-837O21.5,0.0
RP5-837O21.6,0.0
RP5-837O21.8,0.0
RP5-839B4.8,0.0
RP5-842K16.1,0.0
RP5-842K16.2,0.0
RP5-843L14.1,0.0
RP5-845O24.3,0.0
RP5-845O24.8,0.0
RP5-849H19.2,0.0
RP5-849L7.1,0.0
RP5-850E9.3,0.7603920768618123
RP5-850O15.3,0.0
RP5-850O15.4,0.0
RP5-854E16.2,0.253644744093139
RP5-855D21.1,1.6258250518828512
RP5-855D21.2,0.0
RP5-855D21.3,0.9879310210915638
RP5-855F14.1,0.253644744093139
RP5-855F14.2,0.0
RP5-855F16.1,0.0
RP5-856G1.1,0.0
RP5-857K21.1,0.0
RP5-857K21.11,1.3506004547184218
RP5-857K21.15,0.0
RP5-857K21.2,0.0
RP5-857K21.3,0.0
RP5-857K21.4,0.0
RP5-857K21.5,0.0
RP5-857K21.7,1.514954562424701
RP5-858B6.1,0.0
RP5-858B6.3,0.0
RP5-859D4.3,0.0
RP5-859I17.2,0.0
RP5-859M6.1,0.0
RP5-860P4.2,0.0
RP5-862K6.4,0.0
RP5-862P8.3,0.0
RP5-864K19.4,1.1364750726028654
RP5-865N13.1,0.0
RP5-865N13.2,0.0
RP5-866L20.1,0.0
RP5-866L20.2,0.0
RP5-867C24.1,0.0
RP5-867C24.4,0.0
RP5-867C24.5,1.4213491305518202
RP5-871G17.5,0.0
RP5-872K7.7,0.0
RP5-874C20.3,0.0
RP5-874C20.6,0.0
RP5-875H18.4,0.0
RP5-875H3.2,0.0
RP5-875O13.6,0.0
RP5-878I13.1,0.0
RP5-878I13.2,0.0
RP5-878I13.2,0.0
RP5-879K22.1,0.0
RP5-881L22.4,0.0
RP5-881L22.5,0.0
RP5-881L22.6,0.0
RP5-882C2.2,0.9509808635159877
RP5-882O7.1,0.0
RP5-882O7.4,0.0
RP5-884C9.2,0.0
RP5-884C9.3,2.1672019996173213
RP5-884G6.2,0.0
RP5-884M6.1,0.0
RP5-886K2.1,0.0
RP5-886K2.3,0.0
RP5-887A10.1,0.0
RP5-888M10.2,0.0
RP5-890E16.2,0.0
RP5-890E16.4,0.0
RP5-890O15.3,0.0
RP5-890O3.3,0.0
RP5-890O3.9,0.0
RP5-891H21.1,0.0
RP5-891H21.5,0.0
RP5-892F13.2,0.0
RP5-892G5.2,2.215935681683258
RP5-892K4.1,0.0
RP5-893G23.1,0.0
RP5-894A10.2,0.0
RP5-894A10.2,0.0
RP5-894A10.6,0.0
RP5-894A10.6,0.0
RP5-894D12.3,0.0
RP5-894D12.4,0.0
RP5-894D12.5,0.0
RP5-896L10.1,0.0
RP5-897D18.1,0.0
RP5-898J17.1,0.0
RP5-899B16.1,0.0
RP5-899B16.2,0.0
RP5-899E9.1,0.0
RP5-901A4.1,0.0
RP5-901A4.4,0.0
RP5-901A4.5,0.0
RP5-902P8.10,0.0
RP5-902P8.12,0.0
RP5-903G2.2,0.0
RP5-905G11.3,0.0
RP5-905G11.3,0.0
RP5-905G11.4,0.0
RP5-905G11.5,0.0
RP5-905H7.10,0.0
RP5-905H7.3,0.0
RP5-905H7.4,0.0
RP5-905H7.5,0.0
RP5-905H7.6,0.0
RP5-905H7.7,0.0
RP5-905H7.8,0.0
RP5-905H7.9,0.0
RP5-905N1.2,0.0
RP5-906A24.2,0.0
RP5-907D15.3,0.0
RP5-908D6.1,0.0
RP5-908M14.5,0.0
RP5-912I13.1,0.0
RP5-914M6.1,0.0
RP5-914P20.5,0.0
RP5-915N17.3,0.0
RP5-916L7.2,0.0
RP5-916O11.1,0.0
RP5-916O11.2,0.0
RP5-916O11.3,0.0
RP5-919F19.5,0.0
RP5-921G16.1,0.0
RP5-921G16.2,0.0
RP5-925F19.1,0.0
RP5-926E3.1,0.0
RP5-928E24.2,0.0
RP5-930J4.2,0.0
RP5-930J4.4,0.0
RP5-930J4.5,0.0
RP5-933E2.1,0.0
RP5-933K21.2,0.0
RP5-933K21.2,0.0
RP5-933K21.3,0.0
RP5-933K21.3,0.0
RP5-934G17.6,0.0
RP5-935K16.1,0.0
RP5-936J12.1,0.0
RP5-937E21.1,0.0
RP5-937E21.1,0.0
RP5-937E21.8,0.0
RP5-937E21.8,0.0
RP5-940F7.2,0.0
RP5-940J5.3,0.0
RP5-940J5.6,1.5454363124656982
RP5-940J5.8,0.0
RP5-940J5.9,0.0
RP5-942I16.1,0.0
RP5-943J3.1,0.0
RP5-943J3.2,0.0
RP5-944M2.1,0.0
RP5-944M2.2,0.0
RP5-944M2.3,0.0
RP5-944M2.4,0.0
RP5-945F2.1,0.0
RP5-945F2.2,0.0
RP5-945F2.3,0.0
RP5-945I17.2,0.0
RP5-947P14.1,0.0
RP5-947P14.2,0.0
RP5-951N9.1,0.0
RP5-951N9.2,0.0
RP5-952N6.1,0.0
RP5-955M13.4,0.0
RP5-956O18.2,0.0
RP5-956O18.3,0.0
RP5-961K14.1,0.253644744093139
RP5-961K14.2,0.0
RP5-963E22.4,0.0
RP5-963E22.5,0.0
RP5-964H19.2,0.0
RP5-964N17.1,0.0
RP5-964N17.1,0.0
RP5-965F6.1,0.0
RP5-965F6.2,0.0
RP5-965K10.3,0.0
RP5-966M1.4,0.0
RP5-966M1.5,0.0
RP5-966M1.6,0.0
RP5-967N21.2,0.0
RP5-967N21.7,0.0
RP5-968D22.1,0.0
RP5-968D22.3,0.0
RP5-968J1.1,1.9048594511354124
RP5-968P14.2,0.0
RP5-971N18.3,0.0
RP5-973M2.2,0.0
RP5-973N23.4,0.0
RP5-974N19.1,0.0
RP5-977B1.11,0.0
RP5-977B1.7,0.0
RP5-978I12.1,0.0
RP5-979D14.1,0.0
RP5-981O7.2,0.0
RP5-983L19.2,0.0
RP5-984P4.1,0.0
RP5-984P4.4,0.0
RP5-986I17.2,0.0
RP5-988G15.1,0.0
RP5-988G17.1,0.0
RP5-991C6.2,0.0
RP5-991C6.3,0.0
RP5-991C6.4,0.0
RP5-991G20.1,0.0
RP5-991G20.2,0.0
RP5-991G20.4,0.0
RP5-991O23.1,0.0
RP5-994D16.3,0.0
RP5-994D16.9,0.0
RP5-996D20.3,0.0
RP5-997D16.2,1.0535570409588524
RP5-997D24.3,0.0
RP5-998G20.1,0.0
RP5-998H6.2,0.0
RP5-998N21.10,0.0
RP5-998N21.10,0.0
RP5-998N21.3,0.0
RP5-998N21.3,0.0
RP5-998N21.4,0.0
RP5-998N21.4,0.0
RP5-998N21.7,0.0
RP5-998N21.7,0.0
RP5-998N21.8,0.0
RP5-998N21.8,0.0
RP6-102O10.1,0.0
RP6-105D16.1,0.0
RP6-109B7.2,0.0
RP6-109B7.3,0.0
RP6-109B7.4,0.0
RP6-109B7.5,0.0
RP6-114E22.1,0.0
RP6-11O7.2,0.0
RP6-127F18.2,0.0
RP6-137J22.3,0.0
RP6-145B8.3,0.0
RP6-149D17.1,0.0
RP6-159A1.2,0.0
RP6-159A1.3,0.0
RP6-166C19.12,0.0
RP6-166C19.13,0.0
RP6-166C19.14,0.0
RP6-166C19.15,0.0
RP6-166C19.16,0.0
RP6-166C19.17,0.0
RP6-166C19.18,0.0
RP6-166C19.19,0.0
RP6-166C19.20,0.0
RP6-166C19.21,0.0
RP6-166C19.22,0.0
RP6-166C19.23,0.0
RP6-186E3.1,0.0
RP6-191P20.3,0.0
RP6-191P20.4,0.0
RP6-1O2.1,0.0
RP6-201G10.2,0.0
RP6-204F4.2,0.0
RP6-204F4.2,0.0
RP6-206I17.1,0.0
RP6-206I17.2,0.0
RP6-206I17.3,0.0
RP6-206I17.4,0.0
RP6-218J18.2,0.0
RP6-22P16.1,0.0
RP6-24A23.3,0.0
RP6-24A23.6,0.0
RP6-24A23.7,0.0
RP6-27P15.2,0.0
RP6-29D12.2,0.0
RP6-29D12.2,0.0
RP6-29D12.3,0.0
RP6-29D12.3,0.0
RP6-29D12.4,0.0
RP6-29D12.4,0.0
RP6-33F8.1,0.0
RP6-42F4.1,0.0
RP6-43L17.1,0.0
RP6-43L17.2,0.0
RP6-60B16.1,0.0
RP6-65G23.1,0.0
RP6-65G23.3,0.0
RP6-74O6.2,0.0
RP6-74O6.2,0.0
RP6-74O6.3,0.0
RP6-74O6.6,0.0
RP6-74O6.6,0.0
RP6-91H8.1,0.0
RP6-91H8.2,0.0
RP6-91H8.3,0.0
RP6-91H8.5,0.0
RP6-99M1.1,0.0
RP6-99M1.1,0.0
RP6-99M1.2,0.0
RP6-99M1.2,0.0
RP6-99M1.3,0.0
RP6-99M1.3,0.0
RP9,0.0
RP9P,0.0
RPA1,0.0
RPA2,0.0
RPA2P1,0.0
RPA2P2,0.0
RPA2P3,0.0
RPA3,0.0
RPA3-AS1,0.0
RPA4,0.0
RPAIN,2.0704446931415355
RPAP1,2.4643932599773613
RPAP2,2.176479145384896
RPAP3,1.7929621417944026
RPE,0.9509808635159877
RPE65,0.0
RPEP1,0.0
RPEP2,0.0
RPEP3,0.0
RPEP4,0.0
RPEP5,0.0
RPEP6,0.0
RPF1,0.0
RPF2,2.7717270757933026
RPF2P1,0.0
RPF2P2,0.0
RPGR,1.7206743438370773
RPGRIP1,0.0
RPGRIP1L,0.0
RPH3A,0.0
RPH3AL,0.0
RPH3AL,0.0
RPH3AL,0.0
RPIA,0.253644744093139
RPIAP1,0.0
RPL10,1.0535570409588524
RPL10,0.0
RPL10A,1.266040025979822
RPL10AP2,0.0
RPL10AP6,0.0
RPL10L,0.0
RPL10P1,0.0
RPL10P14,0.0
RPL10P15,0.0
RPL10P3,0.0
RPL11,1.8451858371752416
RPL11P5,0.0
RPL12,0.0
RPL12L3,0.0
RPL12P1,0.0
RPL12P1,0.0
RPL12P1,0.0
RPL12P11,0.0
RPL12P18,0.0
RPL12P2,0.0
RPL12P23,0.0
RPL12P29,0.0
RPL12P3,0.0
RPL12P33,0.0
RPL12P34,0.0
RPL12P37,0.0
RPL12P38,0.0
RPL12P39,0.0
RPL12P4,0.0
RPL12P41,0.0
RPL12P43,0.0
RPL12P44,0.0
RPL12P8,0.0
RPL12P9,0.0
RPL13,1.803921369136032
RPL13A,0.6204550963106681
RPL13AP,0.0
RPL13AP,0.0
RPL13AP,0.0
RPL13AP,0.0
RPL13AP,0.0
RPL13AP,0.0
RPL13AP,0.0
RPL13AP17,0.0
RPL13AP2,0.0
RPL13AP20,0.0
RPL13AP25,0.0
RPL13AP3,0.0
RPL13AP5,0.0
RPL13AP6,0.0
RPL13AP7,0.0
RPL13P,0.0
RPL13P,0.0
RPL13P,0.0
RPL13P,0.0
RPL13P,0.0
RPL13P,0.0
RPL13P,0.0
RPL13P,0.0
RPL13P12,0.5288907918624668
RPL13P2,0.0
RPL13P4,0.0
RPL13P5,0.0
RPL13P5,0.0
RPL13P6,0.0
RPL14,0.253644744093139
RPL14P1,0.0
RPL14P5,0.0
RPL14P5,0.0
RPL14P5,0.0
RPL15,2.551917250991796
RPL15P1,0.0
RPL15P18,0.0
RPL15P2,0.0
RPL15P20,0.0
RPL15P21,0.0
RPL15P3,0.9879310210915638
RPL15P4,0.0
RPL15P4,0.0
RPL15P4,0.0
RPL15P4,0.0
RPL15P4,0.0
RPL15P4,0.0
RPL15P4,0.0
RPL15P4,0.0
RPL17,0.9509808635159877
RPL17-C18orf32,0.0
RPL17P1,0.0
RPL17P11,0.0
RPL17P12,0.0
RPL17P17,0.0
RPL17P19,0.0
RPL17P2,0.0
RPL17P20,0.0
RPL17P22,0.0
RPL17P25,0.0
RPL17P26,0.0
RPL17P3,0.0
RPL17P33,0.0
RPL17P35,0.0
RPL17P37,0.0
RPL17P40,0.0
RPL17P41,0.0
RPL17P42,0.0
RPL17P42,0.0
RPL17P43,0.0
RPL17P44,0.0
RPL17P45,0.0
RPL17P46,0.0
RPL17P49,0.0
RPL17P50,0.0
RPL17P51,0.0
RPL18,0.0
RPL18A,0.0
RPL18AP14,0.0
RPL18AP15,0.0
RPL18AP16,0.0
RPL18AP16,0.0
RPL18AP17,0.0
RPL18AP2,0.0
RPL18AP3,0.0
RPL18AP7,1.4933759616707991
RPL18AP8,0.0
RPL18P10,0.0
RPL18P11,0.0
RPL18P13,0.0
RPL19,2.24235574718818
RPL19P1,0.0
RPL19P11,0.0
RPL19P12,0.253644744093139
RPL19P13,0.0
RPL19P14,0.0
RPL19P18,0.0
RPL19P20,0.0
RPL19P21,0.0
RPL19P21,0.0
RPL21,2.3826646406312797
RPL21P1,0.0
RPL21P10,0.0
RPL21P103,0.0
RPL21P104,0.0
RPL21P106,0.0
RPL21P107,0.0
RPL21P108,0.0
RPL21P109,0.0
RPL21P11,0.253644744093139
RPL21P110,0.0
RPL21P111,0.0
RPL21P112,0.0
RPL21P116,0.0
RPL21P119,0.0
RPL21P12,0.0
RPL21P120,0.0
RPL21P120,0.0
RPL21P121,0.0
RPL21P122,0.0
RPL21P123,0.0
RPL21P126,0.0
RPL21P127,0.0
RPL21P129,0.0
RPL21P13,0.0
RPL21P131,0.0
RPL21P132,0.0
RPL21P132,0.0
RPL21P133,0.0
RPL21P134,0.0
RPL21P135,0.0
RPL21P17,0.0
RPL21P2,0.0
RPL21P23,0.0
RPL21P24,0.0
RPL21P28,0.0
RPL21P3,0.0
RPL21P32,0.0
RPL21P38,0.0
RPL21P39,0.0
RPL21P4,0.0
RPL21P40,0.0
RPL21P41,0.0
RPL21P42,0.0
RPL21P43,0.0
RPL21P44,0.0
RPL21P47,0.0
RPL21P5,0.0
RPL21P50,0.0
RPL21P54,0.0
RPL21P6,0.0
RPL21P65,0.0
RPL21P66,0.0
RPL21P67,0.0
RPL21P7,0.0
RPL21P71,0.0
RPL21P75,0.6204550963106681
RPL21P8,0.0
RPL21P9,0.0
RPL22,0.0
RPL22L1,0.253644744093139
RPL22P11,0.0
RPL22P18,0.0
RPL22P19,0.0
RPL22P22,0.0
RPL23,1.2843206418841475
RPL23A,1.4821708087520635
RPL23AP1,0.0
RPL23AP1,0.0
RPL23AP1,0.0
RPL23AP1,0.0
RPL23AP1,0.0
RPL23AP1,0.0
RPL23AP10,0.0
RPL23AP12,0.0
RPL23AP2,0.0
RPL23AP22,0.0
RPL23AP23,0.0
RPL23AP3,0.0
RPL23AP35,0.0
RPL23AP39,0.0
RPL23AP4,0.0
RPL23AP40,0.0
RPL23AP46,0.0
RPL23AP50,0.0
RPL23AP51,0.0
RPL23AP53,0.0
RPL23AP54,0.0
RPL23AP6,0.0
RPL23AP60,0.0
RPL23AP62,0.0
RPL23AP64,0.0
RPL23AP64,0.0
RPL23AP67,0.0
RPL23AP68,0.0
RPL23AP69,0.0
RPL23AP7,0.0
RPL23AP72,0.0
RPL23AP73,0.0
RPL23AP76,0.0
RPL23AP77,0.0
RPL23AP78,0.0
RPL23AP79,0.0
RPL23AP80,0.0
RPL23AP81,0.0
RPL23AP83,0.0
RPL23P10,0.0
RPL23P11,0.0
RPL23P2,0.0
RPL23P4,0.0
RPL23P8,0.0
RPL24,0.0
RPL24P2,0.0
RPL24P4,0.0
RPL24P7,0.0
RPL24P8,0.0
RPL26,0.0
RPL26L1,0.0
RPL26P20,0.0
RPL26P3,0.0
RPL26P30,0.0
RPL26P31,0.0
RPL26P34,0.0
RPL26P35,0.0
RPL26P37,0.0
RPL26P9,0.0
RPL27,1.0219824427879696
RPL27A,1.514954562424701
RPL27AP,0.0
RPL27AP5,0.0
RPL27AP8,0.0
RPL27P12,0.0
RPL28,2.076264058037105
RPL29,1.6496233519400156
RPL29P11,0.0
RPL29P12,0.0
RPL29P14,0.0
RPL29P19,0.0
RPL29P2,0.0
RPL29P22,0.0
RPL29P23,0.0
RPL29P24,0.0
RPL29P25,0.0
RPL29P28,0.0
RPL29P29,0.0
RPL29P3,0.0
RPL29P30,1.4933759616707991
RPL29P32,0.0
RPL29P33,0.0
RPL29P7,0.0
RPL3,2.169539930830927
RPL30,0.253644744093139
RPL30P1,0.0
RPL30P10,0.0
RPL30P11,0.0
RPL30P12,0.0
RPL30P13,0.0
RPL30P14,0.0
RPL30P15,0.0
RPL30P16,0.0
RPL30P2,0.0
RPL30P3,0.0
RPL30P4,0.0
RPL30P5,0.0
RPL30P6,0.0
RPL30P7,0.0
RPL30P9,0.0
RPL31,1.8597022796682896
RPL31P1,0.0
RPL31P11,0.0
RPL31P12,0.0
RPL31P13,0.0
RPL31P15,0.0
RPL31P2,0.0
RPL31P20,0.0
RPL31P28,0.0
RPL31P3,0.0
RPL31P33,0.0
RPL31P35,0.0
RPL31P40,0.0
RPL31P41,0.0
RPL31P47,0.0
RPL31P49,0.0
RPL31P50,0.0
RPL31P52,0.0
RPL31P53,0.0
RPL31P54,0.0
RPL31P56,0.0
RPL31P57,0.0
RPL31P58,0.0
RPL31P59,0.0
RPL31P60,0.0
RPL31P61,0.0
RPL31P63,0.0
RPL31P7,0.0
RPL31P9,0.0
RPL32,1.5042992690810633
RPL32P1,0.0
RPL32P1,0.0
RPL32P1,0.0
RPL32P1,0.0
RPL32P1,0.0
RPL32P1,0.0
RPL32P1,0.0
RPL32P1,0.0
RPL32P14,0.0
RPL32P26,0.0
RPL32P28,0.0
RPL32P29,0.0
RPL32P3,0.0
RPL32P31,0.0
RPL32P33,0.0
RPL32P34,0.0
RPL32P35,0.0
RPL32P9,0.0
RPL34,1.7701774257562413
RPL34-AS1,0.0
RPL34P1,0.0
RPL34P17,0.0
RPL34P18,0.0
RPL34P21,0.0
RPL34P22,0.0
RPL34P23,0.0
RPL34P26,0.0
RPL34P27,0.0
RPL34P29,0.0
RPL34P3,0.0
RPL34P31,0.0
RPL34P33,0.253644744093139
RPL34P34,0.0
RPL34P6,0.0
RPL35,0.9879310210915638
RPL35A,1.1105557679530071
RPL35AP,0.0
RPL35AP12,0.0
RPL35AP15,0.0
RPL35AP18,0.0
RPL35AP19,0.0
RPL35AP21,0.0
RPL35AP22,0.0
RPL35AP26,0.0
RPL35AP3,0.0
RPL35AP30,0.0
RPL35AP31,0.0
RPL35AP32,0.0
RPL35AP33,0.0
RPL35AP35,0.0
RPL35AP4,0.0
RPL35AP4,0.0
RPL35AP4,0.0
RPL35AP4,0.0
RPL35P1,0.0
RPL35P2,0.9509808635159877
RPL35P3,0.0
RPL35P4,0.0
RPL35P5,0.0
RPL35P6,0.0
RPL35P8,0.0
RPL35P9,0.0
RPL36,0.0
RPL36A,0.0
RPL36A,0.0
RPL36A-HNRNPH2,0.0
RPL36A-HNRNPH2,0.0
RPL36AL,1.9496463091932343
RPL36AP10,0.0
RPL36AP13,0.0
RPL36AP15,0.0
RPL36AP21,0.0
RPL36AP26,0.0
RPL36AP29,0.0
RPL36AP33,0.0
RPL36AP35,0.0
RPL36AP39,0.0
RPL36AP40,0.0
RPL36AP41,0.0
RPL36AP43,0.0
RPL36AP45,0.0
RPL36AP48,0.0
RPL36AP51,0.0
RPL36AP53,0.0
RPL36AP53,0.0
RPL36AP55,0.0
RPL36AP6,0.0
RPL36P1,0.0
RPL36P16,0.0
RPL36P18,0.0
RPL36P18,0.0
RPL36P19,0.0
RPL36P2,0.0
RPL36P20,0.0
RPL36P4,0.0
RPL37,2.178767794671365
RPL37A,1.8301673481627088
RPL37AP1,0.253644744093139
RPL37AP8,0.0
RPL37AP8,0.0
RPL37P1,0.0
RPL37P10,0.0
RPL37P15,0.0
RPL37P2,0.253644744093139
RPL37P21,0.0
RPL37P23,0.0
RPL37P25,0.0
RPL37P3,0.0
RPL37P4,0.0
RPL38,0.7603920768618123
RPL38P1,0.0
RPL38P3,0.0
RPL38P4,0.9879310210915638
RPL39,0.0
RPL39L,0.0
RPL39P,0.0
RPL39P25,0.0
RPL39P26,0.0
RPL39P28,0.0
RPL39P29,0.0
RPL39P3,0.0
RPL39P31,0.0
RPL39P33,0.0
RPL39P34,0.0
RPL39P36,0.0
RPL39P38,0.0
RPL39P40,0.0
RPL39P5,0.0
RPL39P6,0.0
RPL3L,0.0
RPL3P1,0.0
RPL3P10,0.0
RPL3P11,0.0
RPL3P12,0.0
RPL3P13,0.0
RPL3P2,0.0
RPL3P2,0.0
RPL3P2,0.0
RPL3P2,0.0
RPL3P2,0.0
RPL3P2,0.253644744093139
RPL3P2,0.0
RPL3P3,0.0
RPL3P4,0.4127178969233909
RPL3P5,0.0
RPL3P6,0.0
RPL3P7,0.0
RPL3P8,0.0
RPL3P9,0.0
RPL4,0.9879310210915638
RPL41,2.181044446408736
RPL41P1,0.4127178969233909
RPL41P2,0.0
RPL41P2,0.0
RPL4P1,0.0
RPL4P2,0.0
RPL4P3,0.0
RPL4P4,0.253644744093139
RPL4P5,0.0
RPL4P5,0.0
RPL4P6,0.0
RPL5,1.514954562424701
RPL5P1,0.0
RPL5P10,0.0
RPL5P11,0.0
RPL5P12,0.0
RPL5P13,0.0
RPL5P14,0.0
RPL5P15,0.0
RPL5P16,0.0
RPL5P17,0.0
RPL5P18,0.0
RPL5P19,0.0
RPL5P2,0.0
RPL5P20,0.0
RPL5P21,0.0
RPL5P22,0.0
RPL5P23,0.0
RPL5P24,0.0
RPL5P25,0.0
RPL5P26,0.0
RPL5P27,0.0
RPL5P28,0.0
RPL5P29,0.0
RPL5P29,0.0
RPL5P3,0.0
RPL5P30,0.0
RPL5P30,0.0
RPL5P31,0.0
RPL5P32,0.0
RPL5P33,0.0
RPL5P34,0.4127178969233909
RPL5P35,0.0
RPL5P4,0.0
RPL5P5,0.0
RPL5P6,0.0
RPL5P7,0.0
RPL5P8,0.0
RPL5P9,0.0
RPL6,1.7461308297538636
RPL6P12,0.0
RPL6P21,0.0
RPL6P25,0.0
RPL6P27,0.8164310788769841
RPL6P29,0.0
RPL6P30,0.0
RPL6P5,0.0
RPL6P7,0.0
RPL6P8,0.0
RPL6P9,0.0
RPL7,1.591918701844707
RPL7A,0.0
RPL7A,0.0
RPL7AL2,0.0
RPL7AL3,0.0
RPL7AP10,0.0
RPL7AP11,0.253644744093139
RPL7AP14,0.0
RPL7AP2,0.0
RPL7AP23,0.0
RPL7AP25,0.0
RPL7AP26,0.0
RPL7AP28,0.0
RPL7AP3,0.0
RPL7AP30,0.0
RPL7AP31,0.0
RPL7AP33,0.0
RPL7AP34,0.0
RPL7AP38,0.0
RPL7AP4,0.0
RPL7AP56,0.0
RPL7AP57,0.0
RPL7AP58,0.0
RPL7AP6,0.6204550963106681
RPL7AP60,0.0
RPL7AP61,0.0
RPL7AP64,0.0
RPL7AP65,0.0
RPL7AP66,0.253644744093139
RPL7AP69,0.0
RPL7AP7,0.0
RPL7AP7,0.0
RPL7AP7,0.0
RPL7AP7,0.0
RPL7AP7,0.0
RPL7AP7,0.0
RPL7AP7,0.0
RPL7AP7,0.0
RPL7AP7,0.0
RPL7AP71,0.0
RPL7AP71,0.0
RPL7AP72,0.0
RPL7AP73,0.0
RPL7AP8,0.0
RPL7L1,0.253644744093139
RPL7L1P1,0.0
RPL7L1P10,0.0
RPL7L1P11,0.0
RPL7L1P11,0.0
RPL7L1P12,0.0
RPL7L1P13,0.0
RPL7L1P2,0.0
RPL7L1P3,0.0
RPL7L1P3,0.0
RPL7L1P4,0.0
RPL7L1P5,0.0
RPL7L1P7,0.0
RPL7L1P8,0.0
RPL7L1P9,0.0
RPL7P14,0.0
RPL7P2,0.0
RPL7P22,0.0
RPL7P23p,0.0
RPL7P26,0.0
RPL7P29,0.0
RPL7P3,0.0
RPL7P3,0.0
RPL7P30,0.0
RPL7P31,0.0
RPL7P36,0.0
RPL7P4,0.0
RPL7P4,0.0
RPL7P4,0.0
RPL7P4,0.0
RPL7P4,0.0
RPL7P4,0.0
RPL7P4,0.0
RPL7P40,0.0
RPL7P41,0.0
RPL7P44,0.0
RPL7P45,0.0
RPL7P47,0.0
RPL7P48,0.0
RPL7P5,0.0
RPL7P50,0.0
RPL7P51,0.0
RPL7P53,0.0
RPL7P54,0.0
RPL7P55,0.0
RPL7P56,0.0
RPL7P57,0.0
RPL7P57,0.0
RPL8,2.342307083531166
RPL8P2,0.0
RPL9,1.8146108385283355
RPL9P15,0.0
RPL9P16,0.0
RPL9P18,0.0
RPL9P2,0.0
RPL9P25,0.0
RPL9P28,0.0
RPL9P29,0.0
RPL9P3,0.0
RPL9P30,0.0
RPL9P31,0.0
RPL9P32,0.0
RPL9P33,0.0
RPL9P5,0.0
RPL9P7,0.0
RPL9P8,0.0
RPL9P9,0.0
RPLP0,1.2843206418841475
RPLP0P1,0.0
RPLP0P11,0.0
RPLP0P2,0.0
RPLP0P6,0.253644744093139
RPLP0P7,0.0
RPLP1,1.917539173272604
RPLP1P11,0.0
RPLP1P13,0.0
RPLP2,0.6960356275201428
RPLP2P1,0.0
RPN1,0.253644744093139
RPN2,2.1096320145730845
RPP14,0.0
RPP14,0.0
RPP21,0.0
RPP21,0.0
RPP21,0.0
RPP21,0.0
RPP21,0.0
RPP21,0.0
RPP21,0.0
RPP25,0.0
RPP25L,0.0
RPP30,1.7461308297538636
RPP38,0.0
RPP40,0.0
RPP40P1,0.0
RPP40P2,0.0
RPPH1,0.0
RPPH1-2P,0.0
RPPH1-3P,0.0
RPRD1A,2.201014444446189
RPRD1B,0.9105921305334987
RPRD2,0.253644744093139
RPRM,0.0
RPRML,0.0
RPS10,0.253644744093139
RPS10-NUDT3,0.0
RPS10L,0.0
RPS10P14,0.0
RPS10P16,0.0
RPS10P18,0.0
RPS10P2,0.0
RPS10P20,0.0
RPS10P21,0.0
RPS10P27,0.0
RPS10P28,0.0
RPS10P3,0.0
RPS10P7,0.0
RPS11,1.434214011430753
RPS11P1,0.0
RPS11P5,0.0
RPS11P6,0.0
RPS11P7,0.0
RPS12,2.4299523474751914
RPS12P10,0.0
RPS12P15,0.0
RPS12P18,0.0
RPS12P2,0.0
RPS12P20,0.0
RPS12P21,0.0
RPS12P23,0.0
RPS12P24,0.0
RPS12P26,0.0
RPS12P27,0.0
RPS12P28,0.0
RPS12P31,0.0
RPS12P5,0.0
RPS13,1.1840889676042927
RPS14,2.155319746361917
RPS14P3,0.253644744093139
RPS14P4,0.0
RPS14P7,0.0
RPS15,1.77598664737081
RPS15A,1.434214011430753
RPS15AP1,0.0
RPS15AP10,0.253644744093139
RPS15AP11,0.0
RPS15AP12,0.0
RPS15AP16,0.0
RPS15AP18,0.0
RPS15AP24,0.0
RPS15AP25,0.0
RPS15AP27,0.0
RPS15AP3,0.0
RPS15AP32,0.0
RPS15AP34,0.0
RPS15AP36,0.0
RPS15AP38,0.0
RPS15AP40,0.0
RPS15AP40,0.0
RPS15AP5,0.0
RPS15AP6,0.0
RPS15AP7,0.0
RPS15AP9,0.0
RPS15P5,0.0
RPS15P9,0.0
RPS16,0.9509808635159877
RPS16P5,0.0
RPS16P8,0.0
RPS16P9,0.0
RPS17,0.0
RPS17L,0.0
RPS17P1,0.0
RPS17P1,0.0
RPS17P1,0.0
RPS17P1,0.0
RPS17P1,0.0
RPS17P1,0.0
RPS17P1,0.0
RPS17P1,0.0
RPS17P11,0.0
RPS17P13,0.0
RPS17P14,0.0
RPS17P15,0.0
RPS17P17,0.0
RPS17P2,0.0
RPS17P5,0.0
RPS17P8,0.0
RPS18,0.0
RPS18,0.0
RPS18,0.0
RPS18,0.0
RPS18,0.0
RPS18,0.0
RPS18P1,0.0
RPS18P12,0.253644744093139
RPS18P13,0.0
RPS18P6,0.0
RPS18P9,0.0
RPS19,0.0
RPS19,0.0
RPS19BP1,0.0
RPS19P1,0.0
RPS19P3,0.0
RPS19P6,0.0
RPS2,1.1105557679530071
RPS20,0.0
RPS20P1,0.0
RPS20P10,0.0
RPS20P14,0.0
RPS20P15,0.0
RPS20P2,0.0
RPS20P20,0.0
RPS20P21,0.0
RPS20P22,1.7929621417944026
RPS20P23,0.0
RPS20P24,0.0
RPS20P25,0.0
RPS20P31,0.0
RPS20P32,0.0
RPS20P33,0.0
RPS20P33,0.0
RPS20P35,0.0
RPS20P4,0.0
RPS21,0.4127178969233909
RPS21P4,0.0
RPS21P8,0.0
RPS23,1.434214011430753
RPS23P1,0.0
RPS23P10,0.0
RPS23P2,0.0
RPS23P3,0.0
RPS23P4,0.0
RPS23P5,0.253644744093139
RPS23P5,0.0
RPS23P6,0.0
RPS23P7,0.0
RPS23P8,0.253644744093139
RPS23P9,0.0
RPS24,0.6204550963106681
RPS24P1,0.0
RPS24P12,0.0
RPS24P13,0.0
RPS24P14,0.253644744093139
RPS24P16,0.0
RPS24P17,0.0
RPS24P18,0.0
RPS24P6,0.0
RPS24P6,0.0
RPS24P7,0.0
RPS24P8,0.0
RPS25,0.0
RPS25,0.0
RPS26,1.60064667142076
RPS26P11,0.0
RPS26P13,0.0
RPS26P2,0.0
RPS26P21,0.0
RPS26P24,0.0
RPS26P3,0.0
RPS26P31,0.0
RPS26P34,0.0
RPS26P35,0.0
RPS26P4,0.0
RPS26P43,0.0
RPS26P47,0.253644744093139
RPS26P49,0.0
RPS26P5,0.0
RPS26P52,0.0
RPS26P54,0.0
RPS26P55,0.0
RPS26P56,0.0
RPS26P6,0.253644744093139
RPS26P8,0.0
RPS26P8,0.0
RPS27,1.4821708087520635
RPS27A,2.1096320145730845
RPS27AP1,0.0
RPS27AP14,0.0
RPS27AP2,0.0
RPS27AP3,0.0
RPS27L,0.0
RPS27P1,0.0
RPS27P12,0.0
RPS27P14,0.0
RPS27P14,0.0
RPS27P15,0.0
RPS27P16,0.0
RPS27P18,0.0
RPS27P20,0.0
RPS27P22,0.0
RPS27P23,0.0
RPS27P25,0.0
RPS27P26,0.0
RPS27P27,0.0
RPS27P29,0.253644744093139
RPS27P5,0.0
RPS28,1.2843206418841475
RPS28P1,0.0
RPS28P8,0.0
RPS29,0.866058549240148
RPS29P12,0.0
RPS29P13,0.0
RPS29P2,0.0
RPS29P20,0.0
RPS29P22,0.0
RPS29P24,0.0
RPS29P25,0.0
RPS29P26,0.0
RPS29P28,0.0
RPS29P6,0.0
RPS2P1,0.0
RPS2P2,0.0
RPS2P24,0.0
RPS2P25,0.0
RPS2P28,0.0
RPS2P32,0.0
RPS2P35,0.0
RPS2P39,0.0
RPS2P4,0.0
RPS2P41,0.0
RPS2P44,0.0
RPS2P45,0.0
RPS2P46,0.0
RPS2P48,0.0
RPS2P5,0.0
RPS2P52,0.0
RPS2P55,0.253644744093139
RPS2P6,0.0
RPS2P7,0.0
RPS3,1.945760348159504
RPS3A,0.0
RPS3AP1,0.0
RPS3AP12,0.0
RPS3AP14,0.0
RPS3AP15,0.0
RPS3AP17,0.0
RPS3AP2,0.0
RPS3AP22,0.0
RPS3AP23,0.0
RPS3AP24,0.0
RPS3AP25,0.0
RPS3AP26,0.0
RPS3AP29,0.0
RPS3AP3,0.0
RPS3AP30,0.0
RPS3AP32,0.0
RPS3AP33,0.0
RPS3AP34,0.0
RPS3AP35,0.4127178969233909
RPS3AP39,0.0
RPS3AP4,0.0
RPS3AP40,0.0
RPS3AP41,0.0
RPS3AP42,0.0
RPS3AP43,0.0
RPS3AP44,0.0
RPS3AP46,0.0
RPS3AP47,0.0
RPS3AP49,0.0
RPS3AP5,0.0
RPS3AP50,0.0
RPS3AP52,0.0
RPS3AP53,0.0
RPS3AP6,0.0
RPS3AP9,0.0
RPS3P1,0.0
RPS3P2,0.0
RPS3P6,0.0
RPS3P7,0.0
RPS4X,0.0
RPS4XP1,0.0
RPS4XP10,0.0
RPS4XP11,0.0
RPS4XP12,0.0
RPS4XP13,0.0
RPS4XP14,0.0
RPS4XP15,0.0
RPS4XP16,0.0
RPS4XP17,0.0
RPS4XP18,0.0
RPS4XP19,0.0
RPS4XP2,0.0
RPS4XP20,0.0
RPS4XP21,0.0
RPS4XP22,0.0
RPS4XP23,0.0
RPS4XP3,0.0
RPS4XP4,0.0
RPS4XP5,0.0
RPS4XP6,0.253644744093139
RPS4XP7,0.0
RPS4XP8,0.0
RPS4XP9,0.0
RPS4Y1,1.1364750726028654
RPS4Y2,0.0
RPS5,2.007512212023229
RPS5P2,0.0
RPS5P3,0.0
RPS5P3,0.0
RPS5P7,0.0
RPS6,1.2269946489498065
RPS6KA1,0.0
RPS6KA2,1.1364750726028654
RPS6KA2-AS1,0.0
RPS6KA2-IT1,0.0
RPS6KA3,1.535511556564225
RPS6KA4,0.8164310788769841
RPS6KA5,0.9509808635159877
RPS6KA6,0.0
RPS6KB1,2.122812586493364
RPS6KB2,0.0
RPS6KC1,0.0
RPS6KL1,0.0
RPS6P12,0.0
RPS6P16,0.0
RPS6P2,0.0
RPS6P20,0.0
RPS6P21,0.0
RPS6P22,0.0
RPS6P22,0.0
RPS6P23,0.0
RPS6P7,0.0
RPS6P8,0.0
RPS7,0.866058549240148
RPS7P1,0.0
RPS7P1,0.0
RPS7P10,0.253644744093139
RPS7P11,0.0
RPS7P12,0.0
RPS7P13,0.0
RPS7P14,0.0
RPS7P15,0.0
RPS7P2,0.0
RPS7P3,0.0
RPS7P4,0.0
RPS7P5,0.0
RPS7P6,0.0
RPS7P7,0.0
RPS7P8,0.0
RPS7P9,0.0
RPS8,1.2269946489498065
RPS8P3,0.0
RPS8P6,0.0
RPS9,0.0
RPS9,0.0
RPS9,0.0
RPS9,0.0
RPS9,0.0
RPS9,0.0
RPS9,0.0
RPS9,0.0
RPS9,0.0
RPS9,0.0
RPS9P1,0.0
RPSA,0.4127178969233909
RPSAP1,0.0
RPSAP14,0.0
RPSAP15,0.0
RPSAP2,0.0
RPSAP2,0.0
RPSAP2,0.0
RPSAP34,0.0
RPSAP35,0.0
RPSAP37,0.0
RPSAP4,0.0
RPSAP41,0.0
RPSAP42,0.0
RPSAP43,0.0
RPSAP47,0.0
RPSAP51,0.0
RPSAP52,0.0
RPSAP53,0.0
RPSAP54,0.0
RPSAP55,0.0
RPSAP56,0.0
RPSAP57,0.0
RPSAP58,0.253644744093139
RPSAP6,0.0
RPSAP63,0.0
RPSAP64,0.0
RPSAP8,0.0
RPSAP9,0.0
RPTN,0.0
RPTOR,0.0
RPUSD1,0.0
RPUSD2,0.0
RPUSD3,0.253644744093139
RPUSD4,0.253644744093139
RQCD1,2.332805643215876
RRAD,0.9879310210915638
RRAGA,0.0
RRAGB,0.8164310788769841
RRAGC,0.4127178969233909
RRAGD,0.0
RRAS,0.0
RRAS2,0.0
RRAS2,0.0
RRBP1,0.0
RREB1,1.0535570409588524
RRH,0.0
RRM1,0.0
RRM1-AS1,0.0
RRM2,0.0
RRM2B,2.6114458517421824
RRM2P2,0.0
RRM2P3,0.0
RRM2P4,0.0
RRM2P4,0.0
RRN3,0.0
RRN3P1,0.0
RRN3P2,0.0
RRN3P3,0.0
RRNAD1,0.0
RRP1,0.0
RRP12,0.0
RRP15,1.1105557679530071
RRP1B,0.7603920768618123
RRP36,0.4127178969233909
RRP7A,0.253644744093139
RRP7B,0.7603920768618123
RRP8,0.0
RRP9,0.0
RRS1,1.408091496025075
RS1,0.0
RSAD1,0.0
RSAD2,0.0
RSBN1,2.0006867942048503
RSBN1L,0.866058549240148
RSBN1L-AS1,0.0
RSC1A1,0.0
RSF1,2.709826594445014
RSF1-IT1,0.0
RSF1-IT2,0.0
RSG1,0.0
RSL1D1,1.6794524383704983
RSL24D1,1.0829908296976
RSL24D1P1,0.0
RSL24D1P11,0.0
RSL24D1P2,0.0
RSL24D1P3,0.0
RSL24D1P4,0.0
RSL24D1P5,0.0
RSL24D1P6,0.0
RSL24D1P8,0.0
RSL24D1P9,0.0
RSPH1,0.0
RSPH10B,0.0
RSPH10B2,0.0
RSPH3,2.117588261664702
RSPH4A,0.0
RSPH6A,0.0
RSPH9,0.253644744093139
RSPO1,0.5288907918624668
RSPO2,0.0
RSPO3,0.0
RSPO4,0.0
RSPRY1,2.4995862632624104
RSRC1,2.033789239579625
RSRC2,2.230361246613381
RSU1,0.0
RSU1P1,0.0
RSU1P2,0.0
RSU1P3,0.0
RTBDN,0.0
RTCA,1.9133535980403211
RTCB,2.4103131042734462
RTDR1,2.169539930830927
RTEL1,0.0
RTEL1-TNFRSF6B,0.0
RTEL1P1,0.0
RTF1,0.8164310788769841
RTFDC1,1.77598664737081
RTKN,0.0
RTKN2,0.0
RTL1,0.0
RTN1,0.6960356275201428
RTN2,0.0
RTN3,2.552882863920527
RTN3P1,0.4127178969233909
RTN4,2.7396885289246384
RTN4IP1,0.0
RTN4R,0.0
RTN4RL1,0.0
RTN4RL2,0.0
RTP1,0.0
RTP2,0.0
RTP3,0.0
RTP4,0.0
RTTN,1.408091496025075
RUFY1,2.5726800495588136
RUFY2,1.3018627585701523
RUFY3,2.201014444446189
RUFY4,0.0
RUNDC1,0.8164310788769841
RUNDC3A,0.6960356275201428
RUNDC3B,0.0
RUNX1,0.0
RUNX1T1,2.0041129115992096
RUNX2,0.0
RUNX3,0.0
RUSC1,0.7603920768618123
RUSC1-AS1,1.4933759616707991
RUSC2,0.0
RUVBL1,0.0
RUVBL1-AS1,0.0
RUVBL2,0.0
RWDD1,0.0
RWDD2A,0.0
RWDD2B,1.3944163697813394
RWDD3,0.0
RWDD4,0.0
RWDD4P1,0.0
RWDD4P2,0.0
RXFP1,0.0
RXFP2,0.0
RXFP3,0.0
RXFP4,0.0
RXRA,1.0535570409588524
RXRB,0.0
RXRB,0.0
RXRB,0.0
RXRB,0.0
RXRB,0.0
RXRB,0.0
RXRG,0.0
RYBP,1.3506004547184218
RYK,1.564630272110482
RYKP1,0.0
RYR1,0.6960356275201428
RYR2,1.408091496025075
RYR3,3.269795157309147
S100A1,0.0
S100A10,0.0
S100A11,0.0
S100A11P1,0.0
S100A11P2,0.0
S100A12,0.0
S100A13,1.4588540253591942
S100A14,0.0
S100A16,2.415637681097236
S100A2,0.0
S100A3,0.0
S100A4,0.0
S100A5,0.0
S100A6,0.0
S100A7,0.0
S100A7A,0.0
S100A7L2,0.0
S100A8,0.0
S100A9,0.0
S100B,2.728890324959273
S100G,0.0
S100P,0.0
S100PBP,1.887355901089917
S100Z,0.0
S1PR1,2.185562255814066
S1PR2,0.0
S1PR3,0.0
S1PR4,0.0
S1PR5,0.0
SAA1,0.0
SAA2,0.0
SAA2-SAA4,0.0
SAA3P,0.0
SAA4,0.0
SAAL1,0.0
SAC3D1,0.0
SACM1L,0.0
SACS,2.758713721499043
SACS-AS1,0.253644744093139
SAE1,0.253644744093139
SAFB,0.0
SAFB2,1.3944163697813394
SAG,0.0
SAGE1,0.0
SAGE1,0.0
SALL1,1.0535570409588524
SALL1P1,0.0
SALL1P1,0.0
SALL2,0.9509808635159877
SALL3,0.0
SALL3,0.0
SALL4,0.0
SALL4P1,0.0
SALL4P2,0.0
SALL4P5,0.0
SALL4P6,0.0
SALL4P7,0.0
SAMD1,0.0
SAMD10,0.0
SAMD11,0.0
SAMD11P1,0.0
SAMD12,1.6092026860167012
SAMD13,0.0
SAMD14,0.0
SAMD15,0.0
SAMD3,0.0
SAMD4A,1.9534978077301333
SAMD4B,1.8737491581138752
SAMD5,0.0
SAMD7,0.0
SAMD8,2.984445549772042
SAMD9,0.5288907918624668
SAMD9L,1.514954562424701
SAMHD1,0.0
SAMM50,0.253644744093139
SAMSN1,0.0
SAMSN1-AS1,0.0
SAP130,0.0
SAP18,1.9338893813999691
SAP25,0.0
SAP30,0.6204550963106681
SAP30BP,0.0
SAP30L,0.0
SAP30L-AS1,0.0
SAPCD1,0.0
SAPCD1,0.0
SAPCD1,0.0
SAPCD1,0.0
SAPCD1,0.0
SAPCD1,0.0
SAPCD1-AS1,0.0
SAPCD1-AS1,0.0
SAPCD1-AS1,0.0
SAPCD1-AS1,0.0
SAPCD1-AS1,0.0
SAPCD2,0.0
SAR1A,3.049641162472688
SAR1AP4,0.0
SAR1B,0.8164310788769841
SAR1P1,0.0
SAR1P1,0.0
SAR1P1,0.0
SAR1P1,0.0
SAR1P1,0.0
SAR1P1,0.0
SAR1P1,0.0
SAR1P3,0.0
SARDH,1.2843206418841475
SARM1,0.0
SARM1,0.0
SARNP,0.0
SARS,0.0
SARS2,0.0
SART1,0.0
SART3,2.5994824867161643
SASH1,2.140618140014368
SASH3,0.0
SASS6,0.0
SAT1,3.491513531226456
SAT2,0.0
SATB1,0.0
SATB2,0.0
SATB2-AS1,0.0
SATL1,0.0
SAV1,0.6960356275201428
SAYSD1,0.0
SBDS,2.117588261664702
SBDSP1,1.470668879757139
SBDSP1,0.253644744093139
SBF1,0.0
SBF1P1,0.0
SBF2,1.8402371571691645
SBF2-AS1,0.0
SBK1,0.0
SBK2,0.0
SBK3,0.0
SBNO1,2.209603534240357
SBNO2,0.0
SBP1,0.0
SBSN,0.0
SBSPON,0.0
SC22CB-1D7.1,0.0
SC22CB-1E7.1,0.0
SC5D,1.2469559880685197
SCAF1,0.0
SCAF11,2.9248315351083187
SCAF4,2.0585666748363742
SCAF8,0.4127178969233909
SCAI,2.1330763966762865
SCAMP1,1.3349544931480026
SCAMP2,0.9105921305334987
SCAMP3,0.0
SCAMP3,0.0
SCAMP4,1.664793942489872
SCAMP5,1.470668879757139
SCAND1,0.4127178969233909
SCAND2P,0.0
SCAND3,0.0
SCAND3,0.0
SCAND3P1,0.0
SCAP,1.7399052260407448
SCAPER,2.759912999083064
SCARA3,2.230361246613381
SCARA5,0.0
SCARB1,0.0
SCARB2,1.6175933905056985
SCARF1,0.0
SCARF2,0.0
SCARNA1,0.0
SCARNA10,0.0
SCARNA11,0.0
SCARNA11,0.0
SCARNA11,0.0
SCARNA11,0.0
SCARNA12,0.0
SCARNA12,0.0
SCARNA13,0.0
SCARNA14,0.0
SCARNA15,0.0
SCARNA15,0.0
SCARNA15,0.0
SCARNA16,0.0
SCARNA16,0.0
SCARNA16,0.0
SCARNA16,0.0
SCARNA16,0.0
SCARNA17,0.0
SCARNA17,0.0
SCARNA17,0.0
SCARNA17,0.0
SCARNA17,0.0
SCARNA17,0.0
SCARNA18,0.0
SCARNA18,0.0
SCARNA18,0.0
SCARNA18,0.0
SCARNA18,0.0
SCARNA18,0.0
SCARNA2,0.0
SCARNA20,0.0
SCARNA20,0.0
SCARNA20,0.0
SCARNA20,0.0
SCARNA20,0.0
SCARNA20,0.0
SCARNA20,0.0
SCARNA21,0.0
SCARNA21,0.0
SCARNA21,0.0
SCARNA21,0.0
SCARNA22,0.0
SCARNA23,0.0
SCARNA24,0.0
SCARNA24,0.0
SCARNA3,0.0
SCARNA4,0.0
SCARNA4,0.0
SCARNA5,0.0
SCARNA6,0.0
SCARNA6,0.0
SCARNA7,0.0
SCARNA8,0.0
SCARNA9,0.0
SCCPDH,0.0
SCD,2.9373473872190465
SCD5,2.289046713426242
SCDP1,0.0
SCEL,0.0
SCEL-AS1,0.0
SCFD1,1.77598664737081
SCFD2,0.0
SCG2,2.020849432240322
SCG3,2.278290115030305
SCG5,0.0
SCGB1A1,0.0
SCGB1B2P,0.0
SCGB1C1,0.0
SCGB1D1,0.0
SCGB1D2,0.0
SCGB1D4,0.0
SCGB1D5P,0.0
SCGB2A1,0.0
SCGB2A2,0.0
SCGB2B2,0.0
SCGB2B3P,0.0
SCGB3A1,0.0
SCGB3A2,0.0
SCGN,0.0
SCHIP1,2.0904801984897694
SCIMP,0.0
SCIN,0.0
SCLT1,1.3349544931480026
SCLY,0.253644744093139
SCMH1,0.0
SCML1,1.1840889676042927
SCML2,0.0
SCML2P1,0.0
SCML2P2,0.0
SCML4,0.0
SCN10A,0.0
SCN11A,0.0
SCN1A,0.6960356275201428
SCN1B,0.0
SCN2A,1.8198585011625843
SCN2B,1.1609342125054871
SCN3A,1.8549171766299344
SCN3B,0.7603920768618123
SCN4A,0.0
SCN4B,2.501761761561395
SCN5A,0.0
SCN7A,0.0
SCN8A,1.990243223759475
SCN9A,0.0
SCNM1,0.0
SCNN1A,0.0
SCNN1B,0.0
SCNN1D,0.0
SCNN1G,0.0
SCO1,0.0
SCO2,0.0
SCOC,2.407626133745789
SCOCP1,0.0
SCP2,2.076264058037105
SCP2D1,0.0
SCPEP1,0.0
SCRG1,2.259748353078942
SCRIB,0.0
SCRIB,0.0
SCRN1,2.8305006053663915
SCRN2,0.0
SCRN3,0.0
SCRT1,0.0
SCRT1,0.0
SCRT2,0.0
SCT,0.0
SCTR,0.0
SCUBE1,0.0
SCUBE2,0.0
SCUBE3,0.253644744093139
SCXA,0.0
SCXA,0.0
SCXB,0.0
SCYL1,1.5830117235334478
SCYL2,0.0
SCYL3,0.0
SDAD1,0.0
SDAD1P1,0.0
SDAD1P2,0.0
SDAD1P3,0.0
SDAD1P4,0.0
SDC1,0.0
SDC2,1.535511556564225
SDC3,1.8092989910424864
SDC4,2.238394274207005
SDC4P,0.0
SDCBP,2.802107318256077
SDCBP2,0.0
SDCBP2-AS1,0.0
SDCBP2P1,0.0
SDCBPP1,0.0
SDCBPP2,0.253644744093139
SDCBPP3,0.0
SDCCAG3,0.0
SDCCAG3P1,0.0
SDCCAG3P2,0.0
SDCCAG8,1.9534978077301333
SDE2,0.0
SDF2,0.0
SDF2L1,0.4127178969233909
SDF4,0.0
SDHA,0.0
SDHAF1,0.0
SDHAF2,0.9509808635159877
SDHAP1,0.253644744093139
SDHAP2,0.0
SDHAP3,0.0
SDHB,0.0
SDHC,1.0219824427879696
SDHCP1,0.0
SDHCP2,0.0
SDHCP3,0.0
SDHCP4,0.0
SDHD,1.7873770459247007
SDHD,0.0
SDHDP2,0.253644744093139
SDHDP6,0.253644744093139
SDIM1,0.0
SDK1,0.253644744093139
SDK2,0.0
SDPR,0.0
SDR16C5,0.0
SDR16C6P,0.0
SDR39U1,0.253644744093139
SDR42E1,0.0
SDR42E2,0.0
SDR9C7,0.0
SDS,0.5288907918624668
SDSL,0.0
SEBOX,0.0
SEC11A,0.0
SEC11C,1.9534978077301333
SEC13,1.0219824427879696
SEC13P1,0.0
SEC14L1,1.4467087411059607
SEC14L1P1,0.0
SEC14L2,1.664793942489872
SEC14L3,0.253644744093139
SEC14L4,0.0
SEC14L5,0.0
SEC14L6,0.0
SEC16A,1.6794524383704983
SEC16B,1.0535570409588524
SEC1P,0.0
SEC22A,2.040117379352544
SEC22B,0.0
SEC22B,1.1364750726028654
SEC22C,2.09879174565615
SEC23A,0.0
SEC23B,2.3181519762410705
SEC23IP,1.60064667142076
SEC24A,0.4127178969233909
SEC24B,1.9534978077301333
SEC24B-AS1,1.909127290849204
SEC24C,1.0219824427879696
SEC24D,0.0
SEC31A,1.9298591741236093
SEC31B,0.0
SEC61A1,1.6794524383704983
SEC61A2,1.7984763234491472
SEC61B,1.525354679322857
SEC61G,0.0
SEC62,2.5351645705754207
SEC62-AS1,0.0
SEC63,1.945760348159504
SEC63P1,0.253644744093139
SEC63P2,0.0
SECISBP2,2.6304115076155083
SECISBP2L,1.4933759616707991
SECTM1,0.0
SEH1L,0.4127178969233909
SEL1L,1.3944163697813394
SEL1L2,0.0
SEL1L3,2.796088733192452
SELE,0.0
SELENBP1,2.682794019782553
SELK,0.866058549240148
SELL,0.0
SELM,0.4127178969233909
SELO,0.9105921305334987
SELP,0.0
SELPLG,0.0
SELRC1,0.0
SELT,2.8181099449164604
SELV,0.0
SEMA3A,0.6204550963106681
SEMA3B,0.0
SEMA3B,0.0
SEMA3B-AS1,0.0
SEMA3B-AS1,0.0
SEMA3C,0.0
SEMA3D,0.6960356275201428
SEMA3E,0.0
SEMA3F,0.0
SEMA3G,0.0
SEMA4A,1.803921369136032
SEMA4B,2.169539930830927
SEMA4C,0.0
SEMA4D,2.0041129115992096
SEMA4F,0.0
SEMA4G,0.4127178969233909
SEMA5A,0.0
SEMA5B,0.0
SEMA6A,1.0219824427879696
SEMA6B,0.0
SEMA6C,0.0
SEMA6D,1.9937523923170493
SEMA7A,0.0
SEMG1,0.0
SEMG2,0.0
SENP1,1.3944163697813394
SENP2,0.4127178969233909
SENP3,0.0
SENP3-EIF4A1,0.0
SENP5,1.9298591741236093
SENP6,2.323091673214238
SENP7,2.1601117294155574
SENP8,0.0
SEP15,0.5288907918624668
SEPHS1,2.178767794671365
SEPHS1P1,0.5288907918624668
SEPHS1P4,0.253644744093139
SEPHS1P6,0.0
SEPHS1P7,0.0
SEPHS2,1.0829908296976
SEPHS2P1,0.0
SEPN1,0.0
SEPP1,0.4127178969233909
SEPSECS,0.0
SEPT1,0.0
SEPT1,0.0
SEPT10,0.4127178969233909
SEPT10P1,0.0
SEPT11,2.546078048333367
SEPT12,0.0
SEPT14,0.0
SEPT2,1.6496233519400156
SEPT2P1,0.0
SEPT3,1.4821708087520635
SEPT4,0.0
SEPT5,0.0
SEPT6,0.0
SEPT7,2.97249931530558
SEPT7P2,0.6204550963106681
SEPT7P3,0.0
SEPT7P4,0.0
SEPT7P5,0.0
SEPT7P6,0.0
SEPT7P7,0.0
SEPT7P8,0.0
SEPT7P9,0.0
SEPT8,1.0829908296976
SEPT9,0.0
SEPW1,1.5454363124656982
SEPW1P,0.0
SERAC1,0.0
SERBP1,0.5288907918624668
SERBP1P1,0.0
SERBP1P2,0.0
SERBP1P3,0.0
SERBP1P4,0.0
SERBP1P5,0.0
SERBP1P6,0.0
SERF1A,0.0
SERF1AP1,0.0
SERF1B,0.0
SERF1B,0.0
SERF2,1.591918701844707
SERGEF,1.9795423135776309
SERHL,0.0
SERHL2,1.1364750726028654
SERINC1,1.6092026860167012
SERINC2,0.0
SERINC2,0.0
SERINC3,2.1988403652486808
SERINC4,0.0
SERINC5,0.0
SERP1,0.8164310788769841
SERP2,0.0
SERPINA1,0.253644744093139
SERPINA10,0.0
SERPINA11,0.0
SERPINA12,0.0
SERPINA13P,0.0
SERPINA2P,0.0
SERPINA3,0.0
SERPINA4,0.0
SERPINA5,0.0
SERPINA6,0.0
SERPINA7,0.0
SERPINA9,0.0
SERPINB1,0.0
SERPINB10,0.0
SERPINB11,0.0
SERPINB12,0.0
SERPINB13,0.0
SERPINB2,0.0
SERPINB3,0.0
SERPINB4,0.0
SERPINB5,0.0
SERPINB6,1.3349544931480026
SERPINB7,0.0
SERPINB8,0.0
SERPINB8P1,0.0
SERPINB9,2.169539930830927
SERPINC1,0.0
SERPIND1,0.0
SERPINE1,0.0
SERPINE2,2.8528212637256978
SERPINE3,0.0
SERPINF1,0.0
SERPINF2,0.0
SERPING1,0.0
SERPINH1,0.0
SERPINH1P1,0.0
SERPINI1,0.0
SERPINI2,0.0
SERTAD1,2.073364122649164
SERTAD2,0.0
SERTAD3,0.0
SERTAD4,0.0
SERTAD4-AS1,0.0
SERTM1,0.0
SESN1,1.1840889676042927
SESN2,1.6418345900426288
SESN3,3.22416640805132
SESTD1,1.8691171639943336
SET,2.8075073101394765
SETBP1,1.380296600302216
SETD1A,0.0
SETD1B,0.0
SETD2,2.354660715659528
SETD3,0.253644744093139
SETD4,0.0
SETD5,2.773471791809124
SETD5-AS1,1.5454363124656982
SETD6,0.0
SETD7,0.253644744093139
SETD8,1.5042992690810633
SETD9,0.0
SETDB1,1.3349544931480026
SETDB2,0.0
SETMAR,0.0
SETP1,0.0
SETP10,0.0
SETP11,0.0
SETP12,0.0
SETP14,0.0
SETP15,0.0
SETP16,0.0
SETP17,0.0
SETP18,0.0
SETP2,0.0
SETP20,0.0
SETP21,0.0
SETP22,0.0
SETP4,0.0
SETP5,0.0
SETP6,0.0
SETP7,0.0
SETP8,0.0
SETP9,0.0
SETX,2.8880940521095337
SEZ6,0.9105921305334987
SEZ6L,0.0
SEZ6L2,0.253644744093139
SF1,0.866058549240148
SF3A1,1.5739182395996751
SF3A2,0.0
SF3A3,1.5042992690810633
SF3A3P1,0.0
SF3A3P2,0.0
SF3B1,2.459637216657294
SF3B14,0.6960356275201428
SF3B2,2.024120707748976
SF3B3,0.0
SF3B4,0.0
SF3B4,0.0
SF3B5,0.9879310210915638
SFI1,2.033789239579625
SFMBT1,1.9610998250314529
SFMBT2,1.3187237340792874
SFN,0.0
SFPQ,3.1965796588707733
SFPQP1,0.0
SFR1,0.6960356275201428
SFRP1,0.0
SFRP2,0.0
SFRP4,0.0
SFRP5,0.0
SFSWAP,1.693632285926403
SFT2D1,1.9298591741236093
SFT2D2,0.0
SFT2D3,0.0
SFTA1P,0.0
SFTA2,0.0
SFTA2,0.0
SFTA2,0.0
SFTA2,0.0
SFTA2,0.0
SFTA2,0.0
SFTA3,0.0
SFTPA1,0.0
SFTPA2,0.0
SFTPA3P,0.0
SFTPB,0.0
SFTPC,0.0
SFTPD,0.0
SFXN1,0.253644744093139
SFXN2,0.0
SFXN3,0.0
SFXN4,0.7603920768618123
SFXN5,2.800474140378969
SGCA,0.0
SGCB,1.591918701844707
SGCD,2.27647115873368
SGCE,2.0645462909179955
SGCG,0.0
SGCZ,0.253644744093139
SGIP1,2.4760603713512475
SGK1,0.4127178969233909
SGK2,0.0
SGK223,0.0
SGK3,0.0
SGK494,0.0
SGMS1,0.0
SGMS2,2.326353864510643
SGOL1,0.0
SGOL1-AS1,0.0
SGOL2,0.0
SGPL1,0.4127178969233909
SGPP1,0.0
SGPP2,0.0
SGSH,0.0
SGSM1,0.0
SGSM2,0.8164310788769841
SGSM3,0.0
SGTA,0.6204550963106681
SGTB,2.1672019996173213
SH2B1,0.0
SH2B2,0.0
SH2B2,0.0
SH2B3,0.0
SH2D1A,0.0
SH2D1B,0.0
SH2D2A,0.0
SH2D3A,0.0
SH2D3C,0.0
SH2D4A,0.0
SH2D4B,0.0
SH2D5,0.0
SH2D6,0.0
SH2D7,0.0
SH3BGR,0.0
SH3BGRL,2.278290115030305
SH3BGRL2,0.866058549240148
SH3BGRL3,1.1105557679530071
SH3BP1,0.0
SH3BP2,2.404922435441751
SH3BP4,2.4643932599773613
SH3BP5,0.0
SH3BP5-AS1,0.9879310210915638
SH3BP5L,0.0
SH3D19,0.0
SH3D21,0.0
SH3GL1,0.253644744093139
SH3GL1P1,0.0
SH3GL1P2,0.0
SH3GL1P3,0.0
SH3GL1P3,0.0
SH3GL2,0.0
SH3GL3,1.5739182395996751
SH3GLB1,1.900549254498717
SH3GLB2,0.6960356275201428
SH3KBP1,0.0
SH3PXD2A,0.0
SH3PXD2B,1.5454363124656982
SH3RF1,2.919473676963494
SH3RF2,0.0
SH3RF3,0.0
SH3RF3-AS1,0.0
SH3TC1,0.0
SH3TC2,0.0
SH3YL1,1.3506004547184218
SHANK1,0.0
SHANK2,0.0
SHANK2,0.0
SHANK2-AS1,0.0
SHANK2-AS1,0.0
SHANK2-AS2,0.0
SHANK2-AS2,0.0
SHANK2-AS3,0.0
SHANK2-AS3,0.0
SHANK3,0.9509808635159877
SHARPIN,0.0
SHB,0.0
SHBG,0.0
SHC1,0.0
SHC1P1,0.0
SHC1P2,0.0
SHC2,0.5288907918624668
SHC3,0.0
SHC4,1.514954562424701
SHCBP1,0.0
SHCBP1L,0.0
SHD,0.0
SHE,0.0
SHF,0.0
SHFM1,1.408091496025075
SHFM1P1,0.0
SHH,0.0
SHISA2,1.2269946489498065
SHISA3,0.0
SHISA4,0.0
SHISA5,0.0
SHISA6,0.0
SHISA7,0.0
SHISA8,0.0
SHISA9,1.7399052260407448
SHKBP1,0.0
SHMT1,0.253644744093139
SHMT1P1,0.0
SHMT2,0.0
SHOC2,1.3506004547184218
SHOX,0.0
SHOX,0.0
SHOX2,0.0
SHPK,0.0
SHPK,0.0
SHPRH,1.6339035873850103
SHQ1,0.0
SHROOM1,0.0
SHROOM2,0.0
SHROOM2P1,0.0
SHROOM3,1.2469559880685197
SHROOM4,0.0
SHROOM4,0.0
SI,0.0
SIAE,2.454828511742524
SIAH1,1.514954562424701
SIAH1P1,0.0
SIAH2,0.0
SIAH2-AS1,0.0
SIAH3,0.0
SIDT1,0.0
SIDT1-AS1,0.0
SIDT2,1.591918701844707
SIGIRR,0.0
SIGLEC1,0.0
SIGLEC10,0.0
SIGLEC11,0.0
SIGLEC12,0.0
SIGLEC14,0.0
SIGLEC15,0.0
SIGLEC16,0.0
SIGLEC17P,0.0
SIGLEC18P,0.0
SIGLEC19P,0.0
SIGLEC20P,0.0
SIGLEC21P,0.0
SIGLEC22P,0.0
SIGLEC26P,0.0
SIGLEC27P,0.0
SIGLEC28P,0.0
SIGLEC29P,0.0
SIGLEC30P,0.0
SIGLEC31P,0.0
SIGLEC5,0.0
SIGLEC5,0.0
SIGLEC6,0.0
SIGLEC7,0.0
SIGLEC8,0.0
SIGLEC9,0.0
SIGLECL1,0.0
SIGMAR1,0.4127178969233909
SIK1,1.2060714458283772
SIK2,0.6204550963106681
SIK3,0.4127178969233909
SIK3-IT1,0.0
SIKE1,2.2616385603063045
SIL1,2.007512212023229
SIM1,0.0
SIM2,0.0
SIMC1,0.9509808635159877
SIN3A,1.1840889676042927
SIN3B,0.0
SIPA1,0.0
SIPA1L1,1.2843206418841475
SIPA1L2,0.0
SIPA1L3,0.253644744093139
SIRPA,1.887355901089917
SIRPAP1,0.0
SIRPB1,0.0
SIRPB2,0.0
SIRPD,0.0
SIRPG,0.0
SIRT1,2.556723988284756
SIRT2,2.3469809720555848
SIRT3,0.253644744093139
SIRT4,0.0
SIRT5,1.0219824427879696
SIRT6,0.0
SIRT7,0.0
SIT1,0.0
SIVA1,0.0
SIX1,0.0
SIX2,0.0
SIX3,0.0
SIX3-AS1,0.0
SIX4,0.0
SIX5,0.0
SIX6,0.0
SKA1,0.0
SKA1,0.0
SKA2,0.6960356275201428
SKA2P1,0.0
SKA3,0.0
SKAP1,0.0
SKAP2,0.253644744093139
SKI,0.0
SKIDA1,2.3391629771226428
SKIL,2.174178371429241
SKINTL,0.0
SKIV2L,0.0
SKIV2L,0.0
SKIV2L,0.0
SKIV2L,0.0
SKIV2L,0.0
SKIV2L,0.0
SKIV2L2,2.4643932599773613
SKOR1,0.0
SKOR2,0.0
SKP1,2.2995433191005747
SKP1P1,0.253644744093139
SKP2,0.0
SLA,0.0
SLA2,0.0
SLAIN1,0.0
SLAIN2,0.0
SLAMF1,0.0
SLAMF6,0.0
SLAMF6P1,0.0
SLAMF7,0.0
SLAMF8,0.0
SLAMF9,0.0
SLBP,0.253644744093139
SLC10A1,0.0
SLC10A2,0.0
SLC10A3,0.0
SLC10A3,0.0
SLC10A4,0.9879310210915638
SLC10A5,0.0
SLC10A5P1,0.0
SLC10A6,0.0
SLC10A7,0.0
SLC11A1,0.0
SLC11A2,1.5042992690810633
SLC12A1,0.0
SLC12A2,1.266040025979822
SLC12A3,0.0
SLC12A4,0.0
SLC12A5,0.0
SLC12A6,2.076264058037105
SLC12A7,0.4127178969233909
SLC12A8,0.0
SLC12A9,0.6960356275201428
SLC13A1,0.0
SLC13A2,0.0
SLC13A2,0.0
SLC13A3,0.0
SLC13A4,0.0
SLC13A5,2.1254013691955027
SLC14A1,2.252104165337004
SLC14A2,0.0
SLC15A1,0.0
SLC15A2,3.149414316413613
SLC15A3,0.0
SLC15A4,1.693632285926403
SLC15A5,0.0
SLC16A1,0.0
SLC16A10,0.0
SLC16A11,0.0
SLC16A12,0.0
SLC16A13,0.0
SLC16A14,0.0
SLC16A14P1,0.0
SLC16A1P1,0.0
SLC16A2,2.335995942637333
SLC16A3,0.0
SLC16A4,0.0
SLC16A5,0.0
SLC16A6,0.0
SLC16A6,0.0
SLC16A6P1,0.253644744093139
SLC16A7,0.6204550963106681
SLC16A8,0.0
SLC16A9,1.514954562424701
SLC17A1,0.0
SLC17A2,0.0
SLC17A3,0.0
SLC17A4,0.0
SLC17A5,0.0
SLC17A6,0.0
SLC17A7,0.0
SLC17A8,0.0
SLC17A9,0.0
SLC18A1,0.0
SLC18A2,0.0
SLC18A3,0.0
SLC18B1,2.359204210403834
SLC19A1,0.0
SLC19A2,0.253644744093139
SLC19A3,0.0
SLC1A1,0.0
SLC1A2,4.0353545190555415
SLC1A3,3.8093096537069258
SLC1A4,2.624726524988213
SLC1A5,0.0
SLC1A6,0.0
SLC1A7,0.0
SLC20A1,2.3980886204891965
SLC20A1P1,0.0
SLC20A1P1,0.0
SLC20A1P2,0.0
SLC20A1P3,0.0
SLC20A2,2.4524040442099
SLC22A1,0.0
SLC22A10,0.0
SLC22A11,0.0
SLC22A12,0.0
SLC22A13,0.0
SLC22A14,0.0
SLC22A15,2.09879174565615
SLC22A16,0.0
SLC22A17,1.4821708087520635
SLC22A18,0.0
SLC22A18AS,0.0
SLC22A2,0.0
SLC22A20,0.0
SLC22A23,1.8301673481627088
SLC22A24,0.0
SLC22A25,0.0
SLC22A3,0.0
SLC22A31,0.0
SLC22A4,0.0
SLC22A5,0.9509808635159877
SLC22A6,0.0
SLC22A7,0.0
SLC22A8,0.0
SLC22A9,0.0
SLC23A1,0.0
SLC23A2,1.9937523923170493
SLC23A3,0.0
SLC24A1,0.0
SLC24A2,1.380296600302216
SLC24A3,1.2269946489498065
SLC24A4,0.0
SLC24A5,0.0
SLC25A1,0.0
SLC25A1,0.0
SLC25A10,0.0
SLC25A10,0.0
SLC25A11,0.0
SLC25A12,0.4127178969233909
SLC25A13,2.0041129115992096
SLC25A14,0.0
SLC25A14P1,0.0
SLC25A15,0.6960356275201428
SLC25A15P1,0.0
SLC25A15P2,0.0
SLC25A15P3,0.0
SLC25A15P4,0.0
SLC25A15P5,0.0
SLC25A16,0.4127178969233909
SLC25A17,0.0
SLC25A18,2.230361246613381
SLC25A18P1,0.0
SLC25A19,0.0
SLC25A1P1,0.0
SLC25A1P2,0.0
SLC25A1P3,0.0
SLC25A1P4,0.0
SLC25A1P5,0.0
SLC25A2,0.0
SLC25A2,0.0
SLC25A20,0.0
SLC25A20P1,0.0
SLC25A21,0.0
SLC25A21-AS1,0.0
SLC25A22,0.0
SLC25A23,1.380296600302216
SLC25A24,0.0
SLC25A24P1,0.0
SLC25A24P2,0.0
SLC25A25,0.0
SLC25A26,2.19003355152204
SLC25A27,1.0829908296976
SLC25A28,0.0
SLC25A29,2.106947208535701
SLC25A3,2.511418855861022
SLC25A30,0.0
SLC25A30-AS1,0.253644744093139
SLC25A31,0.0
SLC25A32,0.0
SLC25A33,0.0
SLC25A34,0.0
SLC25A35,0.9105921305334987
SLC25A36,1.1105557679530071
SLC25A36P1,0.0
SLC25A37,2.712506355346485
SLC25A38,0.0
SLC25A38P1,0.0
SLC25A39,0.6204550963106681
SLC25A39P1,0.0
SLC25A39P2,0.0
SLC25A3P1,0.0
SLC25A3P2,0.0
SLC25A4,2.1305330951471686
SLC25A40,0.0
SLC25A41,0.0
SLC25A42,0.0
SLC25A43,0.0
SLC25A44,0.0
SLC25A45,0.0
SLC25A46,2.855231979690249
SLC25A47,0.0
SLC25A47P1,0.0
SLC25A48,0.0
SLC25A5,2.951057803258816
SLC25A5-AS1,0.0
SLC25A51,0.0
SLC25A51P1,0.0
SLC25A51P2,0.0
SLC25A51P3,0.0
SLC25A52,0.0
SLC25A53,0.0
SLC25A53,0.0
SLC25A5P1,0.253644744093139
SLC25A5P2,0.0
SLC25A5P3,0.0
SLC25A5P4,0.0
SLC25A5P5,0.0
SLC25A5P6,0.0
SLC25A5P7,0.0
SLC25A5P8,0.253644744093139
SLC25A5P9,0.0
SLC25A6,0.0
SLC25A6,0.0
SLC25A6P1,0.0
SLC25A6P2,0.0
SLC25A6P3,0.0
SLC25A6P4,0.0
SLC25A6P5,0.0
SLC25A6P6,0.0
SLC26A1,0.0
SLC26A10,0.0
SLC26A11,0.0
SLC26A2,2.610602169049287
SLC26A3,0.0
SLC26A4,0.0
SLC26A4-AS1,0.0
SLC26A5,0.0
SLC26A6,0.0
SLC26A7,0.0
SLC26A8,0.0
SLC26A9,0.0
SLC27A1,1.878332270313977
SLC27A2,0.0
SLC27A3,0.0
SLC27A3,0.0
SLC27A4,0.0
SLC27A5,0.0
SLC27A6,0.0
SLC28A1,0.0
SLC28A2,0.0
SLC28A3,0.0
SLC29A1,0.8164310788769841
SLC29A2,0.0
SLC29A3,0.0
SLC29A4,0.866058549240148
SLC29A4P1,0.0
SLC29A4P1,0.0
SLC29A4P2,0.0
SLC2A1,0.5288907918624668
SLC2A1-AS1,1.1364750726028654
SLC2A10,0.253644744093139
SLC2A11,2.122812586493364
SLC2A12,0.0
SLC2A13,0.0
SLC2A13P1,0.0
SLC2A14,0.0
SLC2A2,0.0
SLC2A3,0.0
SLC2A3P1,0.0
SLC2A3P2,0.0
SLC2A3P4,0.0
SLC2A4,2.185562255814066
SLC2A4RG,0.0
SLC2A5,0.0
SLC2A6,0.0
SLC2A6,0.0
SLC2A7,0.0
SLC2A8,0.0
SLC2A9,0.0
SLC30A1,0.0
SLC30A10,2.079144757918472
SLC30A2,0.0
SLC30A3,0.0
SLC30A4,2.5331504971859498
SLC30A5,0.0
SLC30A6,0.0
SLC30A7,2.8191561096655926
SLC30A8,0.0
SLC30A9,1.5454363124656982
SLC31A1,0.7603920768618123
SLC31A1P1,0.0
SLC31A2,0.0
SLC32A1,0.4127178969233909
SLC33A1,0.0
SLC34A1,0.0
SLC34A2,0.0
SLC34A3,0.0
SLC35A1,0.0
SLC35A2,0.0
SLC35A2,0.0
SLC35A3,0.0
SLC35A4,0.0
SLC35A5,0.0
SLC35B1,0.5288907918624668
SLC35B2,0.0
SLC35B3,0.0
SLC35B4,1.909127290849204
SLC35C1,0.0
SLC35C2,0.6204550963106681
SLC35D1,0.4127178969233909
SLC35D2,0.0
SLC35D3,0.0
SLC35E1,1.5739182395996751
SLC35E1P1,0.0
SLC35E2,0.0
SLC35E2B,0.7603920768618123
SLC35E3,2.1123003250777685
SLC35E4,0.6960356275201428
SLC35F1,0.0
SLC35F2,0.0
SLC35F3,0.0
SLC35F4,0.0
SLC35F5,0.0
SLC35F6,2.4299523474751914
SLC35G1,0.0
SLC35G2,1.3018627585701523
SLC35G3,0.0
SLC35G5,0.0
SLC35G6,0.0
SLC36A1,0.0
SLC36A2,0.9105921305334987
SLC36A3,0.0
SLC36A4,0.0
SLC37A1,1.8146108385283355
SLC37A2,0.0
SLC37A3,0.0
SLC37A4,0.0
SLC37A4,0.0
SLC38A1,0.0
SLC38A10,0.0
SLC38A11,0.0
SLC38A2,1.6496233519400156
SLC38A3,0.253644744093139
SLC38A4,0.0
SLC38A5,0.0
SLC38A5,0.0
SLC38A6,0.0
SLC38A7,0.7603920768618123
SLC38A8,0.0
SLC38A9,0.0
SLC39A1,0.0
SLC39A10,1.9937523923170493
SLC39A11,1.60064667142076
SLC39A12,2.0041129115992096
SLC39A12-AS1,2.5661807462002506
SLC39A13,1.0219824427879696
SLC39A14,0.0
SLC39A2,0.0
SLC39A3,0.0
SLC39A4,0.0
SLC39A4,0.0
SLC39A5,0.0
SLC39A6,1.3944163697813394
SLC39A7,0.0
SLC39A7,0.0
SLC39A7,0.0
SLC39A7,0.0
SLC39A7,0.0
SLC39A7,0.0
SLC39A8,0.0
SLC39A9,1.3944163697813394
SLC3A1,0.0
SLC3A2,2.859061505986328
SLC40A1,0.253644744093139
SLC41A1,1.1840889676042927
SLC41A2,2.250171908628923
SLC41A3,0.253644744093139
SLC43A1,0.0
SLC43A2,2.076264058037105
SLC43A3,0.0
SLC44A1,1.7206743438370773
SLC44A2,0.9105921305334987
SLC44A3,0.866058549240148
SLC44A4,0.0
SLC44A4,0.0
SLC44A4,0.0
SLC44A4,0.0
SLC44A4,0.0
SLC44A4,0.0
SLC44A4,0.0
SLC44A4,0.0
SLC44A5,0.0
SLC45A1,0.0
SLC45A2,0.0
SLC45A3,0.0
SLC45A4,0.0
SLC46A1,0.0
SLC46A1,0.0
SLC46A2,0.0
SLC46A3,0.4127178969233909
SLC47A1,0.0
SLC47A2,0.0
SLC48A1,3.0650372874679803
SLC4A1,0.0
SLC4A10,0.5288907918624668
SLC4A11,0.0
SLC4A1AP,2.5208658751148536
SLC4A2,0.0
SLC4A3,0.0
SLC4A4,2.7854924030885577
SLC4A5,0.0
SLC4A7,1.2060714458283772
SLC4A8,0.866058549240148
SLC4A9,0.0
SLC50A1,0.0
SLC51A,0.0
SLC51B,0.0
SLC52A1,0.0
SLC52A2,0.0
SLC52A2,0.0
SLC52A3,0.0
SLC5A1,0.0
SLC5A10,0.0
SLC5A11,1.7140700431083098
SLC5A12,0.0
SLC5A2,0.0
SLC5A3,0.0
SLC5A3,0.0
SLC5A4,1.525354679322857
SLC5A4P1,0.0
SLC5A5,0.0
SLC5A6,0.0
SLC5A7,0.0
SLC5A8,0.0
SLC5A8,0.0
SLC5A9,0.0
SLC6A1,2.5450971691500617
SLC6A1-AS1,0.0
SLC6A10P,0.0
SLC6A11,1.266040025979822
SLC6A12,0.0
SLC6A13,0.0
SLC6A14,0.0
SLC6A14,0.0
SLC6A15,1.2060714458283772
SLC6A16,0.0
SLC6A17,0.0
SLC6A18,0.0
SLC6A19,0.0
SLC6A2,0.0
SLC6A20,0.0
SLC6A21P,0.0
SLC6A3,0.0
SLC6A4,0.0
SLC6A5,0.0
SLC6A6,0.0
SLC6A6P1,0.0
SLC6A7,0.0
SLC6A8,0.0
SLC6A8,0.0
SLC6A9,0.0
SLC7A1,0.253644744093139
SLC7A10,0.253644744093139
SLC7A11,2.51459075015259
SLC7A11-AS1,0.0
SLC7A13,0.0
SLC7A14,1.2843206418841475
SLC7A15P,0.0
SLC7A2,1.3944163697813394
SLC7A3,0.0
SLC7A4,0.0
SLC7A5,0.0
SLC7A5P1,0.0
SLC7A5P2,0.0
SLC7A6,1.6418345900426288
SLC7A6OS,0.0
SLC7A7,0.0
SLC7A8,0.253644744093139
SLC7A9,0.0
SLC8A1,0.7603920768618123
SLC8A1-AS1,0.0
SLC8A2,1.2269946489498065
SLC8A3,0.0
SLC8B1,1.2060714458283772
SLC9A1,0.0
SLC9A2,0.0
SLC9A3,0.0
SLC9A3P1,0.0
SLC9A3P2,0.0
SLC9A3P3,0.0
SLC9A3P3,0.0
SLC9A3P4,0.0
SLC9A3R1,1.2269946489498065
SLC9A3R2,0.0
SLC9A4,0.0
SLC9A5,0.0
SLC9A6,0.0
SLC9A6,0.0
SLC9A7,0.0
SLC9A7P1,0.0
SLC9A8,0.4127178969233909
SLC9A9,1.1105557679530071
SLC9A9-AS1,0.0
SLC9A9-AS2,0.0
SLC9B1,0.0
SLC9B1P1,0.0
SLC9B1P2,0.0
SLC9B1P3,0.0
SLC9B1P4,0.0
SLC9B2,0.0
SLC9C1,0.0
SLC9C2,0.0
SLCO1A2,0.0
SLCO1B1,0.0
SLCO1B3,0.0
SLCO1B7,0.0
SLCO1C1,2.933349290034133
SLCO2A1,0.0
SLCO2B1,0.0
SLCO3A1,0.0
SLCO4A1,0.9105921305334987
SLCO4C1,0.0
SLCO5A1,0.0
SLCO6A1,0.0
SLFN11,0.0
SLFN12,0.0
SLFN12L,0.0
SLFN13,0.0
SLFN14,0.0
SLFN5,0.0
SLFNL1,0.0
SLIRP,0.7603920768618123
SLIT1,0.0
SLIT2,0.0
SLIT2-IT1,0.0
SLIT3,0.0
SLITRK1,0.0
SLITRK2,0.0
SLITRK2,0.0
SLITRK3,0.7603920768618123
SLITRK4,0.0
SLITRK4,0.0
SLITRK5,0.0
SLITRK6,0.0
SLK,0.253644744093139
SLMAP,1.2269946489498065
SLMO1,1.0535570409588524
SLMO2,1.5042992690810633
SLMO2P1,0.0
SLMO2P2,0.0
SLMO2P3,0.0
SLN,0.0
SLPI,0.0
SLTM,2.5239697608949863
SLU7,1.0219824427879696
SLURP1,0.0
SLX1A,0.0
SLX1A-SULT1A3,0.0
SLX1B,0.0
SLX1B-SULT1A4,0.0
SLX4,0.5288907918624668
SLX4IP,0.0
SMAD1,0.8164310788769841
SMAD2,0.253644744093139
SMAD3,1.380296600302216
SMAD4,1.266040025979822
SMAD5,1.3944163697813394
SMAD5-AS1,0.0
SMAD6,0.0
SMAD7,0.5288907918624668
SMAD9,0.0
SMAD9-AS1,0.0
SMAGP,0.0
SMAP1,0.5288907918624668
SMAP2,2.3295917345202306
SMARCA1,0.0
SMARCA2,2.799381933108056
SMARCA4,0.4127178969233909
SMARCA5,1.266040025979822
SMARCA5-AS1,0.0
SMARCAD1,1.5042992690810633
SMARCAL1,0.0
SMARCB1,0.0
SMARCC1,0.7603920768618123
SMARCC2,1.0535570409588524
SMARCD1,0.8164310788769841
SMARCD2,0.0
SMARCD3,0.0
SMARCE1,0.5288907918624668
SMARCE1P1,0.0
SMARCE1P2,0.0
SMARCE1P4,0.0
SMARCE1P5,0.0
SMARCE1P6,0.0
SMC1A,0.0
SMC1A,0.0
SMC1B,0.0
SMC2,0.866058549240148
SMC3,2.020849432240322
SMC4,0.0
SMC5,1.9257912163520183
SMC5-AS1,0.9509808635159877
SMC6,0.0
SMCHD1,1.408091496025075
SMCO1,0.0
SMCO2,0.0
SMCO3,0.0
SMCO4,0.0
SMCP,0.0
SMCR2,0.0
SMCR5,0.0
SMCR8,0.0
SMDT1,0.0
SMDT1,0.0
SMDT1,0.0
SMEK1,2.1305330951471686
SMEK2,0.7603920768618123
SMEK3P,0.0
SMG1,2.215935681683258
SMG1P1,1.2269946489498065
SMG5,0.5288907918624668
SMG6,0.4127178969233909
SMG7,1.514954562424701
SMG7-AS1,0.0
SMG8,0.0
SMG9,0.0
SMIM1,0.0
SMIM10,0.0
SMIM11,1.945760348159504
SMIM11P1,0.0
SMIM12,0.0
SMIM13,0.0
SMIM14,0.0
SMIM15,1.878332270313977
SMIM17,0.0
SMIM18,0.0
SMIM19,0.0
SMIM2,0.0
SMIM2-AS1,1.0219824427879696
SMIM2-IT1,0.0
SMIM20,0.0
SMIM21,0.0
SMIM22,0.0
SMIM3,0.0
SMIM4,1.3187237340792874
SMIM5,0.0
SMIM6,0.0
SMIM7,1.7522684493138374
SMIM8,0.0
SMIM9,0.0
SMIM9,0.0
SMKR1,0.0
SMLR1,0.0
SMN1,0.0
SMN2,1.1609342125054871
SMN2,0.9879310210915638
SMNDC1,0.0
SMO,0.0
SMOC1,1.0535570409588524
SMOC2,0.0
SMOX,2.3469809720555848
SMPD1,0.7603920768618123
SMPD2,1.3506004547184218
SMPD3,0.0
SMPD4,0.0
SMPD4P1,0.0
SMPD4P2,0.0
SMPDL3A,0.0
SMPDL3B,0.0
SMPX,0.0
SMR3A,0.0
SMR3B,0.0
SMS,2.014232018514904
SMTN,1.0219824427879696
SMTNL1,0.0
SMTNL2,0.0
SMU1,1.514954562424701
SMUG1,0.0
SMURF1,0.0
SMURF2,2.420897766938723
SMURF2P1,0.0
SMYD1,0.0
SMYD2,0.0
SMYD3,0.4127178969233909
SMYD3-IT1,0.0
SMYD4,0.0
SMYD5,0.0
SNAI1,0.0
SNAI1P1,0.0
SNAI2,0.0
SNAI3,0.0
SNAI3-AS1,0.0
SNAP23,1.6418345900426288
SNAP23P,0.0
SNAP25,0.7603920768618123
SNAP25-AS1,0.0
SNAP29,0.0
SNAP47,0.0
SNAP47-AS1,0.0
SNAP91,0.8164310788769841
SNAPC1,1.900549254498717
SNAPC2,0.0
SNAPC3,0.7603920768618123
SNAPC4,0.253644744093139
SNAPC5,0.0
SNAPC5P1,0.0
SNAPIN,0.0
SNCA,1.0219824427879696
SNCAIP,2.140618140014368
SNCB,0.0
SNCG,2.2616385603063045
SND1,0.5288907918624668
SNED1,0.0
SNF8,1.1105557679530071
SNHG1,0.0
SNHG10,0.0
SNHG11,2.138118749168065
SNHG12,1.1105557679530071
SNHG14,2.902560758737152
SNHG15,0.0
SNHG16,0.0
SNHG17,2.2995433191005747
SNHG18,0.0
SNHG3,0.0
SNHG5,2.185562255814066
SNHG6,0.253644744093139
SNHG7,0.0
SNHG8,1.7461308297538636
SNHG9,0.6204550963106681
SNIP1,2.082006475794047
SNN,0.0
SNORA1,0.0
SNORA1,0.0
SNORA1,0.0
SNORA1,0.0
SNORA1,0.0
SNORA10,0.0
SNORA11,0.0
SNORA11,0.0
SNORA11,0.0
SNORA11,0.0
SNORA11,0.0
SNORA11,0.0
SNORA11,0.0
SNORA11B,0.0
SNORA11C,0.0
SNORA11D,0.0
SNORA11E,0.0
SNORA11E,0.0
SNORA12,0.0
SNORA12,0.0
SNORA12,0.0
SNORA13,0.0
SNORA14,0.0
SNORA14A,0.0
SNORA14A,0.0
SNORA14B,0.0
SNORA15,0.0
SNORA15,0.0
SNORA15,0.0
SNORA15,0.0
SNORA15,0.0
SNORA15,0.0
SNORA16,0.0
SNORA16,0.0
SNORA16B,0.0
SNORA17,0.0
SNORA17,0.0
SNORA18,0.0
SNORA18,1.7271797157291466
SNORA18,0.0
SNORA18,0.0
SNORA18,0.0
SNORA18,0.0
SNORA18,0.0
SNORA18,0.0
SNORA18,0.0
SNORA19,0.4127178969233909
SNORA19,0.0
SNORA19,0.0
SNORA19,0.0
SNORA2,0.0
SNORA2,0.0
SNORA2,0.0
SNORA20,0.0
SNORA20,0.0
SNORA20,0.0
SNORA20,0.0
SNORA20,0.0
SNORA21,0.0
SNORA21,0.0
SNORA22,0.0
SNORA22,0.0
SNORA22,0.0
SNORA22,0.0
SNORA22,0.0
SNORA23,0.0
SNORA24,0.0
SNORA24,0.0
SNORA25,0.0
SNORA25,0.0
SNORA25,0.0
SNORA25,0.0
SNORA25,0.0
SNORA25,0.0
SNORA25,0.0
SNORA25,0.0
SNORA25,0.0
SNORA25,0.0
SNORA25,0.0
SNORA25,0.0
SNORA25,0.0
SNORA25,0.0
SNORA25,0.0
SNORA25,0.0
SNORA25,0.0
SNORA25,0.0
SNORA25,0.0
SNORA25,0.0
SNORA26,0.0
SNORA26,0.0
SNORA26,0.0
SNORA26,0.0
SNORA26,0.0
SNORA26,0.0
SNORA26,0.0
SNORA26,0.0
SNORA26,0.0
SNORA26,0.0
SNORA26,0.0
SNORA26,0.0
SNORA27,0.0
SNORA27,0.0
SNORA27,0.0
SNORA27,0.0
SNORA27,0.0
SNORA28,0.0
SNORA29,0.0
SNORA2A,0.0
SNORA2B,0.0
SNORA3,1.0219824427879696
SNORA3,0.0
SNORA3,0.0
SNORA3,0.0
SNORA3,0.0
SNORA3,0.0
SNORA30,0.0
SNORA30,0.0
SNORA30,0.0
SNORA31,0.0
SNORA31,0.0
SNORA31,0.0
SNORA31,0.0
SNORA31,0.0
SNORA31,0.0
SNORA31,0.0
SNORA31,0.0
SNORA31,0.0
SNORA31,0.0
SNORA31,0.0
SNORA31,0.0
SNORA31,0.0
SNORA31,0.0
SNORA31,0.0
SNORA31,0.0
SNORA31,1.266040025979822
SNORA31,0.0
SNORA31,0.0
SNORA31,0.0
SNORA31,0.0
SNORA31,0.0
SNORA31,0.0
SNORA31,0.0
SNORA31,0.0
SNORA31,0.0
SNORA31,0.0
SNORA32,0.0
SNORA32,0.0
SNORA32,0.0
SNORA32,0.0
SNORA33,0.0
SNORA33,0.0
SNORA33,0.0
SNORA33,1.6258250518828512
SNORA34,0.0
SNORA35,0.0
SNORA35,0.0
SNORA35,0.0
SNORA35,0.0
SNORA35,0.0
SNORA36,0.0
SNORA36,0.0
SNORA36A,0.0
SNORA36A,0.0
SNORA36B,0.0
SNORA36C,0.0
SNORA37,0.0
SNORA38,0.0
SNORA38,0.0
SNORA38,0.0
SNORA38,0.0
SNORA38,0.0
SNORA38,0.0
SNORA38,0.0
SNORA38,0.0
SNORA38B,0.0
SNORA4,0.0
SNORA4,0.0
SNORA4,0.0
SNORA4,0.0
SNORA4,0.0
SNORA40,0.0
SNORA40,0.0
SNORA40,0.0
SNORA40,0.0
SNORA40,0.0
SNORA40,0.0
SNORA40,0.0
SNORA40,0.0
SNORA40,0.0
SNORA40,0.0
SNORA40,0.0
SNORA40,0.0
SNORA40,0.0
SNORA40,0.0
SNORA40,0.0
SNORA40,0.0
SNORA40,0.0
SNORA40,0.0
SNORA40,0.0
SNORA40,0.0
SNORA40,0.0
SNORA40,0.0
SNORA41,0.0
SNORA41,0.0
SNORA42,0.0
SNORA42,0.0
SNORA42,0.0
SNORA42,0.0
SNORA42,0.0
SNORA43,0.0
SNORA43,0.0
SNORA43,0.0
SNORA43,0.0
SNORA43,0.0
SNORA44,0.0
SNORA45,0.0
SNORA46,0.0
SNORA46,0.0
SNORA47,0.0
SNORA48,0.0
SNORA48,0.0
SNORA48,0.0
SNORA48,0.0
SNORA48,0.0
SNORA48,0.0
SNORA48,0.0
SNORA48,0.0
SNORA48,0.0
SNORA48,0.0
SNORA48,0.0
SNORA48,0.0
SNORA48,0.0
SNORA48,0.0
SNORA48,0.0
SNORA48,0.0
SNORA48,0.0
SNORA48,0.0
SNORA48,0.0
SNORA48,0.0
SNORA48,0.0
SNORA49,0.0
SNORA5,0.0
SNORA50,0.0
SNORA50,0.0
SNORA51,0.0
SNORA51,0.0
SNORA51,0.0
SNORA51,0.0
SNORA51,0.0
SNORA51,0.0
SNORA51,0.0
SNORA51,0.0
SNORA51,0.0
SNORA51,0.0
SNORA51,0.0
SNORA51,0.0
SNORA51,0.0
SNORA52,0.0
SNORA53,0.0
SNORA54,0.0
SNORA55,0.0
SNORA56,0.0
SNORA56,0.0
SNORA57,0.0
SNORA57,0.0
SNORA57,0.0
SNORA57,0.0
SNORA58,0.0
SNORA58,0.0
SNORA58,0.0
SNORA59A,0.0
SNORA59B,0.0
SNORA5A,0.0
SNORA5B,0.0
SNORA5C,0.0
SNORA6,0.0
SNORA60,0.0
SNORA62,0.0
SNORA62,0.0
SNORA62,0.0
SNORA62,0.0
SNORA62,0.0
SNORA62,0.0
SNORA62,0.0
SNORA63,0.0
SNORA63,0.0
SNORA63,0.0
SNORA63,0.0
SNORA63,0.0
SNORA63,0.0
SNORA63,0.0
SNORA63,0.0
SNORA63,0.0
SNORA63,0.0
SNORA63,0.0
SNORA63,0.0
SNORA63,0.0
SNORA64,0.0
SNORA64,0.0
SNORA64,0.0
SNORA64,0.0
SNORA64,0.0
SNORA64,0.0
SNORA64,0.0
SNORA65,0.0
SNORA66,0.0
SNORA66,0.0
SNORA67,0.0
SNORA67,0.0
SNORA67,0.0
SNORA67,0.0
SNORA67,0.0
SNORA67,0.0
SNORA67,0.0
SNORA67,0.0
SNORA68,0.0
SNORA68,0.0
SNORA68,0.0
SNORA68,0.0
SNORA68,0.0
SNORA68,0.0
SNORA69,0.0
SNORA69,0.0
SNORA7,0.0
SNORA7,0.0
SNORA7,0.0
SNORA7,0.0
SNORA7,0.0
SNORA70,0.0
SNORA70,0.0
SNORA70,0.0
SNORA70,0.0
SNORA70,0.0
SNORA70,0.0
SNORA70,0.0
SNORA70,0.0
SNORA70,0.0
SNORA70,0.0
SNORA70,0.0
SNORA70,0.0
SNORA70,0.0
SNORA70,0.0
SNORA70,0.0
SNORA70,0.0
SNORA70,0.0
SNORA70,0.0
SNORA70,0.0
SNORA70,0.0
SNORA70,0.0
SNORA70,0.0
SNORA70,0.0
SNORA70,0.0
SNORA70,0.0
SNORA70,0.0
SNORA70,0.0
SNORA70,0.0
SNORA70,0.0
SNORA70,0.0
SNORA70,0.0
SNORA70,0.0
SNORA70B,0.0
SNORA70C,0.0
SNORA70D,0.0
SNORA70E,0.0
SNORA70F,0.0
SNORA70G,0.0
SNORA71,0.0
SNORA71,0.0
SNORA71A,0.0
SNORA71B,0.0
SNORA71C,0.0
SNORA71D,0.0
SNORA72,0.0
SNORA72,0.0
SNORA72,0.0
SNORA72,0.0
SNORA72,0.0
SNORA72,0.0
SNORA72,1.5454363124656982
SNORA72,0.0
SNORA73,0.0
SNORA73,0.0
SNORA73,0.0
SNORA73,0.0
SNORA73,0.0
SNORA73,0.0
SNORA73,0.0
SNORA73B,0.0
SNORA74,0.0
SNORA74,0.0
SNORA74,0.0
SNORA74,0.0
SNORA74,0.0
SNORA74,0.0
SNORA74,0.0
SNORA74,0.0
SNORA74,0.0
SNORA74A,0.0
SNORA74B,0.0
SNORA75,0.0
SNORA75,0.0
SNORA75,0.0
SNORA75,0.0
SNORA75,0.0
SNORA75,0.0
SNORA75,0.0
SNORA75,0.0
SNORA76,0.0
SNORA76,0.0
SNORA76,0.0
SNORA76,0.0
SNORA77,0.0
SNORA77,0.0
SNORA77,0.0
SNORA77,0.0
SNORA77,0.0
SNORA79,0.0
SNORA79,0.0
SNORA7A,0.0
SNORA7B,0.0
SNORA8,0.0
SNORA8,0.0
SNORA8,0.0
SNORA8,0.0
SNORA8,0.0
SNORA80,0.0
SNORA80B,0.0
SNORA81,0.0
SNORA81,0.0
SNORA81,0.0
SNORA81,0.0
SNORA84,0.0
SNORA9,0.0
SNORA9,0.0
SNORA9,0.0
SNORA9,0.0
SNORD10,0.0
SNORD100,1.693632285926403
SNORD101,0.0
SNORD102,0.0
SNORD103A,0.0
SNORD103B,0.0
SNORD104,0.0
SNORD105,0.0
SNORD105B,0.0
SNORD108,0.0
SNORD109A,0.0
SNORD109B,0.0
SNORD11,0.0
SNORD11,0.0
SNORD110,0.0
SNORD111,0.0
SNORD111,0.0
SNORD111B,0.0
SNORD112,0.0
SNORD112,0.0
SNORD112,0.0
SNORD112,0.0
SNORD112,0.0
SNORD112,0.0
SNORD112,0.0
SNORD112,0.0
SNORD112,0.0
SNORD112,0.0
SNORD112,0.0
SNORD112,0.0
SNORD112,0.0
SNORD112,0.0
SNORD112,0.0
SNORD112,0.0
SNORD112,0.0
SNORD112,0.0
SNORD112,0.0
SNORD112,0.0
SNORD112,0.0
SNORD112,0.0
SNORD112,0.0
SNORD112,0.0
SNORD112,0.0
SNORD112,0.0
SNORD112,0.0
SNORD112,0.0
SNORD112,0.0
SNORD112,0.0
SNORD112,0.0
SNORD112,0.0
SNORD112,0.0
SNORD112,0.0
SNORD112,0.0
SNORD112,0.0
SNORD112,0.0
SNORD112,0.0
SNORD112,0.0
SNORD112,0.0
SNORD112,0.0
SNORD112,0.0
SNORD112,0.0
SNORD112,0.0
SNORD112,0.0
SNORD112,0.0
SNORD112,0.0
SNORD112,0.0
SNORD112,0.0
SNORD112,0.0
SNORD113,0.0
SNORD113,0.0
SNORD113,1.4933759616707991
SNORD113,0.0
SNORD113,0.0
SNORD113,0.0
SNORD113-1,0.0
SNORD113-2,0.0
SNORD113-3,0.0
SNORD113-4,0.0
SNORD113-5,0.0
SNORD113-6,0.0
SNORD113-7,0.0
SNORD113-8,0.0
SNORD113-9,0.0
SNORD114-1,0.0
SNORD114-10,0.0
SNORD114-11,0.0
SNORD114-12,0.0
SNORD114-13,0.0
SNORD114-14,0.0
SNORD114-15,0.0
SNORD114-16,0.0
SNORD114-17,0.0
SNORD114-18,0.0
SNORD114-19,0.0
SNORD114-2,0.0
SNORD114-20,0.0
SNORD114-21,0.0
SNORD114-22,0.0
SNORD114-23,0.0
SNORD114-24,0.0
SNORD114-25,0.0
SNORD114-26,0.0
SNORD114-27,0.0
SNORD114-28,0.0
SNORD114-29,0.0
SNORD114-3,0.0
SNORD114-30,0.0
SNORD114-31,0.0
SNORD114-4,0.0
SNORD114-5,0.0
SNORD114-6,1.1364750726028654
SNORD114-7,0.0
SNORD114-9,0.0
SNORD115,0.0
SNORD115,0.0
SNORD115-1,0.0
SNORD115-10,0.0
SNORD115-11,0.0
SNORD115-12,0.0
SNORD115-14,0.0
SNORD115-15,0.0
SNORD115-16,0.0
SNORD115-17,0.0
SNORD115-18,0.0
SNORD115-19,0.0
SNORD115-2,0.0
SNORD115-20,0.0
SNORD115-21,0.0
SNORD115-22,0.0
SNORD115-23,0.0
SNORD115-24,0.0
SNORD115-25,0.0
SNORD115-27,0.0
SNORD115-28,0.0
SNORD115-29,0.0
SNORD115-3,0.0
SNORD115-30,0.0
SNORD115-31,0.0
SNORD115-32,0.0
SNORD115-33,0.0
SNORD115-34,0.0
SNORD115-35,0.0
SNORD115-36,0.0
SNORD115-37,0.0
SNORD115-38,0.0
SNORD115-39,0.0
SNORD115-4,0.0
SNORD115-40,0.0
SNORD115-41,0.0
SNORD115-42,0.0
SNORD115-43,0.0
SNORD115-44,0.0
SNORD115-45,0.0
SNORD115-47,0.0
SNORD115-48,0.0
SNORD115-5,0.0
SNORD115-6,0.0
SNORD115-8,0.0
SNORD115-9,0.0
SNORD116,0.0
SNORD116,0.0
SNORD116,0.0
SNORD116-1,0.0
SNORD116-10,0.0
SNORD116-11,0.0
SNORD116-12,0.0
SNORD116-13,0.0
SNORD116-14,0.0
SNORD116-15,0.0
SNORD116-16,0.0
SNORD116-17,0.0
SNORD116-18,0.0
SNORD116-19,0.0
SNORD116-2,0.0
SNORD116-20,0.5288907918624668
SNORD116-23,0.0
SNORD116-24,0.0
SNORD116-25,0.6204550963106681
SNORD116-26,0.0
SNORD116-27,0.0
SNORD116-29,0.0
SNORD116-3,0.0
SNORD116-30,0.0
SNORD116-5,0.0
SNORD116-6,0.0
SNORD116-7,0.8164310788769841
SNORD116-8,0.0
SNORD116-9,0.0
SNORD117,0.0
SNORD118,0.0
SNORD119,0.0
SNORD11B,0.0
SNORD12,0.0
SNORD121A,0.0
SNORD121B,0.0
SNORD123,0.0
SNORD124,0.0
SNORD125,0.0
SNORD126,0.0
SNORD127,0.0
SNORD12B,0.0
SNORD12C,0.0
SNORD13,0.0
SNORD14,1.2843206418841475
SNORD14A,0.0
SNORD14B,0.0
SNORD14C,0.0
SNORD14D,0.0
SNORD14E,2.0876739547681398
SNORD15A,0.0
SNORD15B,0.0
SNORD16,0.0
SNORD17,0.0
SNORD18,0.0
SNORD18,0.0
SNORD18A,0.0
SNORD18B,0.0
SNORD18C,0.0
SNORD19,0.0
SNORD19,0.0
SNORD19B,0.0
SNORD19B,0.0
SNORD1B,0.0
SNORD2,0.0
SNORD2,0.0
SNORD20,0.0
SNORD21,0.0
SNORD22,0.0
SNORD23,0.0
SNORD23,0.0
SNORD24,0.0
SNORD24,0.0
SNORD27,0.0
SNORD27,0.0
SNORD28,0.0
SNORD28,0.0
SNORD29,0.0
SNORD30,0.0
SNORD30,0.0
SNORD31,0.0
SNORD32A,0.0
SNORD32B,0.0
SNORD33,0.0
SNORD33,0.0
SNORD33,0.0
SNORD33,0.0
SNORD33,0.0
SNORD33,0.0
SNORD33,0.0
SNORD33,0.0
SNORD34,0.0
SNORD35A,0.0
SNORD35B,0.0
SNORD36,0.0
SNORD36,0.0
SNORD36,0.0
SNORD36,0.0
SNORD36,0.0
SNORD36,0.0
SNORD36,0.0
SNORD36A,0.0
SNORD36B,0.0
SNORD36C,0.0
SNORD37,0.0
SNORD37,0.0
SNORD37,0.0
SNORD38,0.0
SNORD38,0.0
SNORD38,0.0
SNORD38,0.0
SNORD38,0.0
SNORD38A,0.0
SNORD38B,0.0
SNORD39,0.0
SNORD39,0.0
SNORD39,0.0
SNORD3A,0.0
SNORD3B-1,0.0
SNORD3B-2,0.0
SNORD3C,0.0
SNORD3D,0.0
SNORD41,0.0
SNORD41,0.0
SNORD42,0.0
SNORD42,0.0
SNORD42A,0.0
SNORD42B,0.0
SNORD43,0.0
SNORD43,0.0
SNORD44,0.0
SNORD45,0.0
SNORD45,0.0
SNORD45,0.0
SNORD45,0.0
SNORD45,0.0
SNORD45A,0.0
SNORD45B,0.0
SNORD45C,0.0
SNORD46,0.0
SNORD46,0.0
SNORD46,0.0
SNORD48,0.0
SNORD48,0.0
SNORD48,0.0
SNORD48,0.0
SNORD48,0.0
SNORD4A,0.0
SNORD4B,0.0
SNORD5,0.0
SNORD5,0.0
SNORD5,0.0
SNORD50,0.0
SNORD50,0.0
SNORD51,0.0
SNORD51,0.0
SNORD52,0.0
SNORD52,0.0
SNORD52,0.0
SNORD52,0.0
SNORD52,0.0
SNORD53,0.0
SNORD53_SNORD92,0.0
SNORD54,0.0
SNORD55,0.0
SNORD56,0.0
SNORD56,0.0
SNORD56,0.0
SNORD56,0.0
SNORD56,0.0
SNORD56,0.0
SNORD56,0.0
SNORD56B,0.0
SNORD57,0.0
SNORD58,0.0
SNORD58A,0.0
SNORD58B,0.0
SNORD58C,0.0
SNORD59,0.0
SNORD59,0.0
SNORD59A,0.0
SNORD6,0.0
SNORD60,0.0
SNORD60,0.0
SNORD60,0.0
SNORD60,0.0
SNORD61,0.0
SNORD61,0.0
SNORD62,0.0
SNORD62A,0.0
SNORD62B,0.0
SNORD63,0.0
SNORD63,1.4821708087520635
SNORD63,0.0
SNORD63,0.0
SNORD64,0.0
SNORD64,0.0
SNORD65,0.0
SNORD65,0.0
SNORD65,0.0
SNORD65,0.0
SNORD66,0.0
SNORD66,0.0
SNORD67,0.0
SNORD67,0.0
SNORD68,0.0
SNORD69,0.0
SNORD7,0.0
SNORD70,0.0
SNORD70,0.0
SNORD71,0.0
SNORD72,0.0
SNORD73,0.0
SNORD73A,0.0
SNORD74,0.0
SNORD74,0.0
SNORD74,0.0
SNORD74,0.0
SNORD74,0.0
SNORD74,0.0
SNORD74,0.0
SNORD75,0.0
SNORD75,0.0
SNORD77,0.0
SNORD77,0.0
SNORD77,0.0
SNORD77,0.0
SNORD77,0.0
SNORD77,0.0
SNORD78,0.0
SNORD78,0.0
SNORD78,0.0
SNORD79,0.0
SNORD8,0.0
SNORD81,0.0
SNORD81,0.0
SNORD81,0.0
SNORD81,0.0
SNORD82,0.0
SNORD83,0.0
SNORD83,0.0
SNORD83,0.0
SNORD83,0.0
SNORD83,0.0
SNORD83,0.0
SNORD83,0.0
SNORD83,0.0
SNORD83,0.0
SNORD83,0.0
SNORD83,0.0
SNORD83,0.0
SNORD83,0.0
SNORD83,0.0
SNORD83A,0.0
SNORD83B,0.0
SNORD84,0.0
SNORD85,0.0
SNORD86,0.0
SNORD87,0.0
SNORD88,0.0
SNORD88A,0.0
SNORD88B,0.0
SNORD88C,0.0
SNORD89,0.0
SNORD9,0.0
SNORD90,0.0
SNORD91A,0.0
SNORD91B,0.0
SNORD92,0.0
SNORD93,0.0
SNORD94,0.0
SNORD95,0.0
SNORD95,0.0
SNORD96A,0.0
SNORD96B,0.0
SNORD97,0.0
SNORD98,0.0
SNORD99,1.5551393200304595
SNPH,0.0
SNRK,0.4127178969233909
SNRK-AS1,0.0
SNRNP200,2.645477254360429
SNRNP25,0.0
SNRNP27,0.8164310788769841
SNRNP35,1.434214011430753
SNRNP40,1.9496463091932343
SNRNP48,0.9509808635159877
SNRNP70,1.591918701844707
SNRPA,0.0
SNRPA1,0.0
SNRPB,1.1105557679530071
SNRPB2,1.1364750726028654
SNRPBP1,0.0
SNRPC,1.7399052260407448
SNRPD1,1.266040025979822
SNRPD2,0.0
SNRPD2P1,0.0
SNRPD2P2,0.0
SNRPD3,0.0
SNRPE,0.9509808635159877
SNRPEP10,0.0
SNRPEP2,0.0
SNRPEP3,0.0
SNRPEP4,0.0
SNRPEP5,0.0
SNRPEP6,0.0
SNRPEP7,0.0
SNRPEP8,0.0
SNRPEP9,0.0
SNRPF,0.5288907918624668
SNRPFP1,0.0
SNRPFP2,0.0
SNRPFP3,0.0
SNRPFP4,0.0
SNRPG,0.0
SNRPGP1,0.0
SNRPGP10,0.0
SNRPGP11,0.0
SNRPGP12,0.0
SNRPGP13,0.0
SNRPGP14,0.0
SNRPGP2,0.0
SNRPGP3,0.0
SNRPGP4,0.0
SNRPGP5,0.0
SNRPGP6,0.0
SNRPGP7,0.0
SNRPGP8,0.0
SNRPGP9,0.0
SNRPN,1.4213491305518202
SNTA1,1.6175933905056985
SNTB1,0.0
SNTB2,1.1364750726028654
SNTG1,2.321451342363825
SNTG2,0.0
SNTN,0.0
SNUPN,0.9509808635159877
SNURF,0.253644744093139
SNURF,0.0
SNURFL,0.0
SNW1,1.7140700431083098
SNX1,0.5288907918624668
SNX10,0.0
SNX11,1.6496233519400156
SNX12,0.0
SNX13,2.0932684256984704
SNX14,2.1577223471671347
SNX15,0.0
SNX16,1.7929621417944026
SNX17,1.7399052260407448
SNX18,0.0
SNX18P13,0.0
SNX18P14,0.0
SNX18P14,0.0
SNX18P15,0.0
SNX18P16,0.0
SNX18P2,0.0
SNX18P23,0.0
SNX18P24,0.0
SNX18P25,0.0
SNX18P26,0.0
SNX18P27,0.0
SNX18P3,0.0
SNX18P4,0.0
SNX18P5,0.0
SNX18P6,0.0
SNX18P7,0.0
SNX18P8,0.0
SNX18P9,0.0
SNX19,0.0
SNX19P1,0.0
SNX19P2,0.0
SNX19P3,0.0
SNX2,0.0
SNX20,0.0
SNX21,0.0
SNX22,0.6960356275201428
SNX24,2.1096320145730845
SNX25,2.1356048908760363
SNX25P1,0.0
SNX27,1.2469559880685197
SNX29,2.289046713426242
SNX29P1,0.0
SNX29P2,0.0
SNX29P2,0.4127178969233909
SNX2P2,0.0
SNX3,1.9216847941836637
SNX30,0.0
SNX31,0.0
SNX32,0.0
SNX33,0.0
SNX33P1,0.0
SNX3P1X,0.0
SNX4,0.8164310788769841
SNX5,1.0219824427879696
SNX5P1,0.0
SNX6,0.7603920768618123
SNX6P1,0.0
SNX7,0.0
SNX8,0.0
SNX9,0.9509808635159877
SOAT1,2.564305796566545
SOAT2,0.0
SOBP,1.2843206418841475
SOCS1,0.0
SOCS2,1.7073637581471683
SOCS2-AS1,0.0
SOCS2P1,0.0
SOCS2P2,0.0
SOCS3,0.4127178969233909
SOCS4,0.0
SOCS5,0.0
SOCS5P1,0.0
SOCS5P2,0.0
SOCS5P3,0.0
SOCS5P4,0.0
SOCS5P5,0.0
SOCS6,0.0
SOCS7,0.0
SOCS7,0.0
SOD1,1.5551393200304595
SOD1P1,0.0
SOD1P2,0.0
SOD1P3,0.0
SOD2,2.1356048908760363
SOD2P1,0.0
SOD3,0.0
SOGA1,0.6204550963106681
SOGA2,1.380296600302216
SOGA2P1,0.0
SOGA3,0.0
SOGA3,0.0
SOHLH1,0.4127178969233909
SOHLH2,0.0
SON,2.8405627790308987
SORBS1,2.272810230341481
SORBS2,2.155319746361917
SORBS3,0.5288907918624668
SORCS1,0.0
SORCS2,1.5739182395996751
SORCS3,1.3018627585701523
SORCS3-AS1,0.0
SORD,0.0
SORL1,0.4127178969233909
SORT1,2.138118749168065
SOS1,2.588070597828998
SOS1-IT1,0.0
SOS2,2.2323834762232053
SOST,0.0
SOSTDC1,0.0
SOWAHA,0.0
SOWAHB,0.0
SOWAHC,0.0
SOWAHD,0.0
SOX1,0.0
SOX10,0.0
SOX11,0.0
SOX12,0.0
SOX13,0.0
SOX14,0.0
SOX15,0.6960356275201428
SOX17,0.0
SOX18,0.0
SOX2,1.7873770459247007
SOX2-OT,2.934952948363293
SOX21,0.0
SOX21-AS1,0.0
SOX3,0.0
SOX30,0.0
SOX4,1.9937523923170493
SOX5,1.882867521541892
SOX5P,0.0
SOX6,1.9298591741236093
SOX7,0.0
SOX7,0.0
SOX8,0.0
SOX9,2.278290115030305
SP1,1.8198585011625843
SP100,0.0
SP110,0.0
SP140,0.0
SP140L,0.0
SP2,0.0
SP3,1.266040025979822
SP3P,0.0
SP4,0.0
SP5,0.0
SP6,0.0
SP7,0.0
SP8,0.0
SP9,0.0
SPA17,0.0
SPA17P1,0.0
SPACA1,0.0
SPACA3,0.0
SPACA4,0.0
SPACA5,0.0
SPACA5,0.0
SPACA5B,0.0
SPACA5B,0.0
SPACA7,0.0
SPAG1,0.9879310210915638
SPAG11A,0.0
SPAG11B,0.0
SPAG16,2.033789239579625
SPAG17,1.60064667142076
SPAG4,0.0
SPAG5,0.0
SPAG5-AS1,1.825043511578913
SPAG6,0.0
SPAG7,0.0
SPAG8,0.0
SPAG9,2.591613993984935
SPAM1,0.0
SPANXA1,0.0
SPANXA1,0.0
SPANXA2,0.0
SPANXA2,0.0
SPANXA2-OT1,0.0
SPANXB1,0.0
SPANXB1,0.0
SPANXB2,0.0
SPANXC,0.0
SPANXC,0.0
SPANXD,0.0
SPANXD,0.0
SPANXN1,0.0
SPANXN1,0.0
SPANXN2,0.0
SPANXN2,0.0
SPANXN3,0.0
SPANXN3,0.0
SPANXN4,0.0
SPANXN5,0.0
SPANXN5,0.0
SPARC,0.0
SPARCL1,4.072233698609534
SPAST,1.917539173272604
SPATA1,0.0
SPATA12,0.0
SPATA13,0.0
SPATA13-AS1,0.0
SPATA16,0.0
SPATA17,0.0
SPATA18,0.0
SPATA19,0.0
SPATA2,0.0
SPATA20,0.253644744093139
SPATA20P1,0.0
SPATA21,0.0
SPATA22,0.0
SPATA24,0.0
SPATA25,0.0
SPATA2L,0.0
SPATA2P1,0.0
SPATA3,0.0
SPATA31A1,0.0
SPATA31A2,0.0
SPATA31A3,0.0
SPATA31A4,0.0
SPATA31A5,0.0
SPATA31A6,0.0
SPATA31A7,0.0
SPATA31B1,0.0
SPATA31C1,0.0
SPATA31C2,0.0
SPATA31D1,0.0
SPATA31D2P,0.0
SPATA31D3,0.0
SPATA31D4,0.0
SPATA31D5P,0.0
SPATA31E1,0.0
SPATA31E2P,0.0
SPATA31E3P,0.0
SPATA32,0.0
SPATA33,0.0
SPATA4,0.0
SPATA41,0.0
SPATA42,0.0
SPATA5,0.0
SPATA5L1,0.0
SPATA6,0.0
SPATA6L,0.0
SPATA7,0.253644744093139
SPATA8,0.0
SPATA8-AS1,0.0
SPATA9,0.0
SPATC1,0.0
SPATC1,0.0
SPATC1L,0.0
SPATS1,0.0
SPATS2,0.0
SPATS2L,0.0
SPC24,0.0
SPC25,0.0
SPC25,0.0
SPCS1,2.076264058037105
SPCS2,1.514954562424701
SPCS2P1,0.0
SPCS2P3,0.0
SPCS2P4,0.5288907918624668
SPCS3,0.0
SPDEF,0.0
SPDL1,2.400835063859974
SPDYA,1.525354679322857
SPDYC,0.0
SPDYE1,1.0219824427879696
SPDYE2,0.0
SPDYE2B,0.0
SPDYE3,0.0
SPDYE4,0.0
SPDYE6,0.0
SPDYE6,0.0
SPDYE7P,0.0
SPDYE7P,0.0
SPDYE8P,0.0
SPDYE8P,0.0
SPDYE9P,0.0
SPECC1,2.456035688815971
SPECC1L,0.0
SPECC1L-ADORA2A,0.0
SPEF1,0.0
SPEF2,1.964851508604246
SPEG,0.0
SPEM1,0.0
SPEN,2.148031149513286
SPERT,0.0
SPESP1,0.0
SPG11,1.8549171766299344
SPG20,2.3247258318379904
SPG20OS,0.0
SPG21,0.253644744093139
SPG7,2.359204210403834
SPHAR,0.0
SPHK1,0.0
SPHK2,0.6204550963106681
SPHKAP,0.0
SPI1,0.8164310788769841
SPIB,0.0
SPIC,0.0
SPICE1,1.1105557679530071
SPIDR,0.0
SPIN1,2.334403722386896
SPIN2A,0.6960356275201428
SPIN2B,1.900549254498717
SPIN3,0.0
SPIN4,0.0
SPIN4,0.0
SPIN4-AS1,0.0
SPIN4-AS1,0.0
SPINK1,0.0
SPINK13,0.0
SPINK14,0.0
SPINK2,0.0
SPINK4,0.0
SPINK5,2.203177694386906
SPINK6,0.0
SPINK7,0.0
SPINK8,0.0
SPINK9,0.0
SPINT1,0.0
SPINT2,0.0
SPINT3,0.0
SPINT4,0.0
SPINT5P,0.0
SPIRE1,0.7603920768618123
SPIRE2,1.3506004547184218
SPN,0.0
SPNS1,0.7603920768618123
SPNS2,0.0
SPNS3,0.0
SPO11,0.0
SPOCD1,0.0
SPOCK1,2.4851735166372078
SPOCK2,0.0
SPOCK3,0.0
SPON1,0.0
SPON1,0.0
SPON2,0.0
SPOP,1.900549254498717
SPOPL,0.0
SPP1,0.0
SPP2,0.0
SPPL2A,0.0
SPPL2B,1.6339035873850103
SPPL2C,0.0
SPPL3,0.253644744093139
SPR,0.0
SPRED1,0.5288907918624668
SPRED2,0.0
SPRED3,0.0
SPRN,0.0
SPRR1A,0.0
SPRR1B,0.0
SPRR2A,0.0
SPRR2B,0.0
SPRR2C,0.0
SPRR2D,0.0
SPRR2E,0.0
SPRR2F,0.0
SPRR2G,0.0
SPRR3,0.0
SPRR4,0.0
SPRTN,0.0
SPRY1,0.0
SPRY2,2.4425685170000646
SPRY3,0.0
SPRY3,0.0
SPRY4,0.0
SPRYD3,0.0
SPRYD4,0.0
SPRYD7,0.0
SPSB1,0.0
SPSB2,0.0
SPSB2,0.0
SPSB3,0.0
SPSB4,0.0
SPTA1,0.0
SPTAN1,2.363700663802598
SPTB,0.0
SPTBN1,3.1994185366808923
SPTBN2,0.0
SPTBN4,1.6794524383704983
SPTBN5,0.6204550963106681
SPTLC1,0.0
SPTLC1P1,0.0
SPTLC1P2,0.0
SPTLC1P3,0.0
SPTLC1P4,0.0
SPTLC1P5,0.0
SPTLC2,0.0
SPTLC3,0.0
SPTSSA,0.0
SPTSSB,0.0
SPTY2D1,0.0
SPTY2D1-AS1,0.0
SPZ1,0.0
SQLE,2.007512212023229
SQRDL,0.0
SQSTM1,1.7206743438370773
SQSTM1P1,0.0
SRA1,0.0
SRBD1,1.4213491305518202
SRC,0.0
SRCAP,1.408091496025075
SRCIN1,0.0
SRCRB4D,0.0
SRD5A1,0.0
SRD5A1P1,0.0
SRD5A2,0.0
SRD5A3,0.0
SRD5A3-AS1,0.0
SREBF1,1.686600231622561
SREBF2,1.0219824427879696
SREK1,2.4714310702065982
SREK1IP1,0.6204550963106681
SRF,0.0
SRFBP1,1.6794524383704983
SRGAP1,2.2908138602417827
SRGAP2,0.0
SRGAP2,0.0
SRGAP2-AS1,0.0
SRGAP2-AS1,0.0
SRGAP2B,0.0
SRGAP2B,0.0
SRGAP2C,0.0
SRGAP2C,0.0
SRGAP2D,0.0
SRGAP3,1.6794524383704983
SRGAP3-AS1,0.0
SRGAP3-AS2,0.0
SRGAP3-AS3,0.0
SRGAP3-AS4,0.0
SRGN,0.4127178969233909
SRGNP1,0.0
SRI,2.420897766938723
SRIP1,0.0
SRIP2,0.0
SRIP3,0.0
SRL,0.0
SRM,0.0
SRMP1,0.0
SRMP2,1.2843206418841475
SRMS,0.0
SRP14,2.674126053366748
SRP14-AS1,1.4933759616707991
SRP19,1.1364750726028654
SRP54,0.0
SRP68,0.4127178969233909
SRP68P1,0.0
SRP68P2,0.0
SRP68P3,0.0
SRP72,0.866058549240148
SRP72P1,0.0
SRP72P2,0.0
SRP9,2.19003355152204
SRP9P1,0.6960356275201428
SRPK1,0.8164310788769841
SRPK2,2.106947208535701
SRPK3,0.0
SRPK3,0.0
SRPR,0.0
SRPRB,1.2843206418841475
SRPX,0.0
SRPX2,1.4467087411059607
SRR,2.6968669243256898
SRRD,0.0
SRRM1,2.385510052189798
SRRM1P2,0.0
SRRM1P3,0.5288907918624668
SRRM2,2.0932684256984704
SRRM2-AS1,0.0
SRRM3,0.0
SRRM3,0.0
SRRM4,0.6960356275201428
SRRM5,0.0
SRRT,1.8451858371752416
SRSF1,0.0
SRSF10,0.866058549240148
SRSF10,1.5739182395996751
SRSF10P1,0.0
SRSF11,2.460831119301725
SRSF12,0.0
SRSF1P1,0.0
SRSF2,1.6794524383704983
SRSF3,3.0539221880342504
SRSF4,1.9795423135776309
SRSF5,2.6304115076155083
SRSF6,2.9240115393369037
SRSF7,3.0644436891079208
SRSF8,0.0
SRSF8,0.0
SRSF9,0.0
SRSF9P1,0.0
SRXN1,0.0
SRY,0.0
SS18,0.4127178969233909
SS18L1,0.0
SS18L2,2.5994824867161643
SS18L2P1,0.0
SS18L2P2,0.0
SSB,2.368151039973088
SSBP1,0.0
SSBP2,1.7929621417944026
SSBP3,0.0
SSBP3-AS1,0.0
SSBP4,0.0
SSC5D,0.0
SSFA2,0.6960356275201428
SSH1,0.7603920768618123
SSH2,0.253644744093139
SSH3,0.4127178969233909
SSMEM1,0.0
SSNA1,0.0
SSPN,2.396708858117349
SSPO,1.6258250518828512
SSR1,0.9105921305334987
SSR1P1,0.0
SSR1P2,0.0
SSR2,0.253644744093139
SSR3,2.460831119301725
SSR4,0.0
SSR4,0.0
SSR4P1,0.0
SSRP1,0.0
SSSCA1,1.2843206418841475
SSSCA1-AS1,0.0
SST,1.591918701844707
SSTR1,0.0
SSTR2,0.6960356275201428
SSTR3,0.0
SSTR4,0.0
SSTR5,0.0
SSTR5-AS1,0.0
SSU72,0.0
SSU72P1,0.0
SSU72P1,0.0
SSU72P2,0.0
SSU72P3,0.0
SSU72P4,0.0
SSU72P5,0.0
SSU72P6,0.0
SSU72P7,0.0
SSU72P8,0.0
SSUH2,0.253644744093139
SSX1,0.0
SSX1,0.0
SSX2,0.0
SSX2,0.0
SSX2,0.0
SSX2B,0.0
SSX2IP,0.0
SSX3,0.0
SSX3,0.0
SSX4,0.0
SSX4,0.0
SSX4,0.0
SSX4B,0.0
SSX5,0.0
SSX5,0.0
SSX6,0.0
SSX6,0.0
SSX7,0.0
SSX7,0.0
SSX8,0.0
SSX8,0.0
SSX9,0.0
SSX9,0.0
SSXP1,0.0
SSXP1,0.0
SSXP10,0.0
SSXP3,0.0
SSXP3,0.0
SSXP4,0.0
SSXP4,0.0
SSXP5,0.0
SSXP5,0.0
SSXP9,0.0
SSXP9,0.0
ST13,1.8301673481627088
ST13P10,0.253644744093139
ST13P11,0.0
ST13P11,0.0
ST13P12,0.0
ST13P13,0.253644744093139
ST13P14,0.0
ST13P15,0.0
ST13P16,0.0
ST13P18,0.0
ST13P19,0.0
ST13P2,0.0
ST13P20,0.0
ST13P21,0.0
ST13P3,0.0
ST13P4,0.253644744093139
ST13P5,0.0
ST13P6,0.0
ST14,0.0
ST18,0.0
ST20,0.0
ST20-MTHFS,0.0
ST3GAL1,0.0
ST3GAL1P1,0.0
ST3GAL2,0.0
ST3GAL3,0.0
ST3GAL4,0.0
ST3GAL5,0.0
ST3GAL6,0.0
ST3GAL6-AS1,0.0
ST5,1.4821708087520635
ST6GAL1,0.0
ST6GAL2,0.253644744093139
ST6GAL2-IT1,0.0
ST6GALNAC1,0.0
ST6GALNAC2,0.0
ST6GALNAC2P1,0.0
ST6GALNAC3,0.0
ST6GALNAC4,0.253644744093139
ST6GALNAC4P1,0.0
ST6GALNAC5,0.0
ST6GALNAC6,2.010885112023206
ST7,1.5042992690810633
ST7-AS1,0.0
ST7-AS2,1.686600231622561
ST7-OT4,1.7206743438370773
ST7L,0.253644744093139
ST8SIA1,2.1042457017450573
ST8SIA2,0.0
ST8SIA3,0.6204550963106681
ST8SIA4,0.0
ST8SIA5,0.0
ST8SIA6,0.0
ST8SIA6-AS1,0.0
STAB1,0.0
STAB2,0.253644744093139
STAC,0.0
STAC2,0.0
STAC3,0.0
STAG1,0.0
STAG2,2.3181519762410705
STAG3,1.7461308297538636
STAG3L1,1.434214011430753
STAG3L2,1.0829908296976
STAG3L3,2.1096320145730845
STAG3L3,0.5288907918624668
STAG3L4,2.449965965965583
STAG3L5P,0.4127178969233909
STAG3L5P-PVRIG2P-PILRB,0.0
STAM,0.0
STAM,0.0
STAM2,2.2995433191005747
STAMBP,0.0
STAMBPL1,0.0
STAP1,0.0
STAP2,0.0
STAR,0.0
STARD10,0.0
STARD13,0.6204550963106681
STARD13-AS,1.6175933905056985
STARD13-IT1,0.0
STARD3,0.0
STARD3NL,0.0
STARD4,1.525354679322857
STARD4-AS1,0.0
STARD5,0.0
STARD6,0.0
STARD7,1.6339035873850103
STARD8,0.0
STARD9,0.0
STARP1,0.0
STAT1,0.0
STAT2,2.304697993857165
STAT3,2.272810230341481
STAT4,0.0
STAT5A,0.0
STAT5B,0.0
STAT6,0.253644744093139
STATH,0.0
STAU1,1.434214011430753
STAU2,2.6063589943372247
STAU2-AS1,0.0
STC1,0.0
STC2,0.0
STEAP1,0.0
STEAP1B,0.0
STEAP2,2.010885112023206
STEAP2-AS1,0.0
STEAP3,0.0
STEAP3-AS1,0.0
STEAP4,0.0
STH,0.0
STIL,0.0
STIM1,1.4821708087520635
STIM2,0.0
STIP1,0.7603920768618123
STK10,0.0
STK11,0.0
STK11IP,0.0
STK16,0.253644744093139
STK17A,0.0
STK17B,1.1840889676042927
STK19,0.0
STK19,0.0
STK19,0.0
STK19,0.0
STK19,0.0
STK19,0.0
STK19P,0.0
STK19P,0.0
STK19P,0.0
STK19P,0.0
STK24,0.0
STK24-AS1,0.0
STK25,2.2482310165175106
STK3,1.6721850324842915
STK31,0.6204550963106681
STK32A,0.0
STK32B,0.0
STK32C,0.0
STK33,2.50500471137764
STK33P1,0.0
STK35,1.2060714458283772
STK36,2.106947208535701
STK38,0.0
STK38L,1.1840889676042927
STK39,1.3187237340792874
STK4,0.866058549240148
STK4-AS1,0.0
STK40,0.0
STMN1,0.4127178969233909
STMN1P2,0.0
STMN2,0.0
STMN3,1.434214011430753
STMN4,0.0
STMND1,0.0
STOM,2.734640448419029
STOML1,0.0
STOML2,1.825043511578913
STOML3,0.0
STON1,0.0
STON1-GTF2A1L,0.0
STON2,2.7434364516780527
STOX1,2.122812586493364
STOX2,0.0
STPG1,0.0
STPG2,0.0
STPG2-AS1,0.0
STRA13,1.0829908296976
STRA6,0.0
STRA8,0.0
STRADA,1.514954562424701
STRADB,2.0675055056503746
STRADBP1,0.0
STRAP,0.5288907918624668
STRBP,0.253644744093139
STRC,0.0
STRCP1,0.0
STRIP1,2.56147810683489
STRIP2,0.0
STRN,1.5454363124656982
STRN3,2.162488037762603
STRN4,0.0
STS,0.0
STSP1,0.0
STT3A,3.0213923690965574
STT3A-AS1,0.4127178969233909
STT3B,2.323091673214238
STUB1,0.0
STX10,0.0
STX11,0.0
STX12,1.0219824427879696
STX16,1.7399052260407448
STX16-NPEPL1,0.0
STX17,1.917539173272604
STX18,0.0
STX18-AS1,0.0
STX18-IT1,0.0
STX19,0.0
STX1A,0.0
STX1A,0.0
STX1B,0.0
STX2,0.0
STX3,0.0
STX4,0.0
STX5,0.0
STX6,0.866058549240148
STX7,2.644697216063762
STX8,0.0
STXBP1,1.3349544931480026
STXBP2,0.0
STXBP3,1.1609342125054871
STXBP4,0.0
STXBP5,2.5156429210302247
STXBP5-AS1,0.4127178969233909
STXBP5L,0.0
STXBP6,0.0
STYK1,0.0
STYX,0.0
STYXL1,0.0
STYXL1,0.0
SUB1,1.8198585011625843
SUB1P1,0.0
SUB1P2,0.0
SUB1P3,0.0
SUB1P4,0.866058549240148
SUCLA2,0.6960356275201428
SUCLA2-AS1,0.0
SUCLA2P1,0.0
SUCLA2P1,0.0
SUCLA2P1,0.0
SUCLA2P1,0.0
SUCLA2P1,0.0
SUCLA2P1,0.0
SUCLA2P2,0.0
SUCLA2P3,0.0
SUCLG1,0.866058549240148
SUCLG2,0.0
SUCLG2P2,0.0
SUCLG2P4,0.0
SUCNR1,0.0
SUCO,1.8301673481627088
SUDS3,1.9937523923170493
SUDS3P1,0.0
SUFU,1.266040025979822
SUGP1,0.0
SUGP2,0.9105921305334987
SUGT1,0.0
SUGT1P,0.0
SUGT1P2,0.0
SUGT1P3,0.0
SULF1,0.0
SULF2,0.0
SULT1A1,0.253644744093139
SULT1A2,0.0
SULT1A3,0.253644744093139
SULT1A4,0.0
SULT1B1,0.0
SULT1C2,0.0
SULT1C2P1,0.0
SULT1C3,0.0
SULT1C4,2.21383520748566
SULT1D1P,0.0
SULT1E1,0.0
SULT2A1,0.0
SULT2B1,0.0
SULT4A1,0.0
SULT6B1,0.0
SUMF1,1.1364750726028654
SUMF2,1.1105557679530071
SUMO1,2.1356048908760363
SUMO1P1,0.0
SUMO1P2,0.0
SUMO1P3,0.4127178969233909
SUMO1P4,0.0
SUMO2,2.12020827975257
SUMO2P1,0.0
SUMO2P1,0.0
SUMO2P1,0.0
SUMO2P1,0.0
SUMO2P1,0.0
SUMO2P1,0.0
SUMO2P1,0.0
SUMO2P1,0.0
SUMO2P2,0.0
SUMO2P3,0.0
SUMO2P4,0.0
SUMO2P5,0.0
SUMO2P6,0.253644744093139
SUMO2P7,0.0
SUMO2P8,0.0
SUMO3,0.0
SUMO4,0.0
SUN1,0.0
SUN2,0.0
SUN3,0.0
SUN5,0.0
SUOX,0.6960356275201428
SUPT16H,0.253644744093139
SUPT20H,2.09879174565615
SUPT20HL1,0.0
SUPT20HL2,0.0
SUPT3H,0.0
SUPT4H1,0.0
SUPT5H,0.0
SUPT6H,1.9378825323901545
SUPT7L,0.5288907918624668
SUPV3L1,0.253644744093139
SURF1,0.0
SURF1,0.0
SURF2,0.0
SURF2,0.0
SURF4,0.0
SURF4,0.0
SURF6,0.0
SURF6,0.0
SURF6P1,0.0
SUSD1,0.0
SUSD2,0.0
SUSD3,0.0
SUSD4,0.0
SUSD5,0.0
SUV39H1,0.0
SUV39H1,0.0
SUV39H2,0.0
SUV420H1,0.253644744093139
SUV420H2,0.4127178969233909
SUZ12,0.0
SUZ12P,1.564630272110482
SV2A,0.0
SV2A,0.0
SV2B,0.0
SV2C,0.0
SVEP1,0.9509808635159877
SVIL,0.0
SVILP1,0.0
SVIP,0.0
SVOP,0.0
SVOPL,0.0
SWAP70,1.4467087411059607
SWI5,0.0
SWSAP1,0.0
SWT1,0.6960356275201428
SYAP1,1.0535570409588524
SYBU,1.564630272110482
SYCE1,0.0
SYCE1L,0.0
SYCE2,0.0
SYCE3,0.0
SYCN,0.0
SYCP1,0.0
SYCP2,2.1672019996173213
SYCP2L,1.7984763234491472
SYCP3,1.266040025979822
SYDE1,0.253644744093139
SYDE2,0.0
SYF2,0.6960356275201428
SYF2P1,0.0
SYF2P2,0.0
SYK,0.0
SYMPK,0.0
SYN1,0.0
SYN2,0.0
SYN3,0.0
SYNC,0.0
SYNCRIP,0.0
SYNDIG1,0.0
SYNDIG1L,0.0
SYNE1,3.264206329445707
SYNE1-AS1,0.0
SYNE2,0.0
SYNE3,0.0
SYNE4,0.0
SYNGAP1,0.0
SYNGAP1,0.0
SYNGR1,2.4363062427831657
SYNGR2,0.0
SYNGR3,0.0
SYNGR4,0.0
SYNJ1,0.9105921305334987
SYNJ2,0.0
SYNJ2-IT1,0.0
SYNJ2BP,0.253644744093139
SYNJ2BP-COX16,0.0
SYNM,0.253644744093139
SYNPO,0.0
SYNPO2,0.0
SYNPO2L,0.0
SYNPR,2.8614379247129778
SYNPR-AS1,0.0
SYNRG,1.89179836789066
SYP,0.0
SYP,0.0
SYP-AS1,0.0
SYP-AS1,0.0
SYPL1,0.0
SYPL2,0.0
SYS1,0.0
SYS1-DBNDD2,0.0
SYT1,2.1123003250777685
SYT10,0.0
SYT11,2.252104165337004
SYT12,0.253644744093139
SYT13,0.0
SYT14,0.0
SYT15,0.0
SYT15,0.0
SYT16,0.0
SYT17,0.7603920768618123
SYT2,0.0
SYT3,0.0
SYT4,0.0
SYT5,0.0
SYT6,0.0
SYT7,0.0
SYT8,0.0
SYT9,0.0
SYTL1,0.0
SYTL2,2.3114770817288792
SYTL3,0.0
SYTL4,1.6092026860167012
SYTL5,0.0
SYVN1,0.0
SZRD1,0.9105921305334987
SZT2,1.9831386597707368
SZT2-AS1,0.0
T,0.0
TAAR1,0.0
TAAR2,0.0
TAAR3,0.0
TAAR4P,0.0
TAAR5,0.0
TAAR6,0.0
TAAR7P,0.0
TAAR8,0.0
TAAR9,0.0
TAB1,1.8092989910424864
TAB2,0.0
TAB3,0.0
TAB3-AS1,0.0
TAB3-AS2,0.0
TAB3P1,0.0
TAC1,0.0
TAC3,0.5288907918624668
TAC4,0.0
TACC1,1.470668879757139
TACC1P1,0.0
TACC2,1.0219824427879696
TACC3,0.0
TACO1,0.0
TACR1,0.0
TACR2,0.0
TACR3,0.0
TACSTD2,0.0
TADA1,0.0
TADA2A,0.4127178969233909
TADA2B,1.89179836789066
TADA3,1.8352314375814356
TAF1,1.8549171766299344
TAF10,0.9509808635159877
TAF11,0.866058549240148
TAF12,0.0
TAF13,0.0
TAF13P2,0.0
TAF15,0.0
TAF15,0.0
TAF1A,0.0
TAF1B,0.0
TAF1C,0.0
TAF1D,0.0
TAF1L,0.0
TAF2,2.138118749168065
TAF3,0.0
TAF4,0.0
TAF4B,0.253644744093139
TAF5,0.0
TAF5L,0.0
TAF6,0.6204550963106681
TAF6L,0.0
TAF7,1.3187237340792874
TAF7L,0.0
TAF8,0.4127178969233909
TAF9,0.0
TAF9,0.0
TAF9B,0.0
TAF9B,0.0
TAF9BP1,0.0
TAF9BP2,0.0
TAF9P1,0.0
TAF9P2,0.0
TAF9P3,0.0
TAGAP,0.0
TAGLN,0.0
TAGLN2,0.0
TAGLN2P1,0.0
TAGLN3,0.0
TAL1,0.0
TAL2,0.0
TALDO1,0.9509808635159877
TAMM41,0.4127178969233909
TANC1,1.6175933905056985
TANC2,1.3187237340792874
TANGO2,0.0
TANGO6,0.0
TANK,2.393936112729872
TAOK1,2.507153302439437
TAOK2,0.253644744093139
TAOK3,1.9418393023284208
TAP1,0.0
TAP1,0.0
TAP1,0.0
TAP1,0.0
TAP1,0.0
TAP1,0.0
TAP1,0.0
TAP1,0.0
TAP2,0.0
TAP2,0.0
TAP2,0.0
TAP2,0.0
TAP2,0.0
TAP2,0.0
TAP2,0.0
TAP2,0.0
TAP2,0.0
TAPBP,0.0
TAPBP,0.0
TAPBP,0.0
TAPBP,0.0
TAPBP,0.0
TAPBPL,0.0
TAPSAR1,0.0
TAPSAR1,0.0
TAPSAR1,0.0
TAPSAR1,0.0
TAPSAR1,0.0
TAPSAR1,0.0
TAPSAR1,0.0
TAPSAR1,0.0
TAPT1,0.0
TAPT1-AS1,0.253644744093139
TARBP1,0.6204550963106681
TARBP2,0.0
TARDBP,2.490773627726723
TARDBPP1,0.0
TARDBPP2,0.0
TARM1,0.0
TARM1,0.0
TARM1,0.0
TARM1,0.0
TARM1,0.0
TARM1,0.0
TARM1,0.0
TARM1,0.0
TARM1,0.0
TARS,1.900549254498717
TARS2,0.0
TARS2P1,0.0
TARSL2,0.6204550963106681
TAS1R1,0.0
TAS1R2,0.0
TAS1R3,0.0
TAS2R1,2.0305902524630275
TAS2R10,0.0
TAS2R10,0.0
TAS2R10,0.0
TAS2R12,0.0
TAS2R12,0.0
TAS2R12,0.0
TAS2R13,0.0
TAS2R13,0.0
TAS2R13,0.0
TAS2R14,0.0
TAS2R14,0.0
TAS2R14,0.0
TAS2R15,0.0
TAS2R15,0.0
TAS2R15,0.0
TAS2R16,0.0
TAS2R18,0.0
TAS2R18,0.0
TAS2R18,0.0
TAS2R19,0.0
TAS2R19,0.0
TAS2R19,0.0
TAS2R20,0.0
TAS2R20,0.0
TAS2R20,0.0
TAS2R2P,0.0
TAS2R3,0.0
TAS2R30,0.0
TAS2R30,0.0
TAS2R30,0.0
TAS2R31,0.0
TAS2R31,0.0
TAS2R31,0.0
TAS2R38,0.0
TAS2R38,0.0
TAS2R39,0.0
TAS2R4,0.0
TAS2R40,0.0
TAS2R41,0.0
TAS2R42,0.0
TAS2R43,0.0
TAS2R43,0.0
TAS2R46,0.0
TAS2R46,0.0
TAS2R46,0.0
TAS2R5,0.0
TAS2R50,0.0
TAS2R50,0.0
TAS2R50,0.0
TAS2R6,0.0
TAS2R60,0.0
TAS2R62P,0.0
TAS2R63P,0.0
TAS2R63P,0.0
TAS2R63P,0.0
TAS2R64P,0.0
TAS2R64P,0.0
TAS2R67P,0.0
TAS2R7,0.0
TAS2R7,0.0
TAS2R7,0.0
TAS2R8,0.0
TAS2R8,0.0
TAS2R8,0.0
TAS2R9,0.0
TAS2R9,0.0
TAS2R9,0.0
TASP1,0.0
TAT,0.0
TATDN1,0.8164310788769841
TATDN1P1,0.253644744093139
TATDN2,0.0
TATDN2P1,0.4127178969233909
TATDN2P2,0.0
TATDN2P3,0.0
TATDN3,0.0
TAX1BP1,2.1096320145730845
TAX1BP3,0.0
TAZ,0.0
TAZ,0.0
TBATA,0.0
TBC1D1,0.8164310788769841
TBC1D10A,0.0
TBC1D10B,1.3349544931480026
TBC1D10C,0.0
TBC1D12,1.3506004547184218
TBC1D13,1.9937523923170493
TBC1D14,0.0
TBC1D15,2.478356647944928
TBC1D16,1.3349544931480026
TBC1D17,1.7461308297538636
TBC1D19,0.9105921305334987
TBC1D2,0.0
TBC1D20,1.514954562424701
TBC1D21,0.0
TBC1D22A,1.0829908296976
TBC1D22B,0.0
TBC1D23,1.408091496025075
TBC1D24,0.6960356275201428
TBC1D25,0.0
TBC1D25,0.0
TBC1D26,0.0
TBC1D27,0.0
TBC1D28,0.0
TBC1D29,0.0
TBC1D2B,0.6960356275201428
TBC1D3,0.0
TBC1D3,0.0
TBC1D30,0.0
TBC1D31,0.6204550963106681
TBC1D32,0.0
TBC1D3B,0.0
TBC1D3B,0.0
TBC1D3C,0.0
TBC1D3F,0.0
TBC1D3G,0.0
TBC1D3G,0.0
TBC1D3H,0.0
TBC1D3P1,0.0
TBC1D3P1-DHX40P1,0.0
TBC1D3P2,0.0
TBC1D3P3,0.0
TBC1D3P4,0.0
TBC1D3P5,0.0
TBC1D3P6,0.0
TBC1D3P7,0.0
TBC1D3P7,0.0
TBC1D4,0.9509808635159877
TBC1D4-AS1,0.0
TBC1D5,0.0
TBC1D7,0.0
TBC1D8,0.6960356275201428
TBC1D8B,0.0
TBC1D9,0.9509808635159877
TBC1D9B,2.2837017157830157
TBCA,2.082006475794047
TBCAP1,0.4127178969233909
TBCAP2,0.0
TBCAP3,0.0
TBCB,0.6204550963106681
TBCC,2.3769172715811697
TBCCD1,0.0
TBCD,2.527051620650158
TBCE,0.0
TBCEL,1.7522684493138374
TBCK,0.0
TBK1,2.203177694386906
TBKBP1,0.0
TBL1X,2.458440022850267
TBL1XR1,3.1631166513003737
TBL1XR1-AS1,0.0
TBL1Y,0.0
TBL1YP1,0.0
TBL2,0.0
TBL2,0.0
TBL3,0.0
TBP,0.253644744093139
TBPL1,0.0
TBPL2,0.0
TBR1,0.0
TBRG1,1.9972334333569983
TBRG4,1.2843206418841475
TBX1,0.5288907918624668
TBX10,0.0
TBX15,0.0
TBX18,0.0
TBX19,0.0
TBX2,0.0
TBX20,0.0
TBX21,0.0
TBX22,0.0
TBX3,0.0
TBX4,0.0
TBX5,0.0
TBX5-AS1,0.0
TBX6,0.0
TBXA2R,0.0
TBXAS1,0.0
TC2N,0.0
TCAIM,0.0
TCAM1P,0.0
TCAP,0.0
TCEA1,1.6339035873850103
TCEA1P1,0.0
TCEA1P2,0.9879310210915638
TCEA1P4,0.0
TCEA2,2.010885112023206
TCEA3,0.0
TCEAL1,0.0
TCEAL2,1.1609342125054871
TCEAL3,0.6204550963106681
TCEAL3-AS1,0.0
TCEAL4,0.6960356275201428
TCEAL4P1,0.0
TCEAL5,0.253644744093139
TCEAL6,0.0
TCEAL6,0.0
TCEAL7,1.89179836789066
TCEAL8,0.0
TCEANC,0.0
TCEANC2,1.9133535980403211
TCEB1,0.4127178969233909
TCEB1P10,0.0
TCEB1P11,0.0
TCEB1P12,0.0
TCEB1P13,0.0
TCEB1P14,0.0
TCEB1P15,0.0
TCEB1P16,0.0
TCEB1P17,0.0
TCEB1P18,0.0
TCEB1P19,0.253644744093139
TCEB1P2,1.7073637581471683
TCEB1P20,0.0
TCEB1P21,0.0
TCEB1P21,0.0
TCEB1P22,0.0
TCEB1P23,0.0
TCEB1P24,0.0
TCEB1P24,0.0
TCEB1P26,0.0
TCEB1P28,0.0
TCEB1P29,0.0
TCEB1P3,0.0
TCEB1P30,0.0
TCEB1P31,0.0
TCEB1P32,0.0
TCEB1P33,0.0
TCEB1P34,0.0
TCEB1P35,0.0
TCEB1P4,0.0
TCEB1P5,0.0
TCEB1P6,0.0
TCEB1P7,0.0
TCEB1P8,0.0
TCEB1P9,0.0
TCEB2,1.525354679322857
TCEB2P1,0.0
TCEB2P2,0.0
TCEB2P3,0.0
TCEB2P4,0.0
TCEB3,0.0
TCEB3B,0.0
TCEB3C,0.0
TCEB3CL,0.0
TCEB3CL2,0.0
TCERG1,2.033789239579625
TCERG1L,0.0
TCF12,1.9338893813999691
TCF15,0.0
TCF19,0.0
TCF19,0.0
TCF19,0.0
TCF19,0.0
TCF19,0.0
TCF19,0.0
TCF19,0.0
TCF20,0.0
TCF21,0.0
TCF23,0.0
TCF24,0.0
TCF25,1.2269946489498065
TCF3,1.365702298095103
TCF4,2.76110897405344
TCF7,0.0
TCF7L1,0.866058549240148
TCF7L1-IT1,0.0
TCF7L2,2.4260949053436867
TCFL5,0.8164310788769841
TCHH,0.0
TCHHL1,0.0
TCHP,0.0
TCIRG1,0.0
TCL1A,0.0
TCL1B,0.0
TCL6,0.0
TCN1,0.0
TCN2,0.6204550963106681
TCOF1,0.0
TCP1,1.8691171639943336
TCP10,0.0
TCP10L,0.0
TCP10L2,0.0
TCP11,0.5288907918624668
TCP11L1,0.0
TCP11L2,0.0
TCP11X1,0.0
TCP11X2,0.0
TCP11X3P,0.0
TCP11X3P,0.0
TCP1P1,0.0
TCTA,0.0
TCTE1,0.0
TCTE3,0.0
TCTEX1D1,0.0
TCTEX1D2,1.0219824427879696
TCTEX1D4,0.0
TCTN1,1.4213491305518202
TCTN2,1.2469559880685197
TCTN3,1.7583205369987196
TDG,0.0
TDGF1,0.0
TDGF1P1,0.0
TDGF1P2,0.0
TDGF1P3,0.0
TDGF1P4,0.0
TDGF1P5,0.0
TDGF1P6,0.0
TDGF1P7,0.0
TDH,0.0
TDO2,0.0
TDO2,0.0
TDP1,0.0
TDP2,0.0
TDPX2,0.0
TDRD1,0.0
TDRD10,0.0
TDRD12,0.0
TDRD15,0.0
TDRD3,2.265394471759429
TDRD5,0.0
TDRD6,0.0
TDRD7,0.0
TDRD9,1.5042992690810633
TDRG1,0.0
TDRKH,0.0
TDRP,0.0
TEAD1,2.636023033457371
TEAD2,0.0
TEAD3,0.0
TEAD4,0.0
TEC,0.0
TECPR1,0.0
TECPR2,1.7206743438370773
TECR,2.50500471137764
TECRL,0.0
TECRP1,1.3187237340792874
TECRP2,0.0
TECTA,0.0
TECTB,0.0
TEDDM1,0.7603920768618123
TEDDM1P1,0.0
TEF,0.253644744093139
TEFM,1.803921369136032
TEK,0.0
TEKT1,0.0
TEKT2,0.0
TEKT3,0.0
TEKT4,0.0
TEKT4,0.0
TEKT4P2,0.0
TEKT5,0.0
TELO2,0.0
TEN1,0.0
TEN1-CDK3,0.0
TENC1,0.0
TENM1,0.0
TENM2,2.348527823444325
TENM3,1.0535570409588524
TENM4,0.8164310788769841
TEP1,0.0
TEPP,0.0
TERC,0.0
TERF1,0.4127178969233909
TERF1P1,0.0
TERF1P2,0.0
TERF1P3,0.0
TERF1P4,0.0
TERF1P5,0.0
TERF2,1.3506004547184218
TERF2IP,1.7461308297538636
TERT,0.0
TES,0.0
TESC,0.0
TESK1,0.0
TESK2,2.375468465871766
TESPA1,0.0
TET1,1.7461308297538636
TET1P1,0.0
TET2,2.6197937420951702
TET2-AS1,0.0
TET3,0.0
TEX10,1.8198585011625843
TEX101,0.0
TEX11,0.0
TEX12,0.0
TEX13A,0.0
TEX13A,0.0
TEX13B,0.0
TEX14,2.148031149513286
TEX15,0.0
TEX19,0.0
TEX2,0.0
TEX21P,0.0
TEX22,0.0
TEX22,0.0
TEX26,0.0
TEX26-AS1,0.0
TEX261,0.0
TEX261,0.0
TEX264,0.0
TEX28,0.0
TEX28P1,0.0
TEX28P2,0.0
TEX29,0.0
TEX30,0.0
TEX33,0.0
TEX35,0.0
TEX36,0.0
TEX37,0.0
TEX38,0.0
TEX40,0.0
TEX41,0.0
TEX9,0.253644744093139
TF,1.5042992690810633
TFAM,0.253644744093139
TFAMP1,0.0
TFAMP2,0.0
TFAP2A,0.0
TFAP2A-AS1,0.0
TFAP2B,0.0
TFAP2C,0.253644744093139
TFAP2D,0.0
TFAP2E,0.0
TFAP4,0.0
TFB1M,1.8301673481627088
TFB2M,0.0
TFCP2,0.0
TFCP2L1,0.0
TFDP1,1.8352314375814356
TFDP2,0.4127178969233909
TFDP3,0.0
TFE3,0.0
TFE3,0.0
TFEB,0.0
TFEC,0.0
TFF1,0.0
TFF2,0.0
TFF3,0.0
TFG,2.3725562736934447
TFIP11,0.0
TFP1,0.7603920768618123
TFPI,0.0
TFPI2,0.0
TFPT,0.0
TFPT,0.0
TFPT,0.0
TFPT,0.0
TFPT,0.0
TFPT,0.0
TFPT,0.0
TFPT,0.0
TFPT,0.0
TFPT,0.0
TFR2,0.0
TFRC,1.3018627585701523
TG,0.0
TGDS,0.0
TGFA,0.0
TGFA,0.0
TGFA-IT1,0.0
TGFA-IT1,0.0
TGFB1,0.0
TGFB1I1,0.0
TGFB2,1.365702298095103
TGFB3,2.1254013691955027
TGFBI,0.0
TGFBR1,0.0
TGFBR2,0.0
TGFBR3,2.1123003250777685
TGFBR3L,0.0
TGFBRAP1,2.644697216063762
TGIF1,0.0
TGIF1P1,0.0
TGIF2,0.0
TGIF2-C20orf24,0.0
TGIF2LX,0.0
TGIF2LY,0.0
TGIF2P1,0.0
TGM1,0.253644744093139
TGM2,0.0
TGM3,0.0
TGM4,0.0
TGM5,0.0
TGM6,0.0
TGM7,0.0
TGOLN2,2.203177694386906
TGS1,0.0
TH,0.0
THA1P,0.0
THADA,2.3295917345202306
THAP1,0.0
THAP10,0.0
THAP11,1.0219824427879696
THAP2,1.7929621417944026
THAP3,0.0
THAP4,2.374014810766704
THAP5,1.85007876288628
THAP5P1,0.0
THAP6,2.457239519685357
THAP7,0.0
THAP7-AS1,0.4127178969233909
THAP8,0.0
THAP9,0.4127178969233909
THAP9-AS1,0.6960356275201428
THBD,0.0
THBS1,0.0
THBS2,0.0
THBS3,0.0
THBS4,0.0
THEG,0.0
THEGL,0.0
THEM4,1.3349544931480026
THEM5,0.0
THEM6,0.0
THEMIS,0.0
THEMIS2,0.253644744093139
THEMIS3P,0.0
THG1L,0.9105921305334987
THNSL1,0.0
THNSL2,1.7873770459247007
THOC1,1.4467087411059607
THOC2,2.5853939482800112
THOC3,0.0
THOC5,0.253644744093139
THOC6,0.0
THOC7,1.2469559880685197
THOC7-AS1,0.0
THOP1,0.0
THPO,0.0
THRA,1.7461308297538636
THRAP3,2.691292364507913
THRAP3P1,0.0
THRB,1.266040025979822
THRB-AS1,0.0
THRB-IT1,0.0
THRSP,0.0
THSD1,1.6721850324842915
THSD4,0.0
THSD7A,2.447514123328141
THSD7B,0.253644744093139
THTPA,0.0
THUMPD1,1.1105557679530071
THUMPD1P1,0.0
THUMPD2,0.0
THUMPD3,1.380296600302216
THY1,1.0219824427879696
THYN1,0.7603920768618123
TIA1,2.491885036365916
TIAF1,0.0
TIAL1,1.60064667142076
TIAM1,2.1254013691955027
TIAM2,0.0
TICAM1,0.0
TICAM2,0.0
TICRR,0.0
TIE1,0.0
TIFA,0.0
TIFAB,0.0
TIGD1,0.0
TIGD2,0.0
TIGD3,0.0
TIGD4,0.0
TIGD5,0.0
TIGD6,0.0
TIGD7,0.0
TIGIT,0.0
TIMD4,0.0
TIMELESS,0.0
TIMM10,0.0
TIMM10B,1.0535570409588524
TIMM10B,0.0
TIMM13,0.0
TIMM17A,1.864435233988068
TIMM17B,0.0
TIMM17B,0.0
TIMM21,0.0
TIMM22,0.253644744093139
TIMM23,0.866058549240148
TIMM23B,0.0
TIMM23B,0.0
TIMM44,0.866058549240148
TIMM50,2.21383520748566
TIMM8A,0.0
TIMM8A,0.0
TIMM8AP1,0.0
TIMM8B,1.0219824427879696
TIMM8BP1,0.0
TIMM8BP2,0.0
TIMM9,0.0
TIMM9P1,0.0
TIMM9P2,0.253644744093139
TIMM9P3,0.0
TIMMDC1,0.0
TIMP1,0.0
TIMP2,1.470668879757139
TIMP3,3.0301580249166022
TIMP4,0.0
TINAG,0.253644744093139
TINAGL1,0.0
TINCR,0.0
TINF2,0.0
TIPARP,0.9509808635159877
TIPARP-AS1,0.0
TIPIN,0.0
TIPRL,0.253644744093139
TIRAP,0.8164310788769841
TJAP1,0.9879310210915638
TJP1,2.215935681683258
TJP2,0.4127178969233909
TJP3,0.0
TK1,0.0
TK2,0.0
TKT,0.0
TKT,0.0
TKTL1,0.0
TKTL1,0.0
TKTL2,0.0
TLCD1,0.0
TLCD2,0.0
TLDC1,0.0
TLDC2,0.0
TLE1,1.7817191880906658
TLE1P1,0.0
TLE2,0.0
TLE3,2.040117379352544
TLE4,0.5288907918624668
TLE6,0.0
TLK1,2.0585666748363742
TLK1P1,0.0
TLK2,1.803921369136032
TLK2P1,0.5288907918624668
TLL1,0.0
TLL2,0.0
TLN1,0.4127178969233909
TLN2,1.1105557679530071
TLR1,0.0
TLR10,0.0
TLR12P,0.0
TLR2,0.0
TLR3,0.0
TLR4,2.1455741788240514
TLR5,0.0
TLR6,0.0
TLR7,0.0
TLR8,0.0
TLR8-AS1,0.0
TLR9,0.0
TLR9,0.0
TLX1,0.0
TLX1NB,0.0
TLX2,0.0
TLX3,0.0
TM2D1,1.9610998250314529
TM2D2,0.0
TM2D3,1.2469559880685197
TM4SF1,0.0
TM4SF1-AS1,0.0
TM4SF18,0.0
TM4SF19,0.0
TM4SF19,0.0
TM4SF19-AS1,0.0
TM4SF2,0.0
TM4SF20,0.0
TM4SF4,0.0
TM4SF5,0.0
TM6SF1,0.0
TM6SF2,0.0
TM7SF2,0.0
TM7SF3,1.591918701844707
TM9SF1,0.0
TM9SF1,0.0
TM9SF2,2.061566774144846
TM9SF3,1.0535570409588524
TM9SF4,0.0
TMA16,0.0
TMA16P1,0.0
TMA16P2,0.0
TMA7,0.0
TMBIM1,0.7603920768618123
TMBIM4,0.0
TMBIM4,1.8597022796682896
TMBIM6,3.055744073285668
TMC1,0.0
TMC2,0.0
TMC3,0.0
TMC4,0.0
TMC4,0.0
TMC4,0.0
TMC4,0.0
TMC4,0.0
TMC4,0.253644744093139
TMC4,0.0
TMC5,0.0
TMC6,0.0
TMC7,0.0
TMC8,0.0
TMCC1,1.3506004547184218
TMCC1-AS1,0.0
TMCC1P1,0.0
TMCC2,0.0
TMCC3,0.0
TMCO1,1.2469559880685197
TMCO2,0.0
TMCO3,0.0
TMCO4,2.0904801984897694
TMCO5A,0.0
TMCO5B,0.0
TMCO6,0.0
TMED1,0.0
TMED10,0.8164310788769841
TMED10P1,0.0
TMED10P2,0.0
TMED11P,0.0
TMED2,1.1609342125054871
TMED3,0.0
TMED4,2.700315034255796
TMED5,1.2469559880685197
TMED6,0.0
TMED7,2.4248014397354405
TMED7-TICAM2,0.0
TMED8,0.6204550963106681
TMED9,0.253644744093139
TMEFF1,0.0
TMEFF2,0.0
TMEM100,1.1609342125054871
TMEM101,0.0
TMEM102,0.0
TMEM104,0.0
TMEM105,0.0
TMEM106A,0.0
TMEM106B,1.535511556564225
TMEM106C,0.0
TMEM107,0.0
TMEM108,0.0
TMEM109,0.0
TMEM11,0.0
TMEM110,0.0
TMEM110-MUSTN1,0.0
TMEM114,0.0
TMEM115,0.0
TMEM116,0.253644744093139
TMEM117,0.0
TMEM119,0.0
TMEM120A,0.0
TMEM120A,0.0
TMEM120B,0.0
TMEM121,0.0
TMEM121,0.0
TMEM123,0.0
TMEM125,0.0
TMEM126A,0.0
TMEM126B,2.1305330951471686
TMEM127,1.9133535980403211
TMEM128,0.7603920768618123
TMEM129,0.0
TMEM130,0.0
TMEM130,0.0
TMEM131,1.564630272110482
TMEM132A,0.6960356275201428
TMEM132B,2.385510052189798
TMEM132C,0.0
TMEM132D,0.0
TMEM132E,0.0
TMEM133,0.0
TMEM134,0.0
TMEM135,0.253644744093139
TMEM136,1.9937523923170493
TMEM138,2.354660715659528
TMEM139,0.0
TMEM140,0.0
TMEM141,0.0
TMEM143,0.0
TMEM144,1.900549254498717
TMEM145,0.0
TMEM147,0.0
TMEM14A,0.0
TMEM14B,1.4213491305518202
TMEM14C,1.525354679322857
TMEM14D,0.0
TMEM14E,0.253644744093139
TMEM150A,0.0
TMEM150B,0.0
TMEM150C,0.6204550963106681
TMEM151A,0.0
TMEM151B,0.0
TMEM154,0.0
TMEM155,0.0
TMEM156,0.253644744093139
TMEM158,0.0
TMEM159,0.0
TMEM160,0.0
TMEM161A,0.0
TMEM161B,1.4213491305518202
TMEM161B-AS1,1.7522684493138374
TMEM161BP1,0.0
TMEM163,0.0
TMEM164,0.0
TMEM165,1.9418393023284208
TMEM167A,0.0
TMEM167AP1,0.0
TMEM167B,0.9509808635159877
TMEM168,1.408091496025075
TMEM169,0.9509808635159877
TMEM17,0.0
TMEM170A,0.9879310210915638
TMEM170B,2.554807672699394
TMEM171,0.0
TMEM173,0.0
TMEM174,0.0
TMEM175,1.3018627585701523
TMEM176A,0.0
TMEM176B,0.0
TMEM177,0.0
TMEM178A,0.0
TMEM178B,2.0585666748363742
TMEM179,0.0
TMEM179B,1.6258250518828512
TMEM18,0.0
TMEM180,0.0
TMEM181,0.0
TMEM182,0.8164310788769841
TMEM183A,0.0
TMEM183AP1,0.0
TMEM183AP1,0.0
TMEM183AP1,0.0
TMEM183AP1,0.0
TMEM183AP1,0.0
TMEM183AP1,0.0
TMEM183AP1,0.0
TMEM184A,0.0
TMEM184B,0.9509808635159877
TMEM184C,1.4933759616707991
TMEM185A,0.0
TMEM185A,0.0
TMEM185AP1,0.0
TMEM185AP1,0.0
TMEM185B,2.5249994793514587
TMEM186,0.0
TMEM187,0.0
TMEM187,0.0
TMEM189,0.253644744093139
TMEM189-UBE2V1,0.0
TMEM19,1.564630272110482
TMEM190,0.0
TMEM191A,0.0
TMEM191C,0.7603920768618123
TMEM192,0.6204550963106681
TMEM194A,2.0369648353432246
TMEM194B,0.0
TMEM196,0.0
TMEM198,0.0
TMEM198B,0.0
TMEM199,0.0
TMEM199,0.0
TMEM2,0.0
TMEM200A,0.0
TMEM200B,0.0
TMEM200C,0.4127178969233909
TMEM201,0.0
TMEM202,0.0
TMEM203,0.0
TMEM204,0.0
TMEM205,0.0
TMEM206,0.0
TMEM207,0.0
TMEM208,0.0
TMEM209,1.9496463091932343
TMEM210,0.0
TMEM211,0.0
TMEM212,0.0
TMEM212-AS1,0.0
TMEM212-IT1,0.0
TMEM213,0.0
TMEM214,0.0
TMEM215,0.0
TMEM216,1.2269946489498065
TMEM217,0.0
TMEM218,0.0
TMEM219,1.5739182395996751
TMEM220,0.4127178969233909
TMEM221,0.0
TMEM222,1.266040025979822
TMEM223,1.0219824427879696
TMEM225,0.0
TMEM229A,0.0
TMEM229B,1.6794524383704983
TMEM230,2.428670336570826
TMEM231,0.0
TMEM232,0.9879310210915638
TMEM233,0.0
TMEM234,0.0
TMEM235,0.0
TMEM236,0.0
TMEM236,0.0
TMEM236,0.0
TMEM237,0.0
TMEM238,0.0
TMEM239,0.0
TMEM239,0.0
TMEM240,0.0
TMEM241,1.9573154496595009
TMEM242,0.0
TMEM242,0.0
TMEM243,0.0
TMEM244,0.0
TMEM245,1.4821708087520635
TMEM246,0.7603920768618123
TMEM247,0.0
TMEM248,0.866058549240148
TMEM248P1,0.0
TMEM249,0.0
TMEM249,0.0
TMEM249,0.0
TMEM25,0.0
TMEM25,0.0
TMEM251,0.0
TMEM252,0.0
TMEM253,0.0
TMEM254,0.0
TMEM254-AS1,0.0
TMEM255A,0.0
TMEM255A,0.0
TMEM255B,0.0
TMEM256,0.0
TMEM256-PLSCR3,0.0
TMEM256P1,0.0
TMEM256P2,1.535511556564225
TMEM257,0.0
TMEM257,0.0
TMEM258,0.0
TMEM259,0.253644744093139
TMEM26,0.0
TMEM260,2.0675055056503746
TMEM261,0.0
TMEM261P1,0.0
TMEM27,0.0
TMEM30A,2.292573845656421
TMEM30B,0.0
TMEM30C,0.0
TMEM31,0.0
TMEM33,2.6312176070179523
TMEM35,0.0
TMEM37,0.0
TMEM38A,0.4127178969233909
TMEM38B,0.0
TMEM39A,0.6960356275201428
TMEM39B,0.0
TMEM40,0.0
TMEM41A,0.0
TMEM41B,2.6287948062436306
TMEM42,1.3944163697813394
TMEM43,1.0535570409588524
TMEM44,0.0
TMEM44-AS1,0.0
TMEM45A,0.0
TMEM45B,0.0
TMEM47,2.707805866481734
TMEM5,0.0
TMEM5-AS1,0.0
TMEM50A,0.0
TMEM50B,0.253644744093139
TMEM50B,0.0
TMEM51,1.564630272110482
TMEM51-AS1,0.0
TMEM52,0.0
TMEM52B,0.0
TMEM53,0.0
TMEM54,0.0
TMEM55A,0.0
TMEM55B,1.2060714458283772
TMEM56,1.408091496025075
TMEM57,0.0
TMEM59,1.5042992690810633
TMEM59L,1.2843206418841475
TMEM60,0.0
TMEM61,0.0
TMEM62,0.253644744093139
TMEM63A,2.084849460186147
TMEM63B,0.0
TMEM63C,0.0
TMEM64,0.0
TMEM65,0.0
TMEM66,2.033789239579625
TMEM67,0.0
TMEM68,2.152903779930327
TMEM69,0.0
TMEM70,0.0
TMEM71,0.0
TMEM72,0.0
TMEM72-AS1,0.0
TMEM74,0.0
TMEM74B,0.0
TMEM75,0.0
TMEM78,0.0
TMEM79,0.0
TMEM80,0.0
TMEM81,0.0
TMEM82,0.0
TMEM86A,0.0
TMEM86B,0.0
TMEM87A,1.6418345900426288
TMEM87B,0.0
TMEM88,0.0
TMEM88B,0.0
TMEM89,0.0
TMEM8A,0.0
TMEM8B,1.8402371571691645
TMEM8C,0.0
TMEM9,0.0
TMEM91,0.0
TMEM92,0.0
TMEM95,0.0
TMEM97,0.0
TMEM97,0.0
TMEM97P1,0.0
TMEM97P2,0.0
TMEM98,0.0
TMEM99,0.0
TMEM9B,0.9509808635159877
TMEM9B-AS1,2.176479145384896
TMF1,1.8198585011625843
TMIE,0.0
TMIGD1,0.0
TMIGD2,0.0
TMLHE,0.0
TMLHE,0.0
TMLHE-AS1,0.0
TMLHE-AS1,0.0
TMOD1,0.0
TMOD2,1.686600231622561
TMOD3,0.0
TMOD4,0.0
TMPO,0.0
TMPO-AS1,0.0
TMPOP1,0.0
TMPOP1,0.0
TMPOP1,0.0
TMPOP1,0.0
TMPOP1,0.0
TMPOP1,0.0
TMPPE,0.0
TMPRSS11A,0.0
TMPRSS11B,0.0
TMPRSS11BNL,0.0
TMPRSS11CP,0.0
TMPRSS11D,0.0
TMPRSS11E,0.0
TMPRSS11F,0.0
TMPRSS11GP,0.0
TMPRSS12,0.0
TMPRSS13,0.0
TMPRSS15,0.0
TMPRSS2,0.0
TMPRSS3,0.0
TMPRSS4,0.4127178969233909
TMPRSS4-AS1,0.0
TMPRSS5,0.0
TMPRSS6,0.0
TMPRSS7,0.0
TMPRSS9,0.0
TMSB10,0.0
TMSB10P1,0.0
TMSB10P2,0.0
TMSB15A,0.0
TMSB15A,0.0
TMSB15B,0.0
TMSB15B,0.0
TMSB15B,0.0
TMSB4X,1.5830117235334478
TMSB4XP1,0.0
TMSB4XP2,0.0
TMSB4XP3,0.0
TMSB4XP4,0.0
TMSB4XP6,0.0
TMSB4XP8,0.4127178969233909
TMSB4Y,0.0
TMTC1,0.4127178969233909
TMTC2,0.0
TMTC3,0.7603920768618123
TMTC4,1.8691171639943336
TMUB1,0.0
TMUB2,2.211724524908352
TMX1,1.4933759616707991
TMX2,1.0219824427879696
TMX2-CTNND1,0.0
TMX3,0.9509808635159877
TMX4,1.365702298095103
TNC,0.0
TNF,0.0
TNF,0.0
TNF,0.0
TNF,0.0
TNF,0.0
TNF,0.0
TNF,0.0
TNF,0.0
TNFAIP1,0.0
TNFAIP1,0.0
TNFAIP2,2.440074432617396
TNFAIP3,0.0
TNFAIP6,0.0
TNFAIP8,0.0
TNFAIP8L1,0.253644744093139
TNFAIP8L2,0.0
TNFAIP8L3,0.0
TNFRSF10A,0.0
TNFRSF10B,0.0
TNFRSF10C,0.0
TNFRSF10D,0.0
TNFRSF11A,0.0
TNFRSF11B,0.0
TNFRSF12A,0.0
TNFRSF13B,0.0
TNFRSF13C,0.0
TNFRSF14,0.0
TNFRSF17,0.0
TNFRSF18,0.0
TNFRSF19,0.0
TNFRSF1A,0.0
TNFRSF1B,0.0
TNFRSF21,0.0
TNFRSF25,1.1364750726028654
TNFRSF4,0.0
TNFRSF6B,0.0
TNFRSF8,0.0
TNFRSF9,0.0
TNFSF10,0.0
TNFSF11,0.0
TNFSF12,0.6960356275201428
TNFSF12-TNFSF13,0.0
TNFSF13,0.0
TNFSF13B,0.0
TNFSF14,0.0
TNFSF15,0.0
TNFSF18,0.0
TNFSF4,0.0
TNFSF8,0.0
TNFSF9,0.8164310788769841
TNIK,3.0288705203487245
TNIP1,1.1105557679530071
TNIP2,0.0
TNIP3,0.0
TNK1,0.0
TNK2,0.253644744093139
TNK2-AS1,0.0
TNKS,1.6092026860167012
TNKS1BP1,0.0
TNKS2,0.0
TNKS2-AS1,1.900549254498717
TNMD,0.0
TNN,0.0
TNNC1,0.0
TNNC2,0.0
TNNI1,0.0
TNNI2,0.0
TNNI3,0.0
TNNI3K,0.0
TNNT1,0.0
TNNT2,0.0
TNNT3,0.0
TNP1,0.0
TNP2,0.0
TNPO1,1.591918701844707
TNPO1P1,0.0
TNPO1P2,0.0
TNPO2,1.0535570409588524
TNPO3,0.0
TNR,0.0
TNR-IT1,0.0
TNRC18,0.0
TNRC18P1,0.0
TNRC18P2,0.0
TNRC18P3,0.0
TNRC18P3,0.0
TNRC6A,2.6239082754772776
TNRC6B,2.508223624915173
TNRC6C,1.3349544931480026
TNRC6C-AS1,0.0
TNS1,1.0535570409588524
TNS3,1.525354679322857
TNS4,0.0
TNXA,0.0
TNXA,0.0
TNXA,0.0
TNXA,0.0
TNXB,0.0
TNXB,0.0
TNXB,0.0
TNXB,0.0
TNXB,0.0
TNXB,0.0
TNXB,0.0
TNXB,0.0
TOB1,2.617306180066977
TOB1-AS1,1.0535570409588524
TOB2,1.9257912163520183
TOB2P1,0.0
TOE1,0.0
TOLLIP,0.7603920768618123
TOLLIP-AS1,0.0
TOM1,2.598615216773823
TOM1L1,2.2672603164487475
TOM1L2,1.434214011430753
TOMM20,0.0
TOMM20L,0.0
TOMM22,0.6204550963106681
TOMM22P1,0.0
TOMM22P2,0.0
TOMM22P3,0.0
TOMM22P4,0.0
TOMM22P5,0.0
TOMM22P6,0.0
TOMM34,0.0
TOMM40,0.0
TOMM40L,0.0
TOMM5,1.1609342125054871
TOMM6,0.0
TOMM7,1.6794524383704983
TOMM70A,0.0
TONSL,0.0
TOP1,0.8164310788769841
TOP1MT,1.266040025979822
TOP1P1,0.0
TOP2A,0.0
TOP2B,2.0305902524630275
TOP3A,0.0
TOP3B,0.0
TOP3BP1,0.0
TOPAZ1,0.0
TOPBP1,1.7206743438370773
TOPORS,2.3312016618466327
TOPORS-AS1,0.6204550963106681
TOR1A,0.0
TOR1AIP1,0.866058549240148
TOR1AIP2,2.7191342970216814
TOR1B,0.0
TOR2A,0.0
TOR3A,0.0
TOR4A,0.0
TOX,2.64077586969283
TOX2,0.0
TOX3,0.0
TOX4,2.321451342363825
TOX4P1,0.0
TP53,1.1364750726028654
TP53AIP1,0.0
TP53BP1,2.2616385603063045
TP53BP2,2.6122878986311724
TP53I11,0.0
TP53I13,0.0
TP53I3,0.0
TP53INP1,2.5219029704788327
TP53INP2,0.0
TP53RK,0.0
TP53TG1,0.0
TP53TG3,0.0
TP53TG3B,0.0
TP53TG3C,0.0
TP53TG3D,0.0
TP53TG5,0.0
TP63,0.0
TP73,0.0
TP73-AS1,0.253644744093139
TPBG,0.0
TPBGL,0.0
TPCN1,2.3375823467705725
TPCN2,0.0
TPD52,0.0
TPD52L1,2.5341587014317803
TPD52L2,0.0
TPD52L3,0.4127178969233909
TPGS1,0.0
TPGS2,0.0
TPH1,2.2482310165175106
TPH2,0.0
TPI1,0.0
TPI1,0.0
TPI1P1,0.6204550963106681
TPI1P2,0.0
TPI1P3,0.0
TPI1P4,0.0
TPK1,0.9879310210915638
TPM1,1.408091496025075
TPM2,0.6204550963106681
TPM3,1.7399052260407448
TPM3P1,0.0
TPM3P2,0.0
TPM3P3,0.0
TPM3P4,0.0
TPM3P6,0.0
TPM3P7,0.0
TPM3P8,0.0
TPM3P9,0.253644744093139
TPM4,1.6572748854262789
TPM4P1,0.0
TPMT,0.0
TPMTP1,0.0
TPMTP2,0.0
TPMTP3,0.0
TPMTP3,0.0
TPMTP4,0.0
TPO,0.0
TPP1,1.9722590260471629
TPP2,0.6960356275201428
TPPP,0.253644744093139
TPPP2,0.0
TPPP3,2.181044446408736
TPR,2.201014444446189
TPRA1,0.253644744093139
TPRG1,0.0
TPRG1-AS1,0.0
TPRG1-AS2,0.0
TPRG1L,0.0
TPRKB,0.0
TPRKBP1,0.0
TPRKBP2,0.0
TPRN,0.0
TPRX1,0.0
TPRX1P1,1.1364750726028654
TPRX2P,0.0
TPRXL,0.0
TPSAB1,0.0
TPSB2,0.0
TPSD1,0.0
TPSG1,0.0
TPSP2,0.0
TPST1,1.1609342125054871
TPST2,0.0
TPST2P1,0.0
TPT1,1.4213491305518202
TPT1-AS1,0.4127178969233909
TPT1P1,0.0
TPTE,0.0
TPTE2,0.0
TPTE2P1,0.0
TPTE2P2,0.0
TPTE2P3,0.0
TPTE2P4,0.0
TPTE2P5,0.0
TPTE2P6,0.0
TPTEP1,0.253644744093139
TPX2,0.0
TRA2A,2.741566533318803
TRA2B,2.2482310165175106
TRABD,0.4127178969233909
TRABD2A,0.0
TRABD2B,0.0
TRAC,0.0
TRADD,0.0
TRAF1,0.0
TRAF2,0.0
TRAF3,2.0585666748363742
TRAF3IP1,0.0
TRAF3IP2,0.0
TRAF3IP2-AS1,0.4127178969233909
TRAF3IP3,0.0
TRAF4,0.0
TRAF5,0.0
TRAF6,0.0
TRAF6P1,0.0
TRAF7,0.0
TRAFD1,0.0
TRAIP,0.0
TRAJ1,0.0
TRAJ10,0.0
TRAJ11,0.0
TRAJ12,0.0
TRAJ13,0.0
TRAJ14,0.0
TRAJ15,0.0
TRAJ16,0.0
TRAJ17,0.0
TRAJ18,0.0
TRAJ19,0.0
TRAJ2,0.0
TRAJ20,0.0
TRAJ21,0.0
TRAJ22,0.0
TRAJ23,0.0
TRAJ24,0.0
TRAJ25,0.0
TRAJ26,0.0
TRAJ27,0.0
TRAJ28,0.0
TRAJ29,0.0
TRAJ3,0.0
TRAJ30,0.0
TRAJ31,0.0
TRAJ32,0.0
TRAJ33,0.0
TRAJ34,0.0
TRAJ35,0.0
TRAJ36,0.0
TRAJ37,0.0
TRAJ38,0.0
TRAJ39,0.0
TRAJ4,0.0
TRAJ40,0.0
TRAJ41,0.0
TRAJ42,0.0
TRAJ43,0.0
TRAJ44,0.0
TRAJ45,0.0
TRAJ46,0.0
TRAJ47,0.0
TRAJ48,0.0
TRAJ49,0.0
TRAJ5,0.0
TRAJ50,0.0
TRAJ51,0.0
TRAJ52,0.0
TRAJ53,0.0
TRAJ54,0.0
TRAJ55,0.0
TRAJ56,0.0
TRAJ57,0.0
TRAJ58,0.0
TRAJ59,0.0
TRAJ6,0.0
TRAJ60,0.0
TRAJ61,0.0
TRAJ7,0.0
TRAJ8,0.0
TRAJ9,0.0
TRAK1,1.9610998250314529
TRAK2,2.803734377519149
TRAM1,0.0
TRAM1L1,0.0
TRAM2,0.0
TRAM2-AS1,0.0
TRANK1,0.0
TRAP1,1.6794524383704983
TRAPPC1,0.0
TRAPPC10,1.887355901089917
TRAPPC11,1.7817191880906658
TRAPPC12,0.0
TRAPPC12-AS1,0.0
TRAPPC13,1.7399052260407448
TRAPPC2,1.5551393200304595
TRAPPC2L,0.0
TRAPPC2P1,0.0
TRAPPC2P10,0.0
TRAPPC2P2,0.0
TRAPPC2P3,0.0
TRAPPC2P4,0.0
TRAPPC2P5,0.0
TRAPPC2P7,0.0
TRAPPC2P8,0.0
TRAPPC2P9,0.0
TRAPPC3,1.564630272110482
TRAPPC3L,0.0
TRAPPC4,0.0
TRAPPC4,0.253644744093139
TRAPPC5,0.0
TRAPPC6A,0.0
TRAPPC6B,0.0
TRAPPC8,0.0
TRAPPC9,0.0
TRAT1,0.0
TRAV1-1,0.0
TRAV1-2,0.0
TRAV10,0.0
TRAV11,0.0
TRAV12-1,0.0
TRAV12-2,0.0
TRAV12-3,0.0
TRAV13-1,0.0
TRAV13-2,0.0
TRAV14DV4,0.0
TRAV15,0.0
TRAV16,0.0
TRAV17,0.0
TRAV18,0.0
TRAV19,0.0
TRAV2,0.0
TRAV20,0.0
TRAV21,0.0
TRAV22,0.0
TRAV23DV6,0.0
TRAV24,0.0
TRAV25,0.0
TRAV26-1,0.0
TRAV26-2,0.0
TRAV27,0.0
TRAV28,0.0
TRAV29DV5,0.0
TRAV3,0.0
TRAV30,0.0
TRAV31,0.0
TRAV32,0.0
TRAV33,0.0
TRAV34,0.0
TRAV35,0.0
TRAV36DV7,0.0
TRAV37,0.0
TRAV38-1,0.0
TRAV38-2DV8,0.0
TRAV39,0.0
TRAV4,0.0
TRAV40,0.0
TRAV41,0.0
TRAV5,0.0
TRAV6,0.0
TRAV7,0.0
TRAV8-1,0.0
TRAV8-2,0.0
TRAV8-3,0.0
TRAV8-4,0.0
TRAV8-5,0.0
TRAV8-6,0.0
TRAV8-7,0.0
TRAV9-1,0.0
TRAV9-2,0.0
TRBC1,0.0
TRBC2,0.0
TRBC2,0.0
TRBJ2-1,0.0
TRBJ2-1,0.0
TRBJ2-2,0.0
TRBJ2-2,0.0
TRBJ2-2P,0.0
TRBJ2-2P,0.0
TRBJ2-3,0.0
TRBJ2-3,0.0
TRBJ2-4,0.0
TRBJ2-4,0.0
TRBJ2-5,0.0
TRBJ2-5,0.0
TRBJ2-6,0.0
TRBJ2-6,0.0
TRBJ2-7,0.0
TRBJ2-7,0.0
TRBV1,0.0
TRBV1,0.0
TRBV10-1,0.0
TRBV10-1,0.0
TRBV10-2,0.0
TRBV10-2,0.0
TRBV10-3,0.0
TRBV11-1,0.0
TRBV11-1,0.0
TRBV11-2,0.0
TRBV11-2,0.0
TRBV11-3,0.0
TRBV12-1,0.0
TRBV12-1,0.0
TRBV12-2,0.0
TRBV12-2,0.0
TRBV12-3,0.0
TRBV12-4,0.0
TRBV12-5,0.0
TRBV13,0.0
TRBV14,0.0
TRBV15,0.0
TRBV16,0.0
TRBV17,0.0
TRBV18,0.0
TRBV19,0.0
TRBV19,0.0
TRBV2,0.0
TRBV2,0.0
TRBV20-1,0.0
TRBV20-1,0.0
TRBV20OR9-2,0.0
TRBV21-1,0.0
TRBV21-1,0.0
TRBV21OR9-2,0.0
TRBV22-1,0.0
TRBV22-1,0.0
TRBV22OR9-2,0.0
TRBV23-1,0.0
TRBV23-1,0.0
TRBV23OR9-2,0.0
TRBV24-1,0.0
TRBV24-1,0.0
TRBV24OR9-2,0.0
TRBV25-1,0.0
TRBV25-1,0.0
TRBV25OR9-2,0.0
TRBV26,0.0
TRBV26,0.0
TRBV26OR9-2,0.0
TRBV27,0.0
TRBV27,0.0
TRBV28,0.0
TRBV28,0.0
TRBV29-1,0.0
TRBV29-1,0.0
TRBV29OR9-2,0.0
TRBV3-1,0.0
TRBV3-1,0.0
TRBV3-2,0.0
TRBV30,0.0
TRBV30,0.0
TRBV4-1,0.0
TRBV4-1,0.0
TRBV4-2,0.0
TRBV4-2,0.0
TRBV4-3,0.0
TRBV5-1,0.0
TRBV5-1,0.0
TRBV5-2,0.0
TRBV5-2,0.0
TRBV5-3,0.0
TRBV5-3,0.0
TRBV5-4,0.0
TRBV5-4,0.0
TRBV5-5,0.0
TRBV5-5,0.0
TRBV5-6,0.0
TRBV5-6,0.0
TRBV5-7,0.0
TRBV5-7,0.0
TRBV5-8,0.0
TRBV6-1,0.0
TRBV6-1,0.0
TRBV6-2,0.0
TRBV6-3,0.0
TRBV6-4,0.0
TRBV6-4,0.0
TRBV6-5,0.0
TRBV6-5,0.0
TRBV6-6,0.0
TRBV6-6,0.0
TRBV6-7,0.0
TRBV6-7,0.0
TRBV6-8,0.0
TRBV6-8,0.0
TRBV6-9,0.0
TRBV6-9,0.0
TRBV7-1,0.0
TRBV7-1,0.0
TRBV7-2,0.0
TRBV7-3,0.0
TRBV7-3,0.0
TRBV7-4,0.0
TRBV7-4,0.0
TRBV7-5,0.0
TRBV7-5,0.0
TRBV7-6,0.0
TRBV7-6,0.0
TRBV7-7,0.0
TRBV7-7,0.0
TRBV7-8,0.0
TRBV7-8,0.0
TRBV7-9,0.0
TRBV8-1,0.0
TRBV8-1,0.0
TRBV8-2,0.0
TRBV8-2,0.0
TRBV9,0.0
TRBV9,0.0
TRBVA,0.0
TRBVA,0.0
TRBVB,0.0
TRBVB,0.0
TRDC,0.0
TRDD1,0.0
TRDD2,0.0
TRDD3,0.0
TRDJ1,0.0
TRDJ2,0.0
TRDJ3,0.0
TRDJ4,0.0
TRDMT1,2.148031149513286
TRDN,1.825043511578913
TRDV1,0.0
TRDV2,0.0
TRDV3,0.0
TREH,0.0
TREH,0.0
TREM1,0.0
TREM2,0.0
TREML1,0.0
TREML2,0.0
TREML3P,0.0
TREML4,0.0
TREML5P,0.0
TRERF1,0.6960356275201428
TRERNA1,0.0
TREX1,1.3349544931480026
TREX2,0.0
TREX2,0.0
TRGC1,0.0
TRGC2,0.0
TRGJ1,0.0
TRGJ2,0.0
TRGJP,0.0
TRGJP1,0.0
TRGJP2,0.0
TRGV1,0.0
TRGV10,0.0
TRGV11,0.0
TRGV2,0.0
TRGV3,0.0
TRGV4,0.0
TRGV5,0.0
TRGV5P,0.0
TRGV6,0.0
TRGV7,0.0
TRGV8,0.0
TRGV9,0.0
TRGVA,0.0
TRGVB,0.0
TRH,0.0
TRHDE,0.0
TRHDE-AS1,0.0
TRHR,0.0
TRIAP1,0.0
TRIAP1P1,0.0
TRIAP1P1,0.0
TRIB1,0.0
TRIB2,1.0219824427879696
TRIB3,0.0
TRIL,0.0
TRIM10,0.0
TRIM10,0.0
TRIM10,0.0
TRIM10,0.0
TRIM10,0.0
TRIM10,0.0
TRIM10,0.0
TRIM10,0.0
TRIM11,0.0
TRIM13,2.395324698237797
TRIM14,0.8164310788769841
TRIM15,0.0
TRIM15,0.0
TRIM15,0.0
TRIM15,0.0
TRIM15,0.0
TRIM15,0.0
TRIM15,0.0
TRIM15,0.0
TRIM16,0.0
TRIM16L,0.0
TRIM17,0.0
TRIM2,2.246281411471585
TRIM21,0.0
TRIM22,0.0
TRIM23,0.6960356275201428
TRIM24,0.0
TRIM25,0.0
TRIM26,0.0
TRIM26,0.0
TRIM26,0.0
TRIM26,0.0
TRIM26,0.0
TRIM26,0.0
TRIM26,0.0
TRIM26,0.0
TRIM26BP,0.0
TRIM26BP,0.0
TRIM26BP,0.0
TRIM26BP,0.0
TRIM26BP,0.0
TRIM26BP,0.0
TRIM26BP,0.0
TRIM27,0.0
TRIM27,0.0
TRIM27,0.0
TRIM27,0.0
TRIM27,0.0
TRIM27,0.0
TRIM27,0.0
TRIM28,0.0
TRIM29,0.0
TRIM3,0.0
TRIM31,0.0
TRIM31,0.0
TRIM31,0.0
TRIM31,0.0
TRIM31,0.0
TRIM31,0.0
TRIM31,0.0
TRIM31,0.0
TRIM31-AS1,0.0
TRIM31-AS1,0.0
TRIM31-AS1,0.0
TRIM31-AS1,0.0
TRIM31-AS1,0.0
TRIM31-AS1,0.0
TRIM31-AS1,0.0
TRIM31-AS1,0.0
TRIM32,0.0
TRIM33,0.253644744093139
TRIM34,0.0
TRIM35,0.0
TRIM36,1.1609342125054871
TRIM36-IT1,0.0
TRIM37,1.5739182395996751
TRIM38,0.0
TRIM39,0.0
TRIM39,0.0
TRIM39,0.0
TRIM39,0.0
TRIM39,0.0
TRIM39,0.0
TRIM39,0.0
TRIM39-RPP21,0.0
TRIM4,0.253644744093139
TRIM40,0.0
TRIM40,0.0
TRIM40,0.0
TRIM40,0.0
TRIM40,0.0
TRIM40,0.0
TRIM40,0.0
TRIM40,0.0
TRIM41,0.8164310788769841
TRIM42,0.0
TRIM43,0.0
TRIM43B,0.0
TRIM43CP,0.0
TRIM44,0.0
TRIM45,0.0
TRIM46,0.0
TRIM47,0.8164310788769841
TRIM48,0.0
TRIM49,0.0
TRIM49B,0.0
TRIM49C,0.0
TRIM49D1,0.0
TRIM49D2P,0.0
TRIM5,0.0
TRIM50,0.0
TRIM50,0.0
TRIM51,0.0
TRIM51BP,0.0
TRIM51CP,0.0
TRIM51DP,0.0
TRIM51DP,0.0
TRIM51EP,0.0
TRIM51FP,0.0
TRIM51GP,0.0
TRIM51HP,0.0
TRIM51JP,0.0
TRIM52,1.1105557679530071
TRIM52-AS1,0.0
TRIM53AP,0.0
TRIM53BP,0.0
TRIM53CP,0.0
TRIM54,0.0
TRIM55,0.0
TRIM56,0.0
TRIM58,0.0
TRIM59,0.0
TRIM6,0.0
TRIM6-TRIM34,0.0
TRIM60,0.0
TRIM60P10Y,0.0
TRIM60P11Y,0.0
TRIM60P13,0.0
TRIM60P14,0.4127178969233909
TRIM60P15,0.0
TRIM60P16,0.0
TRIM60P17,0.0
TRIM60P18,0.0
TRIM60P19,0.0
TRIM60P3Y,0.0
TRIM60P5Y,0.0
TRIM60P8Y,0.0
TRIM60P9Y,0.0
TRIM61,1.60064667142076
TRIM62,0.0
TRIM63,0.0
TRIM64,0.0
TRIM64B,0.0
TRIM64C,0.0
TRIM64DP,0.0
TRIM64EP,0.0
TRIM64FP,0.0
TRIM65,0.866058549240148
TRIM66,0.0
TRIM67,0.0
TRIM68,2.4089716970348407
TRIM69,0.9879310210915638
TRIM7,0.0
TRIM71,0.0
TRIM72,0.0
TRIM73,0.0
TRIM73,0.0
TRIM74,0.0
TRIM74,0.0
TRIM77,0.0
TRIM8,1.365702298095103
TRIM9,1.4821708087520635
TRIML1,0.0
TRIML2,0.0
TRIO,2.082006475794047
TRIOBP,0.0
TRIP10,0.0
TRIP11,2.395324698237797
TRIP12,0.5288907918624668
TRIP13,0.0
TRIP4,1.7929621417944026
TRIP6,0.0
TRIQK,0.0
TRIT1,0.0
TRMT1,0.0
TRMT10A,0.0
TRMT10B,0.0
TRMT10C,0.0
TRMT11,0.0
TRMT112,1.9972334333569983
TRMT112P1,0.0
TRMT112P2,0.0
TRMT112P4,0.9509808635159877
TRMT112P5,0.0
TRMT12,0.0
TRMT13,0.253644744093139
TRMT1L,1.470668879757139
TRMT2A,0.0
TRMT2B,0.0
TRMT2B-AS1,0.0
TRMT44,0.0
TRMT5,0.0
TRMT6,0.253644744093139
TRMT61A,0.0
TRMT61B,2.403564248032412
TRMU,2.294326727479428
TRNAI2,0.0
TRNAI6,0.0
TRNAQ41P,0.0
TRNAS30P,0.0
TRNAU1AP,1.535511556564225
TRNP1,0.0
TRNT1,1.365702298095103
TRO,1.514954562424701
TROAP,0.0
TROVE2,2.4363062427831657
TRPA1,0.0
TRPC1,2.5689780801082973
TRPC2,0.0
TRPC3,0.0
TRPC4,0.5288907918624668
TRPC4AP,0.0
TRPC5,0.0
TRPC5OS,0.0
TRPC6,0.253644744093139
TRPC6P,0.0
TRPC6P,0.0
TRPC7,0.0
TRPC7-AS1,0.0
TRPC7-AS2,0.0
TRPM1,0.0
TRPM2,0.0
TRPM3,1.909127290849204
TRPM4,0.0
TRPM5,0.0
TRPM6,0.4127178969233909
TRPM7,1.5739182395996751
TRPM8,0.0
TRPS1,2.965469112327925
TRPT1,0.0
TRPV1,0.0
TRPV2,0.0
TRPV3,0.0
TRPV4,0.0
TRPV5,0.0
TRPV5,0.0
TRPV6,0.0
TRPV6,0.0
TRRAP,0.0
TRUB1,0.0
TRUB2,0.0
TSACC,0.0
TSC1,3.018760792832873
TSC2,0.253644744093139
TSC22D1,2.8445232668149205
TSC22D2,2.1356048908760363
TSC22D3,0.4127178969233909
TSC22D4,0.8164310788769841
TSEN15,0.0
TSEN15P1,0.0
TSEN15P2,0.0
TSEN15P3,0.0
TSEN2,0.0
TSEN2P1,0.0
TSEN34,0.0
TSEN34,0.0
TSEN34,0.0
TSEN34,0.0
TSEN34,0.0
TSEN34,0.0
TSEN34,0.0
TSEN34,0.0
TSEN34,0.0
TSEN34,0.0
TSEN54,0.0
TSFM,0.0
TSG101,0.0
TSGA10,0.9879310210915638
TSGA10IP,0.0
TSGA13,0.0
TSGA13,0.0
TSHB,0.0
TSHR,0.0
TSHZ1,0.9105921305334987
TSHZ2,0.0
TSHZ3,0.0
TSIX,0.0
TSKS,0.0
TSKU,0.0
TSLP,0.0
TSN,1.7873770459247007
TSNARE1,0.0
TSNAX,1.591918701844707
TSNAX-DISC1,0.0
TSNAXIP1,0.5288907918624668
TSPAN1,0.0
TSPAN10,0.0
TSPAN11,0.0
TSPAN12,0.0
TSPAN13,0.866058549240148
TSPAN14,0.0
TSPAN15,0.0
TSPAN16,0.0
TSPAN17,0.0
TSPAN18,0.0
TSPAN19,0.0
TSPAN2,0.0
TSPAN3,2.758112838517078
TSPAN31,0.0
TSPAN32,0.0
TSPAN33,0.0
TSPAN4,0.0
TSPAN5,0.253644744093139
TSPAN6,2.7118379636953547
TSPAN7,3.242090370033825
TSPAN8,0.0
TSPAN9,1.7817191880906658
TSPAN9-IT1,0.0
TSPEAR,0.0
TSPEAR,0.0
TSPEAR-AS1,0.0
TSPEAR-AS1,0.0
TSPO,0.0
TSPO2,0.0
TSPY1,0.0
TSPY10,0.0
TSPY11P,0.0
TSPY12P,0.0
TSPY13P,0.0
TSPY14P,0.0
TSPY15P,0.0
TSPY16P,0.0
TSPY17P,0.0
TSPY18P,0.0
TSPY19P,0.0
TSPY2,0.0
TSPY20P,0.0
TSPY21P,0.0
TSPY22P,0.0
TSPY23P,0.0
TSPY24P,0.0
TSPY25P,0.0
TSPY26P,0.0
TSPY3,0.0
TSPY4,0.0
TSPY5P,0.0
TSPY6P,0.0
TSPY7P,0.0
TSPY8,0.0
TSPYL1,2.7843618108885777
TSPYL2,0.0
TSPYL2,0.0
TSPYL4,2.033789239579625
TSPYL5,1.0829908296976
TSPYL6,0.0
TSR1,0.253644744093139
TSR2,0.0
TSR3,0.0
TSRM,0.0
TSSC1,0.0
TSSC1-IT1,0.0
TSSC2,0.0
TSSC4,0.0
TSSK1A,0.0
TSSK1B,0.0
TSSK2,0.0
TSSK3,0.0
TSSK4,0.0
TSSK5P1,0.0
TSSK6,0.0
TST,0.0
TSTA3,0.253644744093139
TSTD1,0.0
TSTD2,0.0
TSTD3,0.0
TTBK1,0.0
TTBK2,0.4127178969233909
TTC1,0.0
TTC12,0.5288907918624668
TTC13,0.0
TTC14,2.4103131042734462
TTC16,0.0
TTC17,2.6368187937131613
TTC18,2.114952341510742
TTC19,0.4127178969233909
TTC21A,0.0
TTC21B,2.2908138602417827
TTC22,0.0
TTC23,0.0
TTC23L,0.0
TTC24,0.0
TTC25,0.0
TTC25,0.0
TTC26,0.0
TTC27,0.0
TTC28,2.148031149513286
TTC28-AS1,0.9509808635159877
TTC29,0.0
TTC3,2.6806431930615324
TTC3-AS1,0.0
TTC30A,0.0
TTC30B,0.0
TTC31,1.2060714458283772
TTC32,0.0
TTC33,0.0
TTC34,0.0
TTC36,0.0
TTC36,0.0
TTC37,1.2469559880685197
TTC38,0.0
TTC39A,0.0
TTC39B,0.253644744093139
TTC39C,0.0
TTC39CP1,0.0
TTC39DP,0.0
TTC3P1,2.0876739547681398
TTC4,0.5288907918624668
TTC40,0.0
TTC4P1,0.0
TTC5,0.0
TTC6,0.0
TTC7A,0.0
TTC7B,0.7603920768618123
TTC8,0.0
TTC9,0.0
TTC9B,0.0
TTC9C,0.0
TTF1,0.0
TTF2,0.0
TTI1,0.0
TTI2,0.0
TTK,0.0
TTL,0.0
TTLL1,1.591918701844707
TTLL10,0.0
TTLL10-AS1,0.0
TTLL11,0.0
TTLL11-IT1,0.0
TTLL12,0.0
TTLL13,0.0
TTLL2,0.0
TTLL3,0.0
TTLL4,2.41827568760464
TTLL5,1.470668879757139
TTLL6,0.0
TTLL7,1.945760348159504
TTLL7-IT1,0.0
TTLL8,0.0
TTLL9,0.0
TTN,1.9496463091932343
TTN-AS1,1.3944163697813394
TTPA,1.591918701844707
TTPAL,0.0
TTR,0.0
TTTY1,0.0
TTTY10,2.0585666748363742
TTTY11,0.0
TTTY12,0.0
TTTY13,0.0
TTTY14,0.0
TTTY15,2.209603534240357
TTTY16,0.0
TTTY17A,0.0
TTTY17B,0.0
TTTY17C,0.0
TTTY18,0.0
TTTY19,0.0
TTTY1B,0.0
TTTY2,0.0
TTTY20,0.0
TTTY21,0.0
TTTY21B,0.0
TTTY22,0.0
TTTY23,0.0
TTTY23B,0.0
TTTY25P,0.0
TTTY2B,0.0
TTTY3,0.0
TTTY4,0.0
TTTY4B,0.0
TTTY4C,0.0
TTTY5,0.0
TTTY6,0.0
TTTY6B,0.0
TTTY7,0.0
TTTY7B,0.0
TTTY8,0.0
TTTY8B,0.0
TTTY9B,0.0
TTYH1,0.0
TTYH1,0.253644744093139
TTYH1,1.7140700431083098
TTYH2,0.8164310788769841
TTYH3,0.253644744093139
TUB,1.0535570409588524
TUBA1A,2.4690977826455724
TUBA1B,1.8737491581138752
TUBA1C,0.253644744093139
TUBA3C,0.0
TUBA3D,0.0
TUBA3E,0.0
TUBA3FP,0.4127178969233909
TUBA3GP,0.0
TUBA4A,0.0
TUBA4B,0.0
TUBA8,0.0
TUBA8P2,1.5551393200304595
TUBAL3,0.0
TUBAL3,0.0
TUBAP,0.0
TUBB,0.0
TUBB,0.0
TUBB,0.0
TUBB,0.0
TUBB,0.0
TUBB,0.0
TUBB,0.0
TUBB,0.0
TUBB1,0.0
TUBB1P1,0.0
TUBB1P2,0.0
TUBB2A,2.2616385603063045
TUBB2B,2.106947208535701
TUBB2BP1,0.0
TUBB3,0.0
TUBB3,0.0
TUBB3P1,0.0
TUBB3P2,0.0
TUBB4A,1.1364750726028654
TUBB4AP1,0.0
TUBB4B,1.0829908296976
TUBB4BP1,0.0
TUBB4BP2,0.0
TUBB4BP3,0.0
TUBB4BP4,0.0
TUBB4BP5,0.0
TUBB4BP6,0.0
TUBB4BP7,0.0
TUBB6,0.253644744093139
TUBB7P,0.0
TUBB7P,0.0
TUBB8,0.0
TUBB8,0.0
TUBB8P1,0.0
TUBB8P10,0.0
TUBB8P11,0.0
TUBB8P2,0.0
TUBB8P3,0.0
TUBB8P4,0.0
TUBB8P5,0.0
TUBB8P6,0.0
TUBB8P7,0.0
TUBB8P8,0.0
TUBB8P9,0.0
TUBBP1,0.0
TUBBP10,0.0
TUBBP11,0.0
TUBBP2,0.0
TUBBP5,0.0
TUBBP6,0.0
TUBBP8,0.0
TUBBP9,0.0
TUBD1,0.0
TUBE1,0.0
TUBE1,0.0
TUBG1,0.0
TUBG1P,0.0
TUBG2,0.0
TUBGCP2,0.8164310788769841
TUBGCP3,0.5288907918624668
TUBGCP4,0.0
TUBGCP5,1.0535570409588524
TUBGCP6,1.7399052260407448
TUFM,2.265394471759429
TUFMP1,0.0
TUFT1,0.0
TUG1,2.422202893790851
TULP1,0.0
TULP2,0.0
TULP3,1.4213491305518202
TULP3P1,0.0
TULP4,1.266040025979822
TUSC1,0.0
TUSC2,0.0
TUSC2,0.0
TUSC3,0.0
TUSC5,0.0
TUSC7,1.7929621417944026
TUT1,0.0
TVP23A,0.0
TVP23B,0.0
TVP23BP1,0.0
TVP23BP2,0.0
TVP23C,1.5551393200304595
TVP23C-CDRT4,0.0
TVP23CP1,0.0
TVP23CP2,0.0
TWF1,0.0
TWF1P1,0.0
TWF2,0.0
TWIST1,0.0
TWIST2,0.0
TWISTNB,0.253644744093139
TWSG1,0.253644744093139
TXK,0.0
TXLNA,2.447514123328141
TXLNB,0.0
TXLNG,0.0
TXLNG2P,0.0
TXN,1.5454363124656982
TXN2,0.253644744093139
TXNDC11,1.1609342125054871
TXNDC12,0.0
TXNDC12-AS1,0.0
TXNDC15,2.767628605356711
TXNDC16,2.301268350872496
TXNDC17,1.3506004547184218
TXNDC2,0.0
TXNDC5,0.0
TXNDC8,0.0
TXNDC9,0.0
TXNIP,1.6721850324842915
TXNIP,0.5288907918624668
TXNL1,2.334403722386896
TXNL1P1,0.0
TXNL4A,0.0
TXNL4B,0.0
TXNRD1,0.0
TXNRD2,0.0
TXNRD3,0.0
TXNRD3NB,0.0
TYK2,2.106947208535701
TYMP,0.0
TYMS,0.0
TYR,0.0
TYRL,0.0
TYRO3,0.0
TYRO3P,0.0
TYROBP,0.0
TYRP1,0.0
TYSND1,0.0
TYW1,0.253644744093139
TYW1B,0.0
TYW3,0.0
TYW5,0.0
U1,0.0
U1,0.0
U1,0.0
U1,0.0
U1,0.0
U1,0.0
U1,0.0
U1,0.0
U1,0.0
U1,0.0
U1,0.0
U1,0.0
U1,0.0
U1,0.0
U1,0.0
U1,0.0
U1,0.0
U1,0.0
U1,0.0
U1,0.0
U1,0.0
U1,0.0
U1,0.0
U2,0.0
U2,0.0
U2,0.0
U2AF1,0.866058549240148
U2AF1L4,1.4467087411059607
U2AF2,0.5288907918624668
U2SURP,1.8737491581138752
U3,0.0
U3,0.0
U3,0.0
U3,0.0
U3,0.0
U3,0.0
U3,0.0
U3,0.0
U3,0.0
U3,0.0
U3,0.0
U3,0.0
U3,0.0
U3,0.0
U3,0.0
U3,0.0
U3,0.0
U3,0.0
U3,0.0
U3,0.0
U3,0.0
U3,0.0
U3,0.0
U3,0.0
U3,0.0
U3,0.0
U3,0.0
U3,0.0
U3,0.0
U3,0.0
U3,0.0
U3,0.0
U3,0.0
U3,0.0
U3,0.0
U3,0.0
U3,0.0
U3,0.0
U3,0.0
U3,0.0
U3,0.0
U3,0.0
U3,0.0
U3,0.0
U3,0.0
U3,0.0
U3,0.0
U3,0.0
U3,0.0
U3,0.0
U3,0.0
U3,0.0
U3,0.0
U3,0.0
U3,0.0
U3,0.0
U3,0.0
U3,0.0
U3,0.0
U3,0.0
U3,0.0
U3,0.0
U3,0.0
U3,0.0
U3,0.0
U3,0.0
U3,0.0
U3,0.0
U3,0.0
U3,0.0
U3,0.0
U3,0.0
U3,0.0
U3,0.0
U3,0.0
U3,0.0
U3,0.0
U3,0.0
U3,0.0
U3,0.0
U3,0.0
U3,0.0
U3,0.0
U3,0.0
U3,0.0
U3,0.0
U3,0.0
U4,0.0
U4,0.0
U4,0.0
U40455.1,0.0
U40455.1,0.0
U47924.27,0.0
U47924.27,0.0
U47924.29,0.0
U47924.29,0.0
U47924.30,0.0
U47924.30,0.0
U47924.31,0.0
U47924.31,0.0
U4atac,0.0
U51244.2,0.0
U52111.12,0.0
U52111.12,0.0
U52111.14,0.0
U52111.14,0.0
U6,0.0
U6,0.0
U6,0.0
U6,0.0
U6,0.0
U6,0.0
U6,0.0
U6,0.0
U6,0.0
U6,0.0
U6,0.0
U6,0.0
U6,0.0
U6,0.0
U6,0.0
U6,0.0
U6,0.0
U6,0.0
U6,0.0
U6,0.0
U6,0.0
U6,0.0
U6,0.0
U6,0.0
U6,0.0
U6,0.0
U6,0.0
U6,0.0
U6,0.0
U6,0.0
U6,0.0
U6,0.0
U6,0.0
U6,0.0
U6,0.0
U6,0.0
U6,0.0
U6,0.0
U6,0.0
U6,0.0
U6,0.0
U6,0.0
U6,0.0
U6,0.0
U6,0.0
U6,0.0
U6,0.0
U6,0.0
U6,0.0
U6,0.0
U6,0.0
U6,0.0
U6,0.0
U6,0.0
U6,0.0
U6,0.0
U6,0.0
U6,0.0
U6,0.0
U6,0.0
U6,0.0
U62631.5,0.0
U66059.29,0.0
U66059.29,0.0
U66059.58,0.0
U66059.58,0.0
U66061.31,0.0
U66061.39,0.0
U6atac,0.0
U7,0.0
U7,1.2060714458283772
U7,0.0
U7,0.0
U7,0.0
U73166.2,0.0
U73166.2,0.0
U73169.1,0.0
U73169.2,0.0
U8,0.0
U8,0.0
U8,0.0
U8,0.0
U8,0.0
U8,0.0
U8,0.0
U8,0.0
U8,0.0
U8,0.0
U8,0.0
U8,0.0
U8,0.0
U8,0.0
U8,0.0
U8,0.0
U8,0.0
U8,0.0
U8,0.0
U8,0.0
U8,0.0
U8,0.0
U8,0.0
U8,0.0
U8,0.0
U8,0.0
U8,0.0
U8,0.0
U8,0.0
U8,0.0
U82670.4,0.0
U82670.9,0.0
U82670.9,0.0
U82671.12,0.0
U82671.8,0.0
U82671.8,0.0
U82695.10,0.0
U82695.10,0.0
U82695.5,0.0
U82695.5,0.0
U82695.9,0.0
U82695.9,0.0
U85056.1,0.0
U85056.2,0.0
U85056.3,0.0
U85056.3,0.0
U85056.4,0.0
U85056.5,0.0
U91319.1,0.0
U91324.1,0.0
U91328.19,0.0
U91328.2,0.0
U91328.20,0.0
U91328.21,0.0
U91328.22,0.0
U95743.1,1.6572748854262789
UACA,0.0
UAP1,0.253644744093139
UAP1L1,0.0
UBA1,0.0
UBA1,0.0
UBA2,2.737171823261149
UBA3,0.0
UBA5,0.6204550963106681
UBA52,0.0
UBA52P3,0.0
UBA52P5,0.0
UBA52P6,0.0
UBA52P7,0.0
UBA52P8,0.0
UBA52P9,0.0
UBA6,0.0
UBA6-AS1,2.466751891535544
UBA7,0.0
UBAC1,1.6721850324842915
UBAC2,0.9879310210915638
UBAC2-AS1,0.0
UBALD1,0.0
UBALD2,0.0
UBAP1,1.4467087411059607
UBAP1L,0.9879310210915638
UBAP2,0.0
UBAP2L,0.9105921305334987
UBASH3A,0.0
UBASH3B,0.9879310210915638
UBB,2.6870639789367505
UBBP1,0.0
UBBP2,0.0
UBBP3,0.0
UBBP4,0.7603920768618123
UBBP5,0.0
UBC,2.9223668883998237
UBD,0.0
UBD,0.0
UBD,0.0
UBD,0.0
UBD,0.0
UBD,0.0
UBD,0.0
UBDP1,0.0
UBDP1,0.0
UBDP1,0.0
UBDP1,0.0
UBDP1,0.0
UBDP1,0.0
UBDP1,0.0
UBDP1,0.0
UBE2A,0.253644744093139
UBE2B,2.384089676728098
UBE2C,0.0
UBE2CP1,0.0
UBE2CP2,0.0
UBE2CP3,0.0
UBE2CP4,0.0
UBE2D1,0.0
UBE2D2,0.0
UBE2D3,2.490773627726723
UBE2D3P1,0.0
UBE2D3P2,0.0
UBE2D3P3,0.0
UBE2D3P4,0.0
UBE2D4,0.0
UBE2DNL,0.0
UBE2E1,0.0
UBE2E1-AS1,0.0
UBE2E2,0.0
UBE2E2-AS1,0.0
UBE2E3,0.0
UBE2F,0.0
UBE2F-SCLY,0.0
UBE2FP1,0.0
UBE2FP2,0.0
UBE2FP3,0.0
UBE2G1,0.0
UBE2G2,0.0
UBE2G2,0.253644744093139
UBE2H,1.266040025979822
UBE2HP1,0.0
UBE2I,0.0
UBE2J1,2.326353864510643
UBE2J2,0.0
UBE2K,1.825043511578913
UBE2L2,0.0
UBE2L3,0.866058549240148
UBE2L4,0.0
UBE2L5P,0.0
UBE2L6,2.240379527567605
UBE2M,0.0
UBE2MP1,0.0
UBE2N,2.2323834762232053
UBE2NL,0.0
UBE2O,0.0
UBE2Q1,0.866058549240148
UBE2Q1-AS1,0.0
UBE2Q2,0.0
UBE2Q2P1,0.253644744093139
UBE2Q2P2,1.0829908296976
UBE2Q2P3,0.0
UBE2Q2P4Y,0.0
UBE2Q2P5Y,0.0
UBE2QL1,0.0
UBE2R2,0.253644744093139
UBE2S,1.7005522897870602
UBE2SP1,0.0
UBE2SP2,0.0
UBE2T,0.9879310210915638
UBE2U,0.0
UBE2V1,1.434214011430753
UBE2V1P1,0.253644744093139
UBE2V1P10,0.0
UBE2V1P11,0.0
UBE2V1P12,0.0
UBE2V1P2,0.253644744093139
UBE2V1P3,0.0
UBE2V1P4,0.0
UBE2V1P5,0.0
UBE2V1P6,0.0
UBE2V1P7,0.0
UBE2V1P8,0.0
UBE2V1P9,0.253644744093139
UBE2V2,1.9937523923170493
UBE2V2P1,0.0
UBE2V2P2,0.0
UBE2V2P3,0.0
UBE2V2P4,0.0
UBE2W,0.0
UBE2WP1,0.0
UBE2Z,1.514954562424701
UBE3A,2.0675055056503746
UBE3AP2,0.0
UBE3B,1.6339035873850103
UBE3C,2.0006867942048503
UBE3D,0.0
UBE4A,0.0
UBE4B,0.7603920768618123
UBFD1,0.253644744093139
UBFD1P1,0.0
UBIAD1,0.0
UBL3,1.878332270313977
UBL4A,0.0
UBL4A,0.0
UBL4B,0.0
UBL5,1.4588540253591942
UBL5P1,0.0
UBL5P2,0.0
UBL5P3,0.0
UBL5P4,0.0
UBL7,0.0
UBL7-AS1,0.8164310788769841
UBLCP1,0.0
UBN1,0.0
UBN2,2.174178371429241
UBOX5,0.0
UBOX5-AS1,0.0
UBP1,1.9795423135776309
UBQLN1,1.7073637581471683
UBQLN1P1,0.0
UBQLN1P1,0.0
UBQLN1P1,0.0
UBQLN1P1,0.0
UBQLN1P1,0.0
UBQLN1P1,0.0
UBQLN1P1,0.0
UBQLN2,0.0
UBQLN3,0.0
UBQLN4,0.4127178969233909
UBQLN4P1,0.4127178969233909
UBQLN4P2,0.0
UBQLNL,0.0
UBR1,2.052503577203945
UBR2,2.739060718449993
UBR3,2.321451342363825
UBR4,2.6891833177622497
UBR5,0.6960356275201428
UBR7,1.3506004547184218
UBTD1,0.0
UBTD2,0.0
UBTF,0.7603920768618123
UBTFL1,0.0
UBTFL2,0.0
UBTFL3,0.0
UBTFL5,0.0
UBTFL6,0.0
UBTFL7,0.0
UBTFL8,0.0
UBXN1,0.0
UBXN10,0.0
UBXN11,0.0
UBXN2A,1.7461308297538636
UBXN2B,1.4933759616707991
UBXN4,2.654730042169973
UBXN6,0.0
UBXN7,1.0535570409588524
UBXN7-AS1,0.0
UBXN8,0.0
UCA1,0.0
UCHL1,2.0704446931415355
UCHL1-AS1,0.0
UCHL3,1.9573154496595009
UCHL5,1.2843206418841475
UCK1,0.0
UCK2,0.0
UCKL1,0.0
UCMA,0.0
UCN,0.0
UCN2,0.0
UCN3,0.0
UCN3,0.0
UCP1,0.0
UCP2,0.0
UCP3,0.0
UEVLD,0.0
UFC1,2.440074432617396
UFD1L,0.0
UFL1,1.1105557679530071
UFL1-AS1,0.0
UFM1,0.253644744093139
UFSP1,0.0
UFSP2,1.664793942489872
UGCG,1.6092026860167012
UGDH,0.0
UGDH-AS1,2.3826646406312797
UGGT1,0.0
UGGT2,0.5288907918624668
UGP2,2.014232018514904
UGT1A1,0.0
UGT1A10,0.0
UGT1A11P,0.0
UGT1A12P,0.0
UGT1A13P,0.0
UGT1A2P,0.0
UGT1A3,0.0
UGT1A4,0.0
UGT1A5,0.0
UGT1A6,0.0
UGT1A7,0.0
UGT1A8,0.0
UGT1A9,0.0
UGT2A1,0.0
UGT2A1,0.0
UGT2A2,0.0
UGT2A3,0.0
UGT2A3,0.0
UGT2A3P7,0.0
UGT2B10,0.0
UGT2B10,0.0
UGT2B11,0.0
UGT2B15,0.0
UGT2B15,0.0
UGT2B17,0.0
UGT2B28,0.0
UGT2B29P,0.0
UGT2B4,0.0
UGT2B7,0.0
UGT3A1,0.0
UGT3A2,0.253644744093139
UGT8,0.0
UHMK1,2.187803657942469
UHRF1,0.0
UHRF1BP1,0.0
UHRF1BP1L,0.0
UHRF2,1.3018627585701523
UHRF2P1,0.0
UIMC1,2.2837017157830157
ULBP1,0.0
ULBP2,0.0
ULBP3,0.0
ULK1,1.7073637581471683
ULK2,0.0
ULK3,0.0
ULK4,1.6175933905056985
ULK4P1,0.0
ULK4P2,0.0
ULK4P3,0.0
UMOD,0.0
UMODL1,0.0
UMPS,0.0
UNC119,2.106947208535701
UNC119B,0.0
UNC13A,0.0
UNC13B,0.0
UNC13C,0.0
UNC13D,0.0
UNC45A,0.866058549240148
UNC45B,0.0
UNC50,0.253644744093139
UNC5A,0.8164310788769841
UNC5B,0.0
UNC5B-AS1,0.0
UNC5C,1.9257912163520183
UNC5CL,0.0
UNC5D,2.449965965965583
UNC79,1.4213491305518202
UNC80,2.017553329078163
UNC93A,0.0
UNC93B1,0.0
UNC93B2,0.0
UNC93B3,0.0
UNC93B4,0.0
UNC93B5,0.0
UNC93B6,0.0
UNC93B7,0.0
UNC93B8,0.0
UNCX,0.0
UNG,1.2843206418841475
UNGP1,0.0
UNGP3,0.0
UNK,0.6204550963106681
UNKL,0.0
UOX,0.0
UPB1,0.0
UPF1,1.5739182395996751
UPF2,1.6496233519400156
UPF3A,1.408091496025075
UPF3AP1,0.0
UPF3AP2,0.0
UPF3AP3,0.0
UPF3B,1.0829908296976
UPK1A,0.0
UPK1A-AS1,0.0
UPK1B,0.0
UPK2,0.0
UPK3A,0.0
UPK3B,0.0
UPK3BL,0.0
UPK3BP1,0.0
UPP1,1.6418345900426288
UPP2,0.0
UPP2-IT1,0.0
UPRT,0.0
UQCC1,1.3349544931480026
UQCC2,2.3725562736934447
UQCR10,2.24235574718818
UQCR11,0.0
UQCR11,1.9378825323901545
UQCRB,2.1601117294155574
UQCRBP1,0.0
UQCRBP2,0.0
UQCRBP3,0.0
UQCRC1,0.0
UQCRC2,2.3561805014815937
UQCRC2P1,0.0
UQCRFS1,1.535511556564225
UQCRFS1P1,0.253644744093139
UQCRFS1P2,0.0
UQCRFS1P3,0.0
UQCRH,1.4213491305518202
UQCRHP1,0.0
UQCRHP1,0.0
UQCRHP1,0.0
UQCRHP1,0.0
UQCRHP1,0.0
UQCRHP1,0.0
UQCRHP2,0.253644744093139
UQCRHP3,0.0
UQCRHP4,0.0
UQCRQ,0.9509808635159877
URAD,0.0
URAHP,0.0
URB1,0.0
URB2,0.0
URGCP,0.0
URGCP-MRPS24,0.0
URI1,0.253644744093139
URM1,1.0535570409588524
UROC1,0.0
UROD,1.686600231622561
UROS,0.0
USB1,0.0
USE1,1.882867521541892
USF1,0.0
USF1P1,0.0
USF2,0.5288907918624668
USH1C,0.0
USH1G,0.0
USH2A,0.0
USHBP1,0.0
USMG5,1.266040025979822
USMG5P1,0.0
USO1,1.434214011430753
USP1,0.0
USP10,0.0
USP11,1.7073637581471683
USP12,0.0
USP12-AS1,0.0
USP12-AS2,0.0
USP12PX,0.0
USP12PY,0.0
USP13,1.1609342125054871
USP14,2.040117379352544
USP15,1.7817191880906658
USP16,2.0006867942048503
USP17L10,0.0
USP17L11,0.0
USP17L12,0.0
USP17L13,0.0
USP17L14P,0.0
USP17L15,0.0
USP17L16P,0.0
USP17L17,0.0
USP17L18,0.0
USP17L19,0.0
USP17L1P,0.0
USP17L2,0.0
USP17L20,0.0
USP17L21,0.0
USP17L22,0.0
USP17L23,0.0
USP17L24,0.0
USP17L25,0.0
USP17L26,0.0
USP17L27,0.0
USP17L28,0.0
USP17L29,0.0
USP17L3,0.0
USP17L30,0.0
USP17L4,0.0
USP17L5,0.0
USP17L6P,0.0
USP17L7,0.0
USP17L8,0.0
USP17L9P,0.0
USP18,0.0
USP19,0.0
USP2,0.0
USP2-AS1,0.0
USP20,1.0535570409588524
USP21,0.0
USP22,0.6960356275201428
USP24,2.4299523474751914
USP24P1,0.0
USP25,0.0
USP26,0.0
USP27X,0.0
USP27X-AS1,0.0
USP27X-AS1,0.0
USP28,2.3247258318379904
USP29,0.0
USP3,2.4725930298358136
USP3-AS1,1.85007876288628
USP30,2.3666726426487714
USP30-AS1,0.0
USP31,0.0
USP32,1.514954562424701
USP32P1,0.5288907918624668
USP32P2,0.253644744093139
USP32P3,1.1840889676042927
USP33,2.419588706139097
USP34,1.0829908296976
USP35,0.0
USP36,1.2843206418841475
USP37,1.909127290849204
USP38,0.0
USP39,0.6204550963106681
USP4,2.1305330951471686
USP40,2.238394274207005
USP41,0.0
USP42,0.0
USP43,0.0
USP44,0.0
USP45,0.253644744093139
USP46,2.348527823444325
USP46-AS1,0.0
USP47,2.5689780801082973
USP48,0.6204550963106681
USP49,0.0
USP5,0.0
USP5,0.0
USP50,0.0
USP51,0.6204550963106681
USP53,1.365702298095103
USP54,2.540159264871332
USP6,1.266040025979822
USP6NL,0.0
USP7,2.169539930830927
USP8,2.85858465782196
USP8P1,0.0
USP8P1,0.0
USP8P1,0.0
USP8P1,0.0
USP8P1,0.0
USP8P1,0.0
USP8P1,0.0
USP9X,2.9055684674774853
USP9Y,2.482913095194609
USP9YP1,0.0
USP9YP10,0.0
USP9YP11,0.0
USP9YP12,0.0
USP9YP13,0.0
USP9YP14,0.0
USP9YP15,0.0
USP9YP16,0.0
USP9YP17,0.0
USP9YP18,0.0
USP9YP19,0.0
USP9YP2,0.0
USP9YP20,0.0
USP9YP21,0.0
USP9YP22,0.0
USP9YP23,0.0
USP9YP24,0.0
USP9YP25,0.0
USP9YP26,0.0
USP9YP27,0.0
USP9YP28,0.0
USP9YP29,0.0
USP9YP3,0.0
USP9YP30,0.0
USP9YP31,0.0
USP9YP32,0.0
USP9YP33,0.0
USP9YP34,0.0
USP9YP35,0.0
USP9YP36,0.0
USP9YP4,0.0
USP9YP5,0.0
USP9YP6,0.0
USP9YP7,0.0
USP9YP8,0.0
USP9YP9,0.0
USPL1,0.0
UST,1.5551393200304595
UTF1,0.0
UTP11L,1.1105557679530071
UTP14A,0.0
UTP14C,0.4127178969233909
UTP15,0.4127178969233909
UTP18,0.8164310788769841
UTP20,0.0
UTP23,0.0
UTP3,1.8549171766299344
UTP6,0.0
UTRN,1.9418393023284208
UTS2,0.0
UTS2B,0.0
UTS2R,0.0
UTY,1.7271797157291466
UVRAG,0.6960356275201428
UVSSA,0.0
UXS1,1.1105557679530071
UXT,0.4127178969233909
VAC14,0.0
VAC14-AS1,2.384089676728098
VAMP1,0.5288907918624668
VAMP2,1.7271797157291466
VAMP3,0.0
VAMP4,0.0
VAMP5,0.0
VAMP7,0.0
VAMP7,0.0
VAMP8,0.0
VANGL1,0.0
VANGL2,0.5288907918624668
VAPA,2.529094110695821
VAPB,1.4467087411059607
VARS,0.0
VARS,0.0
VARS,0.0
VARS,0.0
VARS,0.0
VARS,0.0
VARS,0.0
VARS2,0.0
VARS2,0.0
VARS2,0.0
VARS2,0.0
VARSL,0.0
VARSL,0.0
VASH1,0.0
VASH2,0.0
VASN,1.9573154496595009
VASP,0.0
VAT1,1.6258250518828512
VAT1L,0.0
VAV1,0.0
VAV2,0.0
VAV3,0.0
VAV3-AS1,0.0
VAX1,0.0
VAX2,0.0
VAX2,0.0
VBP1,0.0
VBP1,0.0
VCAM1,0.0
VCAN,0.0
VCAN-AS1,0.0
VCL,0.0
VCP,1.1364750726028654
VCPIP1,1.365702298095103
VCPKMT,1.945760348159504
VCX,0.0
VCX2,0.0
VCX3A,0.0
VCX3B,0.0
VCY,0.0
VCY1B,0.0
VDAC1,0.0
VDAC1P1,0.0
VDAC1P10,0.0
VDAC1P11,0.0
VDAC1P12,0.0
VDAC1P2,0.0
VDAC1P2,0.0
VDAC1P3,0.0
VDAC1P4,0.0
VDAC1P5,0.0
VDAC1P6,0.0
VDAC1P7,0.0
VDAC1P8,0.0
VDAC1P9,0.0
VDAC2,2.024120707748976
VDAC2P1,0.0
VDAC3,2.487422233901307
VDAC3P1,0.0
VDR,0.0
VEGFA,1.4821708087520635
VEGFB,0.0
VEGFC,0.0
VENTX,0.0
VENTXP1,0.0
VENTXP2,0.0
VENTXP4,0.0
VENTXP5,0.0
VENTXP6,0.0
VENTXP7,0.0
VEPH1,0.0
VEZF1,2.385510052189798
VEZF1P1,0.0
VEZT,1.3349544931480026
VGF,0.0
VGLL1,0.0
VGLL2,0.0
VGLL3,0.0
VGLL4,0.9105921305334987
VHL,0.4127178969233909
VHLL,0.0
VIL1,0.0
VILL,1.9298591741236093
VIM,2.6905904863199512
VIM-AS1,0.0
VIMP,2.1455741788240514
VIMP1,0.0
VIP,2.5351645705754207
VIPAS39,0.0
VIPR1,0.0
VIPR1-AS1,0.0
VIPR2,0.0
VIT,0.0
VKORC1,0.4127178969233909
VKORC1L1,0.0
VLDLR,0.0
VMA21,1.1105557679530071
VMAC,0.0
VMO1,0.0
VMP1,2.0369648353432246
VN1R1,0.0
VN1R104P,0.0
VN1R104P,0.0
VN1R104P,0.0
VN1R104P,0.0
VN1R104P,0.0
VN1R105P,0.0
VN1R105P,0.0
VN1R105P,0.0
VN1R105P,0.0
VN1R105P,0.0
VN1R107P,0.0
VN1R108P,0.0
VN1R10P,0.0
VN1R110P,0.0
VN1R110P,0.0
VN1R11P,0.0
VN1R12P,0.0
VN1R13P,0.0
VN1R14P,0.0
VN1R14P,0.0
VN1R17P,0.0
VN1R2,0.0
VN1R20P,0.0
VN1R21P,0.0
VN1R25P,0.0
VN1R28P,0.0
VN1R28P,0.0
VN1R3,0.0
VN1R31P,0.0
VN1R32P,0.0
VN1R33P,0.0
VN1R34P,0.0
VN1R35P,0.0
VN1R36P,0.0
VN1R37P,0.0
VN1R38P,0.0
VN1R4,0.0
VN1R40P,0.0
VN1R42P,0.0
VN1R46P,0.0
VN1R48P,0.0
VN1R5,0.0
VN1R51P,0.0
VN1R53P,0.0
VN1R64P,0.0
VN1R65P,0.0
VN1R66P,0.0
VN1R67P,0.0
VN1R68P,0.0
VN1R69P,0.0
VN1R6P,0.0
VN1R70P,0.0
VN1R71P,0.0
VN1R78P,0.0
VN1R78P,0.0
VN1R79P,0.0
VN1R79P,0.0
VN1R7P,0.0
VN1R80P,0.0
VN1R81P,0.0
VN1R82P,0.0
VN1R83P,0.0
VN1R84P,0.0
VN1R84P,0.0
VN1R85P,0.0
VN1R85P,0.0
VN1R87P,0.0
VN1R88P,0.0
VN1R8P,0.0
VN1R90P,0.0
VN1R91P,0.0
VN1R92P,0.0
VN1R93P,0.0
VN1R96P,0.0
VN2R10P,0.0
VN2R11P,0.0
VN2R17P,0.0
VN2R19P,0.0
VN2R1P,0.0
VN2R3P,0.253644744093139
VN2R4P,0.0
VN2R5P,1.7522684493138374
VN2R6P,0.253644744093139
VN2R9P,0.0
VNN1,0.0
VNN2,0.253644744093139
VNN3,0.0
VOPP1,1.0535570409588524
VPRBP,0.0
VPRBP,0.0
VPREB1,0.0
VPREB3,0.0
VPS11,0.0
VPS11,0.0
VPS13A,1.9937523923170493
VPS13A-AS1,0.0
VPS13B,2.4524040442099
VPS13C,2.5381682749374206
VPS13D,2.224237439077597
VPS16,0.0
VPS18,0.0
VPS25,0.0
VPS25P1,0.0
VPS26A,0.0
VPS26AP1,0.9105921305334987
VPS26B,0.9879310210915638
VPS26BP1,0.0
VPS28,0.253644744093139
VPS28,1.535511556564225
VPS29,1.7140700431083098
VPS33A,0.253644744093139
VPS33B,0.0
VPS35,2.323091673214238
VPS36,0.0
VPS37A,1.408091496025075
VPS37B,0.0
VPS37C,0.0
VPS37D,0.0
VPS37D,0.0
VPS39,2.114952341510742
VPS41,2.0645462909179955
VPS45,0.0
VPS45,0.0
VPS4A,0.9509808635159877
VPS4B,0.253644744093139
VPS51,2.549979560319473
VPS52,0.0
VPS52,0.0
VPS52,0.0
VPS52,0.0
VPS52,0.0
VPS52,0.0
VPS52,0.0
VPS53,2.5331504971859498
VPS54,2.536168115408544
VPS72,0.0
VPS8,2.049439987961752
VPS9D1,0.6204550963106681
VPS9D1-AS1,0.0
VRK1,0.0
VRK2,1.4821708087520635
VRK3,0.0
VRTN,0.0
VSIG1,0.0
VSIG10,0.6204550963106681
VSIG10L,0.0
VSIG2,0.0
VSIG4,0.0
VSIG8,0.0
VSNL1,1.4213491305518202
VSTM1,0.0
VSTM1,0.0
VSTM1,0.0
VSTM1,0.0
VSTM1,0.0
VSTM1,0.0
VSTM1,0.0
VSTM1,0.0
VSTM1,0.0
VSTM1,0.0
VSTM2A,2.4299523474751914
VSTM2B,0.0
VSTM2L,0.0
VSTM4,0.0
VSTM5,0.0
VSX1,0.0
VSX2,0.0
VTA1,0.0
VTCN1,0.0
VTI1A,1.7140700431083098
VTI1B,1.0219824427879696
VTI1BP1,0.0
VTI1BP2,0.0
VTI1BP3,0.0
VTI1BP4,0.0
VTN,0.0
VTN,0.0
VTRNA1-1,0.0
VTRNA1-2,0.0
VTRNA1-3,0.0
VTRNA2-1,0.253644744093139
VTRNA3-1P,0.0
VTRNA3-1P,0.0
VWA1,1.1840889676042927
VWA2,0.0
VWA3A,1.9338893813999691
VWA3B,1.8092989910424864
VWA5A,0.0
VWA5B1,0.0
VWA5B2,0.0
VWA7,0.0
VWA7,0.0
VWA7,0.0
VWA7,0.0
VWA7,0.0
VWA7,0.0
VWA8,2.5187842249330235
VWA8P1,0.0
VWA9,0.6204550963106681
VWC2,0.0
VWC2L,0.0
VWC2L-IT1,0.9509808635159877
VWCE,0.0
VWDE,0.0
VWF,0.0
VWFP1,0.0
Vault,0.0
Vault,0.0
Vault,0.0
Vault,0.0
WAC,1.864435233988068
WAC-AS1,1.6258250518828512
WAPAL,1.4933759616707991
WARS,0.0
WARS2,0.0
WARS2-IT1,0.0
WARS2P1,0.0
WAS,0.0
WAS,0.0
WASF1,0.0
WASF2,2.12797481183765
WASF3,2.052503577203945
WASF3-AS1,0.0
WASF4P,0.0
WASF4P,0.0
WASF5P,0.0
WASF5P,0.0
WASF5P,0.0
WASF5P,0.0
WASF5P,0.0
WASF5P,0.0
WASF5P,0.0
WASH2P,0.0
WASH3P,0.0
WASH4P,0.0
WASH5P,0.0
WASH6P,0.0
WASH6P,0.0
WASH7P,0.0
WASIR1,0.0
WASIR1,0.0
WASIR2,0.0
WASL,1.6418345900426288
WBP1,0.0
WBP11,0.4127178969233909
WBP11P1,0.0
WBP1L,0.0
WBP1LP1,0.0
WBP1LP1,0.0
WBP1LP2,0.0
WBP1LP3,0.0
WBP1LP4,0.0
WBP1LP5,0.0
WBP1LP6,0.0
WBP1LP7,0.0
WBP2,1.380296600302216
WBP2NL,0.8164310788769841
WBP2P1,0.0
WBP4,0.6960356275201428
WBP5,0.253644744093139
WBSCR16,0.0
WBSCR16,0.0
WBSCR17,0.6960356275201428
WBSCR22,0.0
WBSCR22,0.0
WBSCR27,0.0
WBSCR27,0.0
WBSCR28,0.0
WBSCR28,0.0
WDFY1,0.0
WDFY2,1.4213491305518202
WDFY3,2.073364122649164
WDFY3-AS1,0.0
WDFY3-AS2,0.866058549240148
WDFY4,0.0
WDHD1,0.0
WDPCP,1.6339035873850103
WDR1,0.0
WDR11,2.392543073202304
WDR11-AS1,0.0
WDR12,0.0
WDR13,0.0
WDR13,0.0
WDR16,0.0
WDR17,0.9105921305334987
WDR18,1.1364750726028654
WDR19,1.2843206418841475
WDR20,1.4821708087520635
WDR24,0.0
WDR25,0.0
WDR26,1.990243223759475
WDR27,0.0
WDR3,2.4325050715827907
WDR31,0.4127178969233909
WDR33,0.0
WDR34,0.0
WDR35,1.525354679322857
WDR36,0.0
WDR37,1.9795423135776309
WDR38,0.0
WDR4,0.0
WDR41,2.2691181792527324
WDR43,1.514954562424701
WDR44,0.0
WDR45,0.0
WDR45,0.0
WDR45B,0.253644744093139
WDR46,0.0
WDR46,0.0
WDR46,0.0
WDR46,0.0
WDR46,0.0
WDR47,1.6794524383704983
WDR48,1.6418345900426288
WDR49,0.0
WDR5,0.0
WDR52,0.0
WDR52-AS1,0.0
WDR53,0.0
WDR54,0.0
WDR55,1.7461308297538636
WDR59,1.9972334333569983
WDR5B,0.0
WDR6,1.6721850324842915
WDR60,2.7204478330338
WDR61,0.8164310788769841
WDR62,0.0
WDR63,0.0
WDR64,1.1105557679530071
WDR65,0.0
WDR66,0.0
WDR7,1.8301673481627088
WDR7-UT1,0.0
WDR70,1.8092989910424864
WDR72,0.0
WDR73,0.4127178969233909
WDR74,1.0829908296976
WDR75,1.470668879757139
WDR76,1.2269946489498065
WDR77,0.0
WDR78,1.2269946489498065
WDR81,0.0
WDR82,1.2843206418841475
WDR82P1,0.0
WDR83,1.7522684493138374
WDR83OS,0.253644744093139
WDR86,0.0
WDR86-AS1,0.0
WDR87,0.0
WDR88,0.0
WDR89,0.0
WDR90,0.0
WDR91,2.392543073202304
WDR92,2.5249994793514587
WDR93,0.0
WDR95P,0.0
WDR96,0.0
WDSUB1,0.0
WDTC1,1.3187237340792874
WDYHV1,0.0
WEE1,0.0
WEE2,0.0
WEE2,0.0
WEE2-AS1,0.0
WEE2-AS1,0.0
WFDC1,0.0
WFDC10A,0.0
WFDC10B,0.0
WFDC11,0.0
WFDC12,0.0
WFDC13,0.0
WFDC2,0.0
WFDC3,0.0
WFDC5,0.0
WFDC6,0.0
WFDC8,0.0
WFDC9,0.0
WFIKKN1,0.0
WFIKKN2,0.0
WFS1,1.8301673481627088
WHAMM,0.4127178969233909
WHAMMP2,0.0
WHAMMP3,0.5288907918624668
WHSC1,1.1105557679530071
WHSC1L1,2.5844980532215875
WI2-1043J20.1,0.0
WI2-1528O10.1,0.0
WI2-1896O14.1,0.0
WI2-1896O14.1,0.0
WI2-1959D15.1,0.0
WI2-1959D15.1,0.0
WI2-2221J1.1,0.0
WI2-2334D6.1,0.0
WI2-2373I1.1,0.0
WI2-2373I1.2,0.0
WI2-2610K16.1,0.0
WI2-2942J8.1,0.0
WI2-2994D6.1,0.0
WI2-2998D17.2,0.0
WI2-3308P17.2,0.0
WI2-3658N16.1,0.253644744093139
WI2-80269A6.1,0.0
WI2-81516E3.1,0.0
WI2-85898F10.1,0.0
WI2-87327B8.1,0.0
WI2-87327B8.1,0.0
WI2-89031B12.1,0.0
WI2-89031B12.1,0.0
WI2-89927D4.1,0.0
WI2-925H4.1,0.0
WI2-925H4.1,0.0
WIBG,1.0219824427879696
WIF1,2.7471523067354853
WIPF1,0.0
WIPF2,0.8164310788769841
WIPF3,1.6794524383704983
WIPI1,1.0219824427879696
WIPI2,0.4127178969233909
WISP1,0.0
WISP1-UT1,0.0
WISP2,0.0
WISP3,0.0
WISP3,0.0
WIZ,0.4127178969233909
WLS,1.4467087411059607
WNK1,2.1577223471671347
WNK2,0.5288907918624668
WNK3,0.0
WNK3,0.0
WNK4,0.0
WNT1,0.0
WNT10A,0.0
WNT10B,0.0
WNT11,0.0
WNT16,0.0
WNT2,0.0
WNT2B,0.0
WNT3,0.0
WNT3A,0.0
WNT4,0.0
WNT5A,0.0
WNT5A-AS1,0.0
WNT5B,0.0
WNT6,0.0
WNT7A,0.0
WNT7B,0.253644744093139
WNT8A,0.0
WNT8B,0.0
WNT9A,0.0
WNT9B,0.0
WRAP53,0.0
WRAP73,0.0
WRB,1.0535570409588524
WRBP1,0.0
WRN,2.218026045772316
WRNIP1,0.0
WSB1,2.0273675268345333
WSB2,1.9496463091932343
WSCD1,0.0
WSCD2,0.0
WT1,0.0
WT1-AS,0.0
WTAP,1.8301673481627088
WTAPP1,0.0
WTIP,0.0
WWC1,2.250171908628923
WWC2,0.0
WWC2-AS1,0.0
WWC2-AS2,0.0
WWC3,1.9534978077301333
WWC3-AS1,1.6572748854262789
WWOX,1.9795423135776309
WWP1,1.5454363124656982
WWP1P1,0.0
WWP2,0.866058549240148
WWTR1,0.253644744093139
WWTR1-AS1,0.0
WWTR1-IT1,0.0
XAB2,0.4127178969233909
XAF1,1.8402371571691645
XAGE1A,0.0
XAGE1A,0.0
XAGE1B,0.0
XAGE1B,0.0
XAGE1C,0.0
XAGE1D,0.0
XAGE1E,0.0
XAGE2,0.0
XAGE2B,0.0
XAGE2B,0.0
XAGE3,0.0
XAGE3,0.0
XAGE5,0.0
XAGE5,0.0
XBP1,0.0
XBP1P1,0.0
XCL1,0.0
XCL2,0.0
XCR1,0.0
XDH,0.0
XG,0.0
XGPY,0.0
XIAP,0.0
XIAP-AS1,0.0
XIRP1,0.0
XIRP2,0.0
XIRP2-AS1,0.0
XIST,0.0
XK,0.0
XK,0.0
XKR3,0.0
XKR4,0.0
XKR5,0.0
XKR6,0.0
XKR7,0.0
XKR8,0.0
XKR9,0.0
XKRX,0.0
XKRYP1,0.0
XKRYP2,0.0
XKRYP3,0.0
XKRYP4,0.0
XKRYP5,0.0
XKRYP6,0.0
XPA,0.0
XPC,0.4127178969233909
XPNPEP1,0.0
XPNPEP2,0.0
XPNPEP3,1.8092989910424864
XPO1,1.2469559880685197
XPO4,0.8164310788769841
XPO5,0.866058549240148
XPO6,0.0
XPO7,1.1609342125054871
XPOT,2.4235041102690027
XPOTP1,0.0
XPR1,0.0
XRCC1,0.4127178969233909
XRCC2,1.9378825323901545
XRCC3,0.0
XRCC4,0.253644744093139
XRCC5,1.803921369136032
XRCC6,1.3349544931480026
XRCC6BP1,0.0
XRCC6BP1,0.0
XRCC6P1,0.0
XRCC6P2,0.0
XRCC6P2,0.0
XRCC6P3,0.0
XRCC6P4,0.0
XRCC6P5,0.0
XRN1,1.9759159375793864
XRN2,1.3018627585701523
XRRA1,1.4588540253591942
XX-2136C48.7,0.0
XX-2136C48.8,0.0
XX-C2158C12.1,0.0
XX-C2158C12.2,0.0
XX-C2158C6.1,0.0
XX-C2158C6.2,0.0
XX-C2158C6.3,0.0
XX-C283C717.1,0.0
XX-CR54.1,0.0
XX-CR54.3,0.0
XX-CR54.3,0.0
XX-DJ76P10__A.2,0.0
XX-FW80269A6.1,0.0
XX-FW81066F1.2,0.0
XX-FW81066F1.2,0.0
XX-FW83128A1.2,0.0
XX-FW83128A1.2,0.0
XX-FW84067D5.1,0.0
XX-FW84067D5.2,0.0
XXYLT1,0.253644744093139
XXYLT1-AS1,0.0
XXYLT1-AS2,0.0
XXbac-B135H6.15,0.0
XXbac-B135H6.18,0.0
XXbac-B33L19.10,0.0
XXbac-B33L19.3,0.0
XXbac-B33L19.4,0.0
XXbac-B33L19.6,0.0
XXbac-B444P24.10,0.0
XXbac-B444P24.13,0.0
XXbac-B444P24.14,0.0
XXbac-B444P24.8,0.0
XXbac-B461K10.4,0.0
XXbac-B476C20.10,0.0
XXbac-B476C20.11,0.0
XXbac-B476C20.13,0.0
XXbac-B476C20.14,0.0
XXbac-B476C20.17,0.0
XXbac-B476C20.9,0.0
XXbac-B562F10.11,0.0
XXbac-BCX105D18.9,0.0
XXbac-BCX196D17.5,0.0
XXbac-BCX196D17.5,0.0
XXbac-BCX196D17.5,0.0
XXbac-BCX196D17.5,0.0
XXbac-BCX196D17.5,0.0
XXbac-BCX196D17.5,0.0
XXbac-BCX196D17.5,0.0
XXbac-BPG116M5.15,0.0
XXbac-BPG116M5.15,0.0
XXbac-BPG116M5.15,0.0
XXbac-BPG118E17.9,0.0
XXbac-BPG118E17.9,0.0
XXbac-BPG118E17.9,0.0
XXbac-BPG118E17.9,0.0
XXbac-BPG118E17.9,0.0
XXbac-BPG118E17.9,0.0
XXbac-BPG118E17.9,0.0
XXbac-BPG13B8.10,0.0
XXbac-BPG13B8.10,0.0
XXbac-BPG13B8.10,0.0
XXbac-BPG13B8.10,0.0
XXbac-BPG13B8.10,0.0
XXbac-BPG13B8.10,0.0
XXbac-BPG13B8.10,0.0
XXbac-BPG13B8.10,0.0
XXbac-BPG154L12.4,0.0
XXbac-BPG157A10.21,0.0
XXbac-BPG16N22.5,0.0
XXbac-BPG170G13.31,0.0
XXbac-BPG170G13.31,0.0
XXbac-BPG170G13.32,0.0
XXbac-BPG181B23.4,0.0
XXbac-BPG181B23.4,0.0
XXbac-BPG181B23.4,0.0
XXbac-BPG181B23.4,0.0
XXbac-BPG181B23.6,0.0
XXbac-BPG181B23.7,0.0
XXbac-BPG181M17.5,0.0
XXbac-BPG181M17.6,0.0
XXbac-BPG248L24.10,0.0
XXbac-BPG248L24.10,0.0
XXbac-BPG248L24.10,0.0
XXbac-BPG248L24.10,0.0
XXbac-BPG248L24.10,0.0
XXbac-BPG248L24.10,0.0
XXbac-BPG248L24.10,0.0
XXbac-BPG248L24.12,0.0
XXbac-BPG248L24.13,0.0
XXbac-BPG249D20.9,0.0
XXbac-BPG249D20.9,0.0
XXbac-BPG249D20.9,0.0
XXbac-BPG249D20.9,0.0
XXbac-BPG249D20.9,0.0
XXbac-BPG249D20.9,0.0
XXbac-BPG249D20.9,0.0
XXbac-BPG249D20.9,0.0
XXbac-BPG252P9.10,0.0
XXbac-BPG252P9.9,0.0
XXbac-BPG254F23.6,0.0
XXbac-BPG254F23.6,0.0
XXbac-BPG254F23.6,0.0
XXbac-BPG254F23.6,0.0
XXbac-BPG254F23.6,0.0
XXbac-BPG254F23.6,0.0
XXbac-BPG254F23.6,0.0
XXbac-BPG254F23.7,0.0
XXbac-BPG254F23.7,0.0
XXbac-BPG254F23.7,0.0
XXbac-BPG254F23.7,0.0
XXbac-BPG254F23.7,0.0
XXbac-BPG254F23.7,0.0
XXbac-BPG254F23.7,0.0
XXbac-BPG254F23.7,0.0
XXbac-BPG27H4.8,0.0
XXbac-BPG27H4.8,0.0
XXbac-BPG27H4.8,0.0
XXbac-BPG27H4.8,0.0
XXbac-BPG27H4.8,0.0
XXbac-BPG27H4.8,0.0
XXbac-BPG299F13.14,0.0
XXbac-BPG299F13.14,0.0
XXbac-BPG299F13.14,0.0
XXbac-BPG299F13.14,0.0
XXbac-BPG299F13.14,0.0
XXbac-BPG299F13.14,0.0
XXbac-BPG299F13.14,0.0
XXbac-BPG299F13.15,0.0
XXbac-BPG299F13.16,0.0
XXbac-BPG299F13.17,0.0
XXbac-BPG300A18.13,0.0
XXbac-BPG308J9.3,0.0
XXbac-BPG308J9.3,0.0
XXbac-BPG308J9.3,0.0
XXbac-BPG308J9.3,0.0
XXbac-BPG308J9.3,0.0
XXbac-BPG308J9.3,0.0
XXbac-BPG308K3.5,0.0
XXbac-BPG308K3.5,0.0
XXbac-BPG308K3.5,0.0
XXbac-BPG308K3.5,0.0
XXbac-BPG308K3.5,0.0
XXbac-BPG308K3.5,0.0
XXbac-BPG308K3.5,0.0
XXbac-BPG308K3.5,0.0
XXbac-BPG308K3.6,0.0
XXbac-BPG308K3.6,0.0
XXbac-BPG308K3.6,0.0
XXbac-BPG308K3.6,0.0
XXbac-BPG308K3.6,0.0
XXbac-BPG308K3.6,0.0
XXbac-BPG308K3.6,0.0
XXbac-BPG308K3.6,0.0
XXbac-BPG32J3.20,0.0
XXbac-BPG34I8.3,0.0
XXbac-BPG55C20.7,0.0
XXbac-BPGBPG24O18.1,0.0
XXbac-BPGBPG34I8.1,0.0
XXbac-BPGBPG55C20.1,0.0
XXbac-BPGBPG55C20.2,1.0535570409588524
XXbac-BPGBPG55C20.3,0.0
XXcos-LUCA11.4,0.0
XXcos-LUCA11.5,0.0
XXyac-YM21GA2.1,0.0
XXyac-YM21GA2.3,0.0
XXyac-YM21GA2.4,0.0
XXyac-YM21GA2.6,0.0
XXyac-YM21GA2.7,0.0
XXyac-YR12DB5.1,0.0
XXyac-YR29IB3.1,0.0
XXyac-YRM2039.2,0.0
XXyac-YX155B6.2,0.0
XXyac-YX155B6.5,0.0
XXyac-YX155B6.6,0.0
XXyac-YX155B6.7,0.0
XXyac-YX155B6.7,0.0
XXyac-YX60D10.1,0.0
XXyac-YX65C7_A.2,0.0
XXyac-YX65C7_A.3,0.0
XXyac-YX65C7_A.4,0.0
XYLB,0.0
XYLT1,0.0
XYLT2,1.6721850324842915
YAE1D1,1.945760348159504
YAF2,0.5288907918624668
YAP1,0.0
YAP1P1,0.0
YAP1P2,0.0
YAP1P2,0.0
YARS,0.0
YARS2,0.0
YBEY,0.0
YBX1,1.4467087411059607
YBX1P1,0.0
YBX1P10,0.0
YBX1P2,0.0
YBX1P3,0.0
YBX1P4,0.0
YBX1P5,0.0
YBX1P6,0.0
YBX1P7,0.0
YBX1P8,0.0
YBX1P9,0.0
YBX2,0.0
YBX3,2.4260949053436867
YBX3P1,0.0
YDJC,0.0
YEATS2,0.0
YEATS2-AS1,0.0
YEATS4,2.0463546340021432
YES1,2.0904801984897694
YIF1A,2.0876739547681398
YIF1B,0.0
YIPF1,0.0
YIPF2,0.4127178969233909
YIPF3,1.408091496025075
YIPF4,1.664793942489872
YIPF5,0.6960356275201428
YIPF6,2.544114069578619
YIPF7,0.0
YJEFN3,0.0
YKT6,0.0
YLPM1,0.0
YME1L1,1.4821708087520635
YME1L1P1,0.0
YOD1,0.0
YPEL1,0.0
YPEL2,0.0
YPEL3,2.082006475794047
YPEL4,0.0
YPEL5,1.917539173272604
YRDC,0.0
YRDCP2,0.0
YRDCP3,0.0
YTHDC1,0.0
YTHDC1,0.0
YTHDC2,0.253644744093139
YTHDF1,0.0
YTHDF1P1,0.0
YTHDF2,2.326353864510643
YTHDF3,1.6092026860167012
YTHDF3-AS1,0.0
YWHAB,1.434214011430753
YWHAE,2.659283545788153
YWHAG,1.4933759616707991
YWHAH,0.866058549240148
YWHAQ,1.8691171639943336
YWHAQP5,0.0
YWHAQP6,0.0
YWHAQP7,0.0
YWHAQP9,0.0
YWHAZ,2.553846334661813
YWHAZP2,0.0
YWHAZP3,0.253644744093139
YWHAZP4,0.0
YWHAZP5,0.0
YWHAZP6,0.0
YWHAZP7,0.0
YWHAZP8,0.0
YY1,0.253644744093139
YY1AP1,2.2363999041364866
YY1P1,0.0
YY1P2,0.0
YY2,1.380296600302216
Y_RNA,0.0
Y_RNA,0.0
Y_RNA,0.0
Y_RNA,0.0
Y_RNA,0.0
Y_RNA,0.0
Y_RNA,0.0
Y_RNA,0.0
Y_RNA,0.0
Y_RNA,0.0
Y_RNA,0.0
Y_RNA,0.0
Y_RNA,0.0
Y_RNA,0.0
Y_RNA,0.0
Y_RNA,0.0
Y_RNA,0.0
Y_RNA,0.0
Y_RNA,0.0
Y_RNA,0.0
Y_RNA,0.0
Y_RNA,0.0
Y_RNA,0.0
Y_RNA,0.0
Y_RNA,0.0
Y_RNA,0.0
Y_RNA,0.0
Y_RNA,0.0
Y_RNA,0.0
Y_RNA,0.0
Y_RNA,0.0
Y_RNA,0.0
Y_RNA,0.0
Y_RNA,0.0
Y_RNA,0.0
Y_RNA,0.0
Y_RNA,0.0
Y_RNA,0.0
Y_RNA,0.0
Y_RNA,0.0
Y_RNA,0.0
Y_RNA,0.0
Y_RNA,0.0
Y_RNA,0.0
Y_RNA,0.0
Y_RNA,0.0
Y_RNA,0.0
Y_RNA,0.0
Y_RNA,0.0
Y_RNA,0.0
Y_RNA,0.0
Y_RNA,0.0
Y_RNA,0.0
Y_RNA,0.0
Y_RNA,0.0
Y_RNA,0.0
Y_RNA,0.0
Y_RNA,0.0
Y_RNA,0.0
Y_RNA,0.0
Y_RNA,0.0
Y_RNA,0.0
Y_RNA,0.0
Y_RNA,0.0
Y_RNA,0.0
Y_RNA,0.0
Y_RNA,0.0
Y_RNA,0.0
Y_RNA,0.0
Y_RNA,0.0
Y_RNA,0.0
Y_RNA,0.0
Y_RNA,0.0
Y_RNA,0.0
Y_RNA,0.0
Y_RNA,0.0
Y_RNA,0.0
Y_RNA,0.0
Y_RNA,0.0
Y_RNA,0.0
Y_RNA,0.0
Y_RNA,0.0
Y_RNA,0.0
Y_RNA,0.0
Y_RNA,0.0
Y_RNA,0.0
Y_RNA,0.0
Y_RNA,0.0
Y_RNA,0.0
Y_RNA,0.0
Y_RNA,0.253644744093139
Y_RNA,0.0
Y_RNA,0.0
Y_RNA,0.0
Y_RNA,0.0
Y_RNA,0.0
Y_RNA,0.0
Y_RNA,0.0
Y_RNA,0.0
Y_RNA,0.0
Y_RNA,0.0
Y_RNA,0.0
Y_RNA,0.0
Y_RNA,0.0
Y_RNA,0.0
Y_RNA,0.0
Y_RNA,0.0
Y_RNA,0.0
Y_RNA,0.0
Y_RNA,0.0
Y_RNA,0.0
Y_RNA,0.0
Y_RNA,0.0
Y_RNA,0.0
Y_RNA,0.0
Y_RNA,0.0
Y_RNA,1.4933759616707991
Y_RNA,0.0
Y_RNA,0.0
Y_RNA,0.0
Y_RNA,0.0
Y_RNA,0.0
Y_RNA,0.0
Y_RNA,0.0
Y_RNA,0.0
Y_RNA,0.0
Y_RNA,0.0
Y_RNA,0.0
Y_RNA,0.0
Y_RNA,0.0
Y_RNA,0.0
Y_RNA,0.0
Y_RNA,0.0
Y_RNA,0.0
Y_RNA,0.0
Y_RNA,0.0
Y_RNA,0.0
Y_RNA,0.0
Y_RNA,0.0
Y_RNA,0.0
Y_RNA,0.0
Y_RNA,0.0
Y_RNA,0.0
Y_RNA,0.0
Y_RNA,0.0
Y_RNA,0.0
Y_RNA,0.0
Y_RNA,0.0
Y_RNA,0.0
Y_RNA,0.0
Y_RNA,0.0
Y_RNA,0.0
Y_RNA,0.0
Y_RNA,0.0
Y_RNA,0.6204550963106681
Y_RNA,0.0
Y_RNA,0.0
Y_RNA,0.0
Y_RNA,0.0
Y_RNA,0.0
Y_RNA,0.0
Y_RNA,0.0
Y_RNA,0.0
Y_RNA,0.0
Y_RNA,0.0
Y_RNA,0.0
Y_RNA,0.0
Y_RNA,0.0
Y_RNA,0.0
Y_RNA,0.0
Y_RNA,0.0
Y_RNA,0.0
Y_RNA,0.0
Y_RNA,0.0
Y_RNA,0.0
Y_RNA,0.0
Y_RNA,0.0
Y_RNA,0.0
Y_RNA,0.0
Y_RNA,0.0
Y_RNA,0.0
Y_RNA,0.0
Y_RNA,0.0
Y_RNA,0.0
Y_RNA,0.0
Y_RNA,0.0
Y_RNA,0.0
Y_RNA,0.0
Y_RNA,0.0
Y_RNA,0.0
Y_RNA,0.0
Y_RNA,0.6204550963106681
Y_RNA,0.0
Y_RNA,0.0
Y_RNA,0.0
Y_RNA,0.0
Y_RNA,0.0
Y_RNA,0.0
Y_RNA,0.0
Y_RNA,0.0
Y_RNA,0.0
Y_RNA,0.0
Y_RNA,0.0
Y_RNA,0.0
Y_RNA,0.0
Y_RNA,0.0
Y_RNA,0.0
Y_RNA,0.0
Y_RNA,0.0
Y_RNA,0.0
Y_RNA,0.0
Y_RNA,0.0
Y_RNA,0.0
Y_RNA,0.0
Y_RNA,0.0
Y_RNA,0.0
Y_RNA,0.0
Y_RNA,0.0
Y_RNA,0.0
Y_RNA,0.0
Y_RNA,0.0
Y_RNA,0.0
Y_RNA,0.0
Y_RNA,0.0
Y_RNA,0.0
Y_RNA,0.0
Y_RNA,0.0
Y_RNA,0.0
Y_RNA,0.0
Y_RNA,0.0
Y_RNA,0.0
Y_RNA,0.0
Y_RNA,0.0
Y_RNA,0.0
Y_RNA,0.0
Y_RNA,0.0
Y_RNA,0.0
Y_RNA,0.0
Y_RNA,0.0
Y_RNA,0.0
Y_RNA,0.0
Y_RNA,0.0
Y_RNA,0.0
Y_RNA,0.0
Y_RNA,0.0
Y_RNA,0.0
Y_RNA,0.0
Y_RNA,0.0
Y_RNA,0.0
Y_RNA,0.0
Y_RNA,0.0
Y_RNA,0.0
Y_RNA,0.0
Y_RNA,0.0
Y_RNA,0.0
Y_RNA,0.0
Y_RNA,0.0
Y_RNA,0.0
Y_RNA,0.0
Y_RNA,0.0
Y_RNA,0.0
Y_RNA,0.0
Y_RNA,0.0
Y_RNA,0.0
Y_RNA,0.0
Y_RNA,0.0
Y_RNA,0.0
Y_RNA,0.0
Y_RNA,0.0
Y_RNA,0.0
Y_RNA,0.0
Y_RNA,0.0
Y_RNA,0.0
Y_RNA,0.0
Y_RNA,0.0
Y_RNA,0.0
Y_RNA,0.0
Y_RNA,0.0
Y_RNA,0.0
Y_RNA,0.0
Y_RNA,0.0
Y_RNA,0.0
Y_RNA,0.0
Y_RNA,0.0
Y_RNA,0.0
Y_RNA,0.0
Y_RNA,0.0
Y_RNA,0.0
Y_RNA,0.0
Y_RNA,0.0
Y_RNA,0.0
Y_RNA,0.0
Y_RNA,0.0
Y_RNA,0.0
Y_RNA,0.0
Y_RNA,0.0
Y_RNA,0.0
Y_RNA,0.0
Y_RNA,0.0
Y_RNA,0.0
Y_RNA,0.0
Y_RNA,0.0
Y_RNA,0.0
Y_RNA,0.0
Y_RNA,0.0
Y_RNA,0.0
Y_RNA,0.0
Y_RNA,0.0
Y_RNA,0.0
Y_RNA,0.0
Y_RNA,0.0
Y_RNA,0.0
Y_RNA,0.0
Y_RNA,0.0
Y_RNA,0.0
Y_RNA,0.0
Y_RNA,0.0
Y_RNA,0.0
Y_RNA,0.0
Y_RNA,0.0
Y_RNA,0.0
Y_RNA,0.0
Y_RNA,0.0
Y_RNA,0.0
Y_RNA,0.0
Y_RNA,0.0
Y_RNA,0.0
Y_RNA,0.0
Y_RNA,0.0
Y_RNA,0.0
Y_RNA,0.0
Y_RNA,0.0
Y_RNA,0.0
Y_RNA,0.0
Y_RNA,0.0
Y_RNA,0.0
Y_RNA,0.0
Y_RNA,0.0
Y_RNA,0.0
Y_RNA,0.0
Y_RNA,0.0
Y_RNA,0.0
Y_RNA,0.0
Y_RNA,0.0
Y_RNA,0.0
Y_RNA,0.0
Y_RNA,0.0
Y_RNA,0.0
Y_RNA,0.0
Y_RNA,0.0
Y_RNA,0.0
Y_RNA,0.6960356275201428
Y_RNA,0.0
Y_RNA,0.0
Y_RNA,0.0
Y_RNA,0.0
Y_RNA,0.0
Y_RNA,0.0
Y_RNA,0.0
Y_RNA,0.0
Y_RNA,0.0
Y_RNA,0.0
Y_RNA,0.0
Y_RNA,0.0
Y_RNA,0.0
Y_RNA,1.1364750726028654
Y_RNA,0.0
Y_RNA,0.0
Y_RNA,0.0
Y_RNA,0.0
Y_RNA,0.0
Y_RNA,0.0
Y_RNA,0.0
Y_RNA,0.0
Y_RNA,0.0
Y_RNA,0.0
Y_RNA,0.0
Y_RNA,0.0
Y_RNA,0.0
Y_RNA,0.0
Y_RNA,0.0
Y_RNA,0.0
Y_RNA,0.0
Y_RNA,0.0
Y_RNA,0.0
Y_RNA,0.0
Y_RNA,0.0
Y_RNA,0.0
Y_RNA,0.0
Y_RNA,0.0
Y_RNA,0.0
Y_RNA,0.0
Y_RNA,0.0
Y_RNA,0.0
Y_RNA,0.0
Y_RNA,0.0
Y_RNA,0.0
Y_RNA,0.0
Y_RNA,0.0
Y_RNA,0.0
Y_RNA,0.0
Y_RNA,0.0
Y_RNA,0.0
Y_RNA,1.4588540253591942
Y_RNA,0.0
Y_RNA,0.0
Y_RNA,0.0
Y_RNA,0.0
Y_RNA,0.0
Y_RNA,0.0
Y_RNA,0.0
Y_RNA,0.0
Y_RNA,0.0
Y_RNA,0.0
Y_RNA,0.0
Y_RNA,0.0
Y_RNA,0.0
Y_RNA,0.0
Y_RNA,0.0
Y_RNA,0.0
Y_RNA,0.0
Y_RNA,0.0
Y_RNA,0.0
Y_RNA,0.0
Y_RNA,0.0
Y_RNA,0.0
Y_RNA,0.0
Y_RNA,0.0
Y_RNA,0.0
Y_RNA,0.0
Y_RNA,0.0
Y_RNA,0.0
Y_RNA,0.0
Y_RNA,0.0
Y_RNA,0.0
Y_RNA,0.0
Y_RNA,0.0
Y_RNA,0.0
Y_RNA,0.0
Y_RNA,0.0
Y_RNA,0.0
Y_RNA,0.0
Y_RNA,0.0
Y_RNA,0.0
Y_RNA,0.0
Y_RNA,0.0
Y_RNA,0.0
Y_RNA,0.0
Y_RNA,0.0
Y_RNA,0.0
Y_RNA,0.0
Y_RNA,0.0
Y_RNA,0.0
Y_RNA,0.0
Y_RNA,0.0
Y_RNA,0.0
Y_RNA,0.0
Y_RNA,0.0
Y_RNA,0.0
Y_RNA,0.0
Y_RNA,0.0
Y_RNA,0.0
Y_RNA,0.0
Y_RNA,0.0
Y_RNA,0.0
Y_RNA,0.0
Y_RNA,0.0
Y_RNA,0.0
Y_RNA,0.0
Y_RNA,0.0
Y_RNA,0.0
Y_RNA,0.0
Y_RNA,0.0
Y_RNA,0.0
Y_RNA,0.0
Y_RNA,0.0
Y_RNA,0.0
Y_RNA,0.0
Y_RNA,0.0
Y_RNA,0.0
Y_RNA,0.0
Y_RNA,0.0
Y_RNA,0.0
Y_RNA,0.0
Y_RNA,0.0
Y_RNA,0.0
Y_RNA,0.0
Y_RNA,0.0
Y_RNA,0.0
Y_RNA,0.0
Y_RNA,0.0
Y_RNA,0.0
Y_RNA,0.0
Y_RNA,0.0
Y_RNA,0.0
Y_RNA,0.0
Y_RNA,0.0
Y_RNA,0.0
Y_RNA,0.0
Y_RNA,0.0
Y_RNA,0.0
Y_RNA,1.9216847941836637
Y_RNA,0.0
Y_RNA,0.0
Y_RNA,0.0
Y_RNA,0.0
Y_RNA,0.0
Y_RNA,0.0
Y_RNA,0.0
Y_RNA,0.0
Y_RNA,0.0
Y_RNA,0.0
Y_RNA,0.0
Y_RNA,0.0
Y_RNA,0.0
Y_RNA,0.0
Y_RNA,0.0
Y_RNA,0.0
Y_RNA,0.0
Y_RNA,0.0
Y_RNA,0.0
Y_RNA,0.0
Y_RNA,0.0
Y_RNA,0.0
Y_RNA,0.0
Y_RNA,0.0
Y_RNA,0.0
Y_RNA,0.0
Y_RNA,0.0
Y_RNA,0.0
Y_RNA,0.0
Y_RNA,0.0
Y_RNA,0.0
Y_RNA,0.0
Y_RNA,0.0
Y_RNA,0.0
Y_RNA,0.0
Y_RNA,0.0
Y_RNA,0.0
Y_RNA,0.0
Y_RNA,0.0
Y_RNA,0.0
Y_RNA,0.0
Y_RNA,0.0
Y_RNA,0.0
Y_RNA,0.0
Y_RNA,0.0
Y_RNA,0.0
Y_RNA,0.0
Y_RNA,0.0
Y_RNA,0.0
Y_RNA,0.0
Y_RNA,0.0
Y_RNA,0.0
Y_RNA,0.0
Y_RNA,0.0
Y_RNA,0.0
Y_RNA,0.0
Y_RNA,0.0
Y_RNA,0.0
Y_RNA,0.0
Y_RNA,0.0
Y_RNA,0.0
Y_RNA,0.0
Y_RNA,0.0
Y_RNA,0.0
Y_RNA,0.0
Y_RNA,0.0
Y_RNA,0.0
Y_RNA,0.0
Y_RNA,0.0
Y_RNA,0.0
Y_RNA,0.0
Y_RNA,0.0
Y_RNA,0.0
Y_RNA,0.0
Y_RNA,0.0
Y_RNA,0.0
Y_RNA,0.0
Y_RNA,0.0
Y_RNA,0.0
Y_RNA,0.0
Y_RNA,0.0
Y_RNA,0.0
Y_RNA,0.0
Y_RNA,0.0
Y_RNA,0.0
Y_RNA,0.0
Y_RNA,0.0
Y_RNA,0.0
Y_RNA,0.0
Y_RNA,0.0
Y_RNA,0.0
Y_RNA,0.0
Y_RNA,0.0
Y_RNA,0.0
Y_RNA,0.0
Y_RNA,0.0
Y_RNA,0.0
Y_RNA,0.0
Y_RNA,0.0
Y_RNA,0.0
Y_RNA,0.0
Y_RNA,0.0
Y_RNA,0.0
Y_RNA,0.0
Y_RNA,0.0
Y_RNA,0.0
Y_RNA,0.0
Y_RNA,0.0
Y_RNA,0.0
Y_RNA,0.0
Y_RNA,0.0
Y_RNA,0.0
Y_RNA,0.0
Y_RNA,0.0
Y_RNA,0.0
Y_RNA,0.0
Y_RNA,0.0
Y_RNA,0.0
Y_RNA,0.0
Y_RNA,0.0
Y_RNA,0.0
Y_RNA,0.0
Y_RNA,0.0
Y_RNA,0.0
Y_RNA,0.0
Y_RNA,0.0
Y_RNA,0.0
Y_RNA,0.0
Y_RNA,0.0
Y_RNA,0.0
Y_RNA,0.0
Y_RNA,0.0
Y_RNA,0.0
Y_RNA,0.0
Y_RNA,0.0
Y_RNA,0.0
Y_RNA,0.0
Y_RNA,0.0
Y_RNA,0.0
Y_RNA,0.0
Y_RNA,0.0
Y_RNA,0.0
Y_RNA,0.0
Y_RNA,0.0
Y_RNA,0.0
Y_RNA,0.0
Y_RNA,0.0
Y_RNA,0.0
Y_RNA,0.0
Y_RNA,0.0
Y_RNA,0.0
Y_RNA,0.0
Y_RNA,0.0
Y_RNA,0.0
Y_RNA,0.0
Y_RNA,0.0
Y_RNA,0.0
Y_RNA,0.0
Y_RNA,0.0
Y_RNA,0.0
Y_RNA,0.0
Y_RNA,0.0
Y_RNA,0.0
Y_RNA,0.0
Y_RNA,0.0
Y_RNA,0.0
Y_RNA,0.0
Y_RNA,0.0
Y_RNA,0.0
Y_RNA,0.0
Y_RNA,0.0
Y_RNA,0.0
Y_RNA,0.0
Y_RNA,0.0
Y_RNA,0.0
Y_RNA,0.0
Y_RNA,0.0
Y_RNA,0.0
Y_RNA,0.0
Y_RNA,0.0
Y_RNA,0.0
Y_RNA,0.0
Y_RNA,0.0
Y_RNA,0.0
Y_RNA,0.0
Y_RNA,0.0
Y_RNA,0.0
Y_RNA,0.0
Y_RNA,0.0
Y_RNA,0.0
Y_RNA,0.0
Y_RNA,0.0
Y_RNA,0.0
Y_RNA,0.0
Y_RNA,0.0
Y_RNA,1.3944163697813394
Y_RNA,0.0
Y_RNA,0.0
Y_RNA,0.0
Y_RNA,0.0
Y_RNA,0.0
Y_RNA,0.0
Y_RNA,0.6204550963106681
Y_RNA,0.0
Y_RNA,0.0
Y_RNA,0.0
Y_RNA,0.0
Y_RNA,0.0
Y_RNA,0.0
Y_RNA,0.0
Y_RNA,0.0
Y_RNA,0.0
Y_RNA,0.0
Y_RNA,0.0
Y_RNA,0.0
Y_RNA,0.0
Y_RNA,0.0
Y_RNA,0.0
Y_RNA,0.0
Y_RNA,0.0
Y_RNA,0.0
Y_RNA,0.0
Y_RNA,0.0
Y_RNA,0.0
Y_RNA,0.0
Y_RNA,0.0
Y_RNA,0.0
Y_RNA,0.0
Y_RNA,0.0
Y_RNA,0.0
Y_RNA,0.0
Y_RNA,0.0
Y_RNA,0.0
Y_RNA,0.0
Y_RNA,0.0
Y_RNA,0.0
Y_RNA,0.0
Y_RNA,0.0
Y_RNA,0.0
Y_RNA,0.0
Y_RNA,0.0
Y_RNA,0.0
Y_RNA,0.0
Y_RNA,0.0
Y_RNA,0.0
Y_RNA,0.0
Y_RNA,0.0
Y_RNA,0.0
Y_RNA,0.0
Y_RNA,0.0
Y_RNA,0.0
Y_RNA,0.0
Y_RNA,0.0
Y_RNA,0.0
Y_RNA,0.0
Y_RNA,0.0
Y_RNA,0.0
Y_RNA,0.0
Y_RNA,0.0
Y_RNA,0.0
Y_RNA,0.0
Y_RNA,0.0
Y_RNA,0.0
Y_RNA,0.0
Y_RNA,0.0
Y_RNA,0.0
Y_RNA,0.0
Y_RNA,0.0
Y_RNA,0.0
Y_RNA,0.0
Y_RNA,0.0
Y_RNA,0.0
Y_RNA,0.0
Y_RNA,0.0
Y_RNA,0.0
Y_RNA,0.0
Y_RNA,0.0
Y_RNA,0.0
Y_RNA,0.0
Y_RNA,0.0
Y_RNA,0.0
Y_RNA,0.0
Y_RNA,0.0
Y_RNA,0.0
Y_RNA,0.0
Y_RNA,0.0
Y_RNA,0.0
Y_RNA,0.0
Y_RNA,0.0
Y_RNA,0.0
Y_RNA,0.0
Y_RNA,0.0
Y_RNA,0.0
Y_RNA,0.0
Y_RNA,0.0
Y_RNA,0.0
Y_RNA,0.0
Y_RNA,0.0
Y_RNA,0.0
Y_RNA,0.0
Y_RNA,0.0
Y_RNA,0.0
Y_RNA,0.0
Y_RNA,0.0
Y_RNA,0.0
Y_RNA,0.0
Y_RNA,0.0
Y_RNA,0.0
Y_RNA,0.0
Y_RNA,0.0
Y_RNA,0.0
Y_RNA,0.0
Y_RNA,0.0
Y_RNA,0.0
Y_RNA,0.0
Y_RNA,0.0
Y_RNA,0.0
Y_RNA,0.0
Y_RNA,0.0
Y_RNA,0.0
Y_RNA,0.0
Y_RNA,0.0
Y_RNA,0.0
Y_RNA,0.0
Y_RNA,0.0
Y_RNA,0.0
Y_RNA,0.0
Y_RNA,0.0
Y_RNA,0.0
Y_RNA,0.0
Y_RNA,0.0
Y_RNA,0.0
Y_RNA,0.0
Y_RNA,0.0
Y_RNA,0.0
Y_RNA,0.0
Y_RNA,0.0
Y_RNA,0.0
Y_RNA,0.0
Y_RNA,0.0
Y_RNA,0.0
Y_RNA,0.0
Y_RNA,0.0
Y_RNA,0.0
Y_RNA,0.0
Y_RNA,0.0
Y_RNA,0.0
Y_RNA,0.0
Y_RNA,0.0
Y_RNA,0.0
Y_RNA,0.0
Y_RNA,0.0
Y_RNA,0.0
Y_RNA,0.0
Y_RNA,0.0
Y_RNA,0.0
Y_RNA,0.0
Y_RNA,0.0
Y_RNA,0.0
Y_RNA,0.0
Y_RNA,0.0
Y_RNA,0.0
Y_RNA,0.0
Y_RNA,0.0
Y_RNA,0.0
Y_RNA,0.0
Y_RNA,0.0
Y_RNA,0.0
Y_RNA,0.0
Y_RNA,0.0
Y_RNA,0.0
Y_RNA,0.0
Y_RNA,0.0
Y_RNA,0.0
Y_RNA,0.0
Y_RNA,0.0
Y_RNA,0.0
Y_RNA,0.0
Y_RNA,0.0
Z69666.2,0.0
Z69720.2,0.0
Z69890.1,0.0
Z73964.1,0.0
Z73979.1,1.4213491305518202
Z82188.1,0.0
Z82214.2,0.0
Z82214.3,0.0
Z83001.1,0.4127178969233909
Z83307.3,0.0
Z83826.1,0.0
Z83840.1,0.0
Z83844.1,0.0
Z83851.1,0.0
Z83851.3,0.0
Z83851.4,0.0
Z84488.1,0.0
Z84721.4,0.0
Z84812.4,0.0
Z85986.1,0.0
Z93241.1,0.0
Z95114.3,0.0
Z95114.4,0.0
Z95114.5,0.0
Z95114.6,0.0
Z95114.7,0.0
Z95152.1,0.0
Z95400.1,0.0
Z95704.1,0.0
Z95704.2,0.0
Z95704.3,0.0
Z95704.3,0.0
Z95704.4,0.0
Z95704.5,0.0
Z97053.1,0.0
Z97054.1,0.0
Z97055.1,0.0
Z97351.1,0.0
Z97352.1,0.0
Z97356.1,0.0
Z97632.1,0.0
Z97634.3,1.7984763234491472
Z98044.1,0.0
Z98049.1,0.0
Z98256.1,0.0
Z98881.1,0.0
Z98941.1,0.0
Z98949.1,0.0
Z99756.1,0.0
ZACN,0.0
ZADH2,0.0
ZAN,0.0
ZAP70,0.0
ZAR1,0.0
ZAR1L,0.0
ZBBX,0.0
ZBED1,0.0
ZBED1,0.0
ZBED1P1,0.0
ZBED2,0.0
ZBED3,0.0
ZBED3-AS1,0.4127178969233909
ZBED4,0.0
ZBED5,2.0704446931415355
ZBED5-AS1,0.0
ZBED6,0.4127178969233909
ZBED6CL,0.0
ZBP1,0.0
ZBTB1,0.0
ZBTB10,0.0
ZBTB11,0.0
ZBTB11-AS1,0.0
ZBTB12,0.0
ZBTB12,0.0
ZBTB12,0.0
ZBTB12,0.0
ZBTB12,0.0
ZBTB12P1,0.0
ZBTB14,0.0
ZBTB16,1.6496233519400156
ZBTB17,0.0
ZBTB18,0.0
ZBTB2,0.0
ZBTB20,2.020849432240322
ZBTB20-AS1,0.0
ZBTB20-AS2,0.0
ZBTB20-AS3,0.0
ZBTB20-AS4,0.0
ZBTB21,0.0
ZBTB22,0.0
ZBTB22,0.0
ZBTB22,0.0
ZBTB22,0.0
ZBTB22,0.0
ZBTB24,0.0
ZBTB25,1.4588540253591942
ZBTB26,0.0
ZBTB3,0.0
ZBTB32,0.0
ZBTB33,0.0
ZBTB33,0.0
ZBTB34,1.365702298095103
ZBTB37,2.587180213029097
ZBTB38,1.7873770459247007
ZBTB39,0.0
ZBTB4,1.0535570409588524
ZBTB40,1.77598664737081
ZBTB40-IT1,0.0
ZBTB41,1.6175933905056985
ZBTB42,0.0
ZBTB43,2.391145550989741
ZBTB44,0.0
ZBTB45,0.0
ZBTB46,0.0
ZBTB47,0.0
ZBTB48,0.6204550963106681
ZBTB49,0.0
ZBTB5,0.0
ZBTB6,0.0
ZBTB7A,0.0
ZBTB7B,0.0
ZBTB7C,1.1609342125054871
ZBTB8A,0.0
ZBTB8B,0.253644744093139
ZBTB8OS,1.4933759616707991
ZBTB8OSP1,0.0
ZBTB8OSP2,0.0
ZBTB9,0.0
ZBTB9,0.0
ZC2HC1A,1.864435233988068
ZC2HC1B,0.0
ZC2HC1C,0.0
ZC3H10,0.0
ZC3H11A,2.096038866256799
ZC3H11B,0.4127178969233909
ZC3H12A,0.0
ZC3H12B,0.253644744093139
ZC3H12C,0.0
ZC3H12D,0.0
ZC3H13,1.76428944396994
ZC3H14,2.353135592761752
ZC3H15,0.0
ZC3H18,0.4127178969233909
ZC3H3,0.0
ZC3H4,1.6175933905056985
ZC3H6,0.253644744093139
ZC3H7A,2.755095889396969
ZC3H7B,0.6960356275201428
ZC3H8,0.0
ZC3HAV1,1.470668879757139
ZC3HAV1L,0.0
ZC3HC1,0.5288907918624668
ZC4H2,0.4127178969233909
ZCCHC10,1.7873770459247007
ZCCHC11,2.55863188529967
ZCCHC12,0.4127178969233909
ZCCHC13,0.0
ZCCHC14,0.253644744093139
ZCCHC16,0.0
ZCCHC17,1.9216847941836637
ZCCHC18,0.0
ZCCHC18,0.0
ZCCHC2,0.4127178969233909
ZCCHC24,0.0
ZCCHC3,0.0
ZCCHC4,0.0
ZCCHC5,0.0
ZCCHC6,0.253644744093139
ZCCHC7,2.354660715659528
ZCCHC8,0.8164310788769841
ZCCHC9,2.7664504744712297
ZCRB1,0.9105921305334987
ZCWPW1,0.0
ZCWPW2,0.6960356275201428
ZDBF2,0.0
ZDHHC1,0.0
ZDHHC11,0.0
ZDHHC11B,1.5551393200304595
ZDHHC12,0.0
ZDHHC13,0.0
ZDHHC14,0.8164310788769841
ZDHHC15,0.0
ZDHHC16,0.0
ZDHHC17,0.8164310788769841
ZDHHC18,0.0
ZDHHC19,0.0
ZDHHC2,2.192252054131328
ZDHHC20,0.0
ZDHHC20-IT1,0.0
ZDHHC20P1,0.0
ZDHHC20P1,0.0
ZDHHC20P1,0.0
ZDHHC20P1,0.0
ZDHHC20P1,0.0
ZDHHC20P1,0.0
ZDHHC20P1,0.0
ZDHHC20P2,0.0
ZDHHC20P2,0.0
ZDHHC20P2,0.0
ZDHHC20P2,0.0
ZDHHC20P2,0.0
ZDHHC20P3,0.0
ZDHHC20P4,0.0
ZDHHC21,2.1096320145730845
ZDHHC22,0.0
ZDHHC23,0.0
ZDHHC24,0.0
ZDHHC3,0.0
ZDHHC4,0.0
ZDHHC4P1,0.0
ZDHHC5,0.0
ZDHHC6,0.0
ZDHHC7,1.2469559880685197
ZDHHC8,0.0
ZDHHC8P1,0.0
ZDHHC9,0.253644744093139
ZEB1,1.2843206418841475
ZEB1-AS1,0.0
ZEB2,2.0585666748363742
ZEB2-AS1,0.0
ZEB2P1,0.0
ZER1,0.0
ZFAND1,2.096038866256799
ZFAND2A,0.5288907918624668
ZFAND2B,0.0
ZFAND3,0.0
ZFAND4,0.0
ZFAND5,2.5198262972373824
ZFAND6,1.7073637581471683
ZFAND6P1,0.0
ZFAS1,1.2060714458283772
ZFAT,0.0
ZFAT-AS1,0.0
ZFC3H1,1.5042992690810633
ZFHX2,0.0
ZFHX3,1.8597022796682896
ZFHX4,2.775209526713954
ZFHX4-AS1,2.799381933108056
ZFP1,2.2443230149111075
ZFP14,1.0219824427879696
ZFP2,1.266040025979822
ZFP28,2.741566533318803
ZFP3,1.6418345900426288
ZFP30,0.253644744093139
ZFP36,2.0675055056503746
ZFP36L1,2.392543073202304
ZFP36L2,2.5156429210302247
ZFP37,0.0
ZFP41,1.7399052260407448
ZFP41,0.0
ZFP42,0.0
ZFP57,0.0
ZFP57,0.0
ZFP57,0.0
ZFP57,0.0
ZFP57,0.0
ZFP57,0.0
ZFP57,0.0
ZFP57,0.0
ZFP62,0.0
ZFP64,0.0
ZFP64P1,0.0
ZFP69,0.0
ZFP69B,0.0
ZFP82,0.0
ZFP90,0.0
ZFP91,1.6339035873850103
ZFP91-CNTF,0.0
ZFP92,0.0
ZFP92,0.0
ZFPL1,1.1105557679530071
ZFPM1,0.0
ZFPM2,0.0
ZFR,1.9216847941836637
ZFR2,0.0
ZFRP1,0.0
ZFX,1.3187237340792874
ZFX-AS1,0.0
ZFY,0.0
ZFY-AS1,0.0
ZFYVE1,2.0555457066445686
ZFYVE16,2.64625589413827
ZFYVE19,0.0
ZFYVE20,2.5772635723654984
ZFYVE21,1.470668879757139
ZFYVE26,0.0
ZFYVE27,0.0
ZFYVE28,0.0
ZFYVE9,0.0
ZFYVE9P1,0.0
ZFYVE9P2,0.0
ZG16,0.0
ZG16B,0.0
ZGLP1,0.0
ZGPAT,0.0
ZHX1,0.0
ZHX1-C8ORF76,0.0
ZHX2,0.0
ZHX3,1.380296600302216
ZIC1,0.0
ZIC2,2.651667631186241
ZIC3,0.0
ZIC4,0.0
ZIC4-AS1,0.0
ZIC5,0.0
ZIK1,0.0
ZIK1P1,0.0
ZIM2,0.0
ZIM3,0.0
ZKSCAN1,1.5739182395996751
ZKSCAN2,0.5288907918624668
ZKSCAN3,0.0
ZKSCAN4,0.0
ZKSCAN5,0.0
ZKSCAN7,0.0
ZKSCAN8,0.0
ZMAT1,2.1330763966762865
ZMAT2,0.0
ZMAT3,0.0
ZMAT4,0.0
ZMAT5,0.0
ZMIZ1,0.6204550963106681
ZMIZ1-AS1,0.0
ZMIZ2,0.7603920768618123
ZMPSTE24,1.564630272110482
ZMYM1,1.8352314375814356
ZMYM2,1.3349544931480026
ZMYM3,2.595128713487992
ZMYM4,2.667509623861298
ZMYM4-AS1,1.693632285926403
ZMYM5,0.4127178969233909
ZMYM6,0.0
ZMYM6,0.0
ZMYM6NB,0.0
ZMYND10,0.0
ZMYND10-AS1,0.0
ZMYND11,1.693632285926403
ZMYND12,0.0
ZMYND15,0.0
ZMYND19,0.0
ZMYND19P1,0.0
ZMYND8,2.1455741788240514
ZNF10,0.0
ZNF100,0.253644744093139
ZNF100,0.0
ZNF101,1.1364750726028654
ZNF101P1,0.0
ZNF101P2,0.0
ZNF106,2.885859471724606
ZNF107,0.0
ZNF112,0.7603920768618123
ZNF114,0.0
ZNF114P1,0.0
ZNF117,0.4127178969233909
ZNF12,0.0
ZNF121,0.0
ZNF123P,0.0
ZNF124,0.0
ZNF131,1.7583205369987196
ZNF132,0.0
ZNF133,0.866058549240148
ZNF134,0.0
ZNF135,0.0
ZNF136,0.0
ZNF137P,0.0
ZNF138,0.0
ZNF14,1.5739182395996751
ZNF140,2.6842220092506404
ZNF141,0.0
ZNF141,0.0
ZNF142,1.3349544931480026
ZNF143,0.0
ZNF146,2.203177694386906
ZNF148,1.7873770459247007
ZNF154,0.0
ZNF155,0.0
ZNF157,0.0
ZNF16,1.1609342125054871
ZNF160,0.7603920768618123
ZNF165,0.0
ZNF169,0.0
ZNF17,0.0
ZNF174,0.0
ZNF175,0.0
ZNF177,0.0
ZNF177,0.0
ZNF18,0.5288907918624668
ZNF180,0.0
ZNF181,0.0
ZNF182,0.0
ZNF182,0.0
ZNF184,0.0
ZNF185,0.0
ZNF185,0.0
ZNF189,0.0
ZNF19,1.8691171639943336
ZNF192P1,0.7603920768618123
ZNF192P2,0.0
ZNF195,2.2482310165175106
ZNF197,0.0
ZNF197-AS1,0.0
ZNF2,0.0
ZNF20,0.0
ZNF200,1.4213491305518202
ZNF202,0.253644744093139
ZNF204P,0.0
ZNF205,0.0
ZNF205-AS1,1.6258250518828512
ZNF207,1.7873770459247007
ZNF208,0.0
ZNF209P,0.0
ZNF211,2.2872723466919624
ZNF212,0.0
ZNF213,0.0
ZNF214,0.0
ZNF215,0.0
ZNF217,0.0
ZNF219,0.0
ZNF22,1.5830117235334478
ZNF221,0.0
ZNF222,0.0
ZNF223,0.0
ZNF223,0.0
ZNF224,0.0
ZNF225,0.0
ZNF226,0.9879310210915638
ZNF227,0.866058549240148
ZNF229,1.1609342125054871
ZNF23,2.3710928217501697
ZNF230,0.0
ZNF232,0.0
ZNF233,0.253644744093139
ZNF234,0.0
ZNF235,1.5830117235334478
ZNF236,1.77598664737081
ZNF239,0.0
ZNF24,1.1364750726028654
ZNF248,0.0
ZNF25,0.0
ZNF250,1.9610998250314529
ZNF251,1.0829908296976
ZNF252P,2.138118749168065
ZNF252P-AS1,0.0
ZNF253,2.6947848406689783
ZNF254,0.0
ZNF256,0.253644744093139
ZNF257,0.0
ZNF259,0.0
ZNF259P1,0.0
ZNF26,0.0
ZNF26,0.0
ZNF260,2.571757511361985
ZNF263,0.0
ZNF264,0.0
ZNF266,1.4821708087520635
ZNF267,0.0
ZNF268,0.0
ZNF271,0.0
ZNF273,0.253644744093139
ZNF274,0.0
ZNF275,0.0
ZNF275,0.0
ZNF276,0.6960356275201428
ZNF277,2.114952341510742
ZNF28,1.0219824427879696
ZNF280A,0.0
ZNF280B,0.6204550963106681
ZNF280C,0.0
ZNF280D,2.490773627726723
ZNF281,0.0
ZNF282,0.0
ZNF283,0.7603920768618123
ZNF284,0.0
ZNF285,2.9203022774261806
ZNF285B,0.253644744093139
ZNF286A,0.0
ZNF286A,0.0
ZNF286B,0.0
ZNF287,0.0
ZNF292,2.728246697346292
ZNF295-AS1,0.0
ZNF296,0.0
ZNF299P,0.0
ZNF29P,0.0
ZNF3,0.0
ZNF30,0.0
ZNF300,0.0
ZNF300P1,0.6204550963106681
ZNF302,2.601211848112426
ZNF304,0.0
ZNF311,0.0
ZNF311,0.0
ZNF311,0.0
ZNF311,0.0
ZNF311,0.0
ZNF311,0.0
ZNF311,0.0
ZNF316,0.0
ZNF317,0.0
ZNF317P1,0.0
ZNF318,0.0
ZNF319,0.0
ZNF32,1.2843206418841475
ZNF32-AS1,0.5288907918624668
ZNF32-AS2,0.0
ZNF32-AS3,0.0
ZNF320,0.0
ZNF321P,0.0
ZNF322,0.0
ZNF322,0.0
ZNF322P1,0.0
ZNF324,0.0
ZNF324B,0.0
ZNF326,1.9133535980403211
ZNF329,0.0
ZNF330,1.3506004547184218
ZNF331,0.0
ZNF333,0.0
ZNF334,0.0
ZNF335,1.8737491581138752
ZNF337,0.0
ZNF33A,0.0
ZNF33AP1,0.0
ZNF33B,0.0
ZNF33B,0.6960356275201428
ZNF33BP1,0.0
ZNF34,0.0
ZNF341,0.0
ZNF343,0.253644744093139
ZNF345,1.664793942489872
ZNF346,0.0
ZNF346-IT1,0.0
ZNF347,0.253644744093139
ZNF35,1.8691171639943336
ZNF350,0.0
ZNF354A,0.0
ZNF354B,0.0
ZNF354C,2.59337490927884
ZNF355P,0.0
ZNF358,0.0
ZNF362,0.0
ZNF365,0.0
ZNF366,0.0
ZNF367,0.0
ZNF37A,0.0
ZNF37BP,0.0
ZNF382,0.5288907918624668
ZNF383,0.253644744093139
ZNF384,1.5739182395996751
ZNF385A,0.4127178969233909
ZNF385B,0.0
ZNF385C,0.0
ZNF385C,0.0
ZNF385D,1.3018627585701523
ZNF385D-AS1,0.0
ZNF385D-AS2,0.0
ZNF391,0.0
ZNF394,0.0
ZNF395,0.5288907918624668
ZNF396,0.0
ZNF397,0.0
ZNF398,0.0
ZNF402P,0.0
ZNF404,2.396708858117349
ZNF407,0.0
ZNF408,0.0
ZNF41,0.0
ZNF410,1.3187237340792874
ZNF414,0.0
ZNF415,0.0
ZNF416,0.0
ZNF417,0.0
ZNF418,0.0
ZNF419,2.010885112023206
ZNF420,0.0
ZNF423,1.3018627585701523
ZNF425,0.0
ZNF426,2.419588706139097
ZNF428,0.0
ZNF429,2.138118749168065
ZNF43,0.0
ZNF430,0.0
ZNF430,0.253644744093139
ZNF431,0.4127178969233909
ZNF432,0.0
ZNF433,0.0
ZNF436,0.0
ZNF438,0.5288907918624668
ZNF439,2.152903779930327
ZNF44,1.8597022796682896
ZNF440,2.4103131042734462
ZNF441,0.0
ZNF442,1.1840889676042927
ZNF443,0.0
ZNF444,0.0
ZNF444P1,0.0
ZNF445,0.6204550963106681
ZNF446,0.0
ZNF449,0.0
ZNF449,0.0
ZNF45,0.0
ZNF451,2.2672603164487475
ZNF454,0.0
ZNF460,1.365702298095103
ZNF461,0.0
ZNF462,2.09879174565615
ZNF467,0.0
ZNF468,1.7984763234491472
ZNF469,0.0
ZNF470,1.9795423135776309
ZNF471,2.513536023974904
ZNF473,0.0
ZNF474,0.0
ZNF479,0.0
ZNF48,0.0
ZNF480,0.0
ZNF483,0.0
ZNF484,0.0
ZNF485,0.0
ZNF486,0.0
ZNF486,0.0
ZNF487,0.0
ZNF488,0.0
ZNF488,0.0
ZNF490,0.0
ZNF491,0.0
ZNF492,0.0
ZNF493,1.5830117235334478
ZNF496,0.0
ZNF497,0.0
ZNF500,0.0
ZNF501,0.0
ZNF502,0.0
ZNF503,0.0
ZNF503-AS1,0.0
ZNF503-AS2,0.0
ZNF506,2.3097922043345585
ZNF507,1.3349544931480026
ZNF510,1.2469559880685197
ZNF511,0.0
ZNF512,2.150474298334609
ZNF512B,0.0
ZNF513,0.0
ZNF514,0.0
ZNF516,0.5288907918624668
ZNF517,0.0
ZNF518A,1.6572748854262789
ZNF518A,0.253644744093139
ZNF518B,0.0
ZNF519,0.0
ZNF521,1.3018627585701523
ZNF524,0.0
ZNF525,0.0
ZNF526,0.0
ZNF527,0.0
ZNF528,0.4127178969233909
ZNF529,0.0
ZNF530,0.0
ZNF532,0.0
ZNF534,0.0
ZNF536,0.0
ZNF540,0.0
ZNF541,0.0
ZNF542,0.0
ZNF543,0.0
ZNF544,1.266040025979822
ZNF546,2.076264058037105
ZNF547,0.0
ZNF548,0.0
ZNF549,0.253644744093139
ZNF550,0.0
ZNF551,1.7522684493138374
ZNF552,0.0
ZNF554,0.253644744093139
ZNF555,2.348527823444325
ZNF556,0.0
ZNF557,0.0
ZNF558,0.0
ZNF559,0.5288907918624668
ZNF560,0.0
ZNF561,0.0
ZNF562,0.253644744093139
ZNF563,0.0
ZNF564,0.0
ZNF565,0.0
ZNF566,0.0
ZNF567,0.0
ZNF568,0.6960356275201428
ZNF569,1.864435233988068
ZNF57,0.0
ZNF570,0.6204550963106681
ZNF571,0.0
ZNF571-AS1,1.5551393200304595
ZNF572,0.0
ZNF573,1.0535570409588524
ZNF574,0.0
ZNF575,0.8164310788769841
ZNF576,0.253644744093139
ZNF577,0.0
ZNF578,0.0
ZNF579,0.0
ZNF580,0.0
ZNF581,0.0
ZNF582,0.0
ZNF582-AS1,0.0
ZNF583,0.0
ZNF584,0.7603920768618123
ZNF585A,0.4127178969233909
ZNF585B,1.0829908296976
ZNF586,0.0
ZNF587,0.0
ZNF587B,0.253644744093139
ZNF587P1,0.0
ZNF589,0.866058549240148
ZNF592,0.0
ZNF593,0.0
ZNF594,0.0
ZNF595,0.0
ZNF595,0.0
ZNF596,1.3187237340792874
ZNF597,0.0
ZNF598,0.0
ZNF599,0.253644744093139
ZNF600,0.0
ZNF605,1.2843206418841475
ZNF606,1.4933759616707991
ZNF607,0.0
ZNF608,1.3944163697813394
ZNF609,0.8164310788769841
ZNF610,0.6204550963106681
ZNF611,0.0
ZNF613,0.253644744093139
ZNF614,0.0
ZNF615,1.0219824427879696
ZNF616,0.0
ZNF618,0.0
ZNF619,2.024120707748976
ZNF620,0.0
ZNF621,1.1609342125054871
ZNF622,0.0
ZNF623,0.0
ZNF624,0.0
ZNF625,0.0
ZNF625-ZNF20,0.0
ZNF626,0.0
ZNF626,0.0
ZNF627,1.408091496025075
ZNF628,0.0
ZNF629,0.6960356275201428
ZNF630,0.0
ZNF630,0.0
ZNF630-AS1,0.0
ZNF638,2.56147810683489
ZNF639,0.253644744093139
ZNF641,0.0
ZNF644,2.873589944404798
ZNF645,0.0
ZNF646,0.0
ZNF648,0.0
ZNF649,0.0
ZNF652,0.866058549240148
ZNF652P1,0.0
ZNF653,0.0
ZNF654,2.1672019996173213
ZNF655,0.5288907918624668
ZNF658,0.0
ZNF658B,0.0
ZNF66,0.0
ZNF660,0.0
ZNF662,0.0
ZNF663P,0.5288907918624668
ZNF664,0.6204550963106681
ZNF665,0.8164310788769841
ZNF667,0.0
ZNF667-AS1,1.0219824427879696
ZNF668,0.0
ZNF668,0.6204550963106681
ZNF669,0.0
ZNF670,0.0
ZNF671,0.0
ZNF672,0.0
ZNF674,0.0
ZNF674-AS1,0.0
ZNF675,0.0
ZNF676,0.0
ZNF676,0.0
ZNF677,0.0
ZNF678,0.0
ZNF679,0.0
ZNF680,0.253644744093139
ZNF681,1.3349544931480026
ZNF682,2.6189661368896244
ZNF683,0.0
ZNF684,0.0
ZNF687,0.0
ZNF688,0.0
ZNF689,2.138118749168065
ZNF69,0.0
ZNF691,2.4795002492565743
ZNF692,1.8691171639943336
ZNF695,0.0
ZNF696,0.0
ZNF697,0.0
ZNF699,2.9409144731971453
ZNF7,1.664793942489872
ZNF70,1.9133535980403211
ZNF700,0.0
ZNF701,0.0
ZNF702P,0.0
ZNF703,1.4467087411059607
ZNF704,0.6204550963106681
ZNF705A,0.0
ZNF705B,0.0
ZNF705C,0.0
ZNF705D,0.0
ZNF705E,0.0
ZNF705G,0.0
ZNF706,0.253644744093139
ZNF707,0.4127178969233909
ZNF707,0.0
ZNF708,1.9378825323901545
ZNF709,0.0
ZNF709,0.0
ZNF70P1,0.0
ZNF70P1,0.0
ZNF70P1,0.0
ZNF70P1,0.0
ZNF70P1,0.0
ZNF70P1,0.0
ZNF70P1,0.0
ZNF71,1.5454363124656982
ZNF710,0.0
ZNF711,2.1455741788240514
ZNF713,2.5219029704788327
ZNF714,0.6204550963106681
ZNF716,0.0
ZNF716,0.0
ZNF717,0.0
ZNF718,0.0
ZNF720,1.564630272110482
ZNF720P1,0.0
ZNF721,0.0
ZNF721,0.0
ZNF723,0.0
ZNF724P,0.0
ZNF725P,0.0
ZNF726,0.0
ZNF727,0.0
ZNF728,0.0
ZNF729,0.0
ZNF72P,0.0
ZNF730,0.0
ZNF732,0.0
ZNF732,0.0
ZNF733P,0.0
ZNF734P,0.0
ZNF736,2.203177694386906
ZNF736P10Y,0.0
ZNF736P11Y,0.0
ZNF736P12Y,0.0
ZNF736P1Y,0.0
ZNF736P2Y,0.0
ZNF736P3Y,0.0
ZNF736P4Y,0.0
ZNF736P5Y,0.0
ZNF736P6Y,0.0
ZNF736P7Y,0.0
ZNF736P8Y,0.0
ZNF736P9Y,0.0
ZNF737,0.0
ZNF737,0.0
ZNF738,0.0
ZNF74,2.5331504971859498
ZNF740,1.5454363124656982
ZNF746,0.0
ZNF747,0.0
ZNF747,0.0
ZNF749,0.0
ZNF750,0.0
ZNF75A,2.5239697608949863
ZNF75D,0.0
ZNF75D,0.0
ZNF76,1.882867521541892
ZNF761,0.0
ZNF763,0.0
ZNF763,1.85007876288628
ZNF764,0.0
ZNF765,0.253644744093139
ZNF766,0.0
ZNF767,0.0
ZNF768,0.0
ZNF77,1.1105557679530071
ZNF770,2.2995433191005747
ZNF771,0.0
ZNF772,0.0
ZNF773,0.0
ZNF774,0.0
ZNF775,1.0219824427879696
ZNF776,0.0
ZNF777,0.0
ZNF778,0.0
ZNF780A,0.8164310788769841
ZNF780B,0.5288907918624668
ZNF781,1.9418393023284208
ZNF782,0.0
ZNF783,0.0
ZNF784,0.0
ZNF785,0.0
ZNF786,0.0
ZNF787,0.0
ZNF788,0.0
ZNF788,0.253644744093139
ZNF789,2.21383520748566
ZNF79,0.0
ZNF790,0.0
ZNF791,0.0
ZNF792,0.0
ZNF793,1.535511556564225
ZNF799,0.253644744093139
ZNF8,0.0
ZNF8,0.0
ZNF80,0.0
ZNF800,2.6037930465114423
ZNF804A,0.0
ZNF804B,0.0
ZNF805,0.0
ZNF806,0.0
ZNF807,0.0
ZNF808,0.0
ZNF81,0.0
ZNF81,0.0
ZNF812,0.0
ZNF813,0.0
ZNF814,1.3349544931480026
ZNF815P,0.0
ZNF816,0.0
ZNF816-ZNF321P,0.0
ZNF818P,0.0
ZNF821,2.4963024452193863
ZNF823,0.0
ZNF826P,0.0
ZNF827,0.9105921305334987
ZNF829,1.1105557679530071
ZNF83,2.6585279362645604
ZNF830,0.7603920768618123
ZNF831,0.0
ZNF833P,0.0
ZNF835,0.0
ZNF836,0.0
ZNF837,0.0
ZNF839,1.3506004547184218
ZNF839P1,0.0
ZNF84,0.7603920768618123
ZNF84,0.9509808635159877
ZNF840,0.0
ZNF841,0.0
ZNF843,0.0
ZNF844,2.194459281556151
ZNF845,0.0
ZNF846,0.0
ZNF847P,0.0
ZNF849P,0.0
ZNF85,0.0
ZNF85,0.0
ZNF850,0.0
ZNF852,0.0
ZNF853,0.0
ZNF859P,0.0
ZNF860,0.0
ZNF861P,0.0
ZNF862,0.0
ZNF863P,0.0
ZNF865,0.0
ZNF876P,0.0
ZNF876P,0.0
ZNF877P,0.0
ZNF878,0.0
ZNF879,0.0
ZNF880,1.60064667142076
ZNF883,0.0
ZNF885P,0.0
ZNF886P,0.0
ZNF888,0.0
ZNF890P,0.0
ZNF891,0.0
ZNF90,0.0
ZNF90P1,0.0
ZNF90P2,0.0
ZNF90P2,0.0
ZNF90P2,0.0
ZNF90P2,0.0
ZNF90P2,0.0
ZNF90P2,0.0
ZNF90P3,0.0
ZNF91,1.9298591741236093
ZNF92,0.0
ZNF92P1Y,0.0
ZNF92P2,0.0
ZNF92P2,0.0
ZNF92P3,0.0
ZNF93,0.0
ZNF962P,0.0
ZNF965P,0.0
ZNF969P,0.0
ZNF98,0.0
ZNF99,0.0
ZNFX1,1.896195851746716
ZNHIT1,0.253644744093139
ZNHIT1P1,0.0
ZNHIT2,0.0
ZNHIT3,0.0
ZNHIT3,0.0
ZNHIT6,1.3506004547184218
ZNRD1,0.0
ZNRD1,0.0
ZNRD1,0.0
ZNRD1,0.0
ZNRD1,0.0
ZNRD1,0.0
ZNRD1,0.0
ZNRD1,0.0
ZNRD1-AS1,0.0
ZNRF1,0.0
ZNRF2,0.0
ZNRF2P1,0.0
ZNRF2P2,0.0
ZNRF2P3,0.0
ZNRF3,1.896195851746716
ZNRF3-AS1,0.0
ZNRF3-IT1,0.0
ZNRF4,0.0
ZP1,0.0
ZP2,0.0
ZP3,0.0
ZP4,0.0
ZPBP,1.60064667142076
ZPBP2,0.0
ZPLD1,0.0
ZRANB1,0.0
ZRANB2,2.540159264871332
ZRANB2-AS1,0.0
ZRANB2-AS2,1.5042992690810633
ZRANB3,0.0
ZRSR1,0.0
ZRSR2,1.7522684493138374
ZSCAN1,1.2269946489498065
ZSCAN10,0.0
ZSCAN12,0.0
ZSCAN12P1,0.0
ZSCAN16,0.0
ZSCAN16-AS1,0.0
ZSCAN18,0.253644744093139
ZSCAN2,2.117588261664702
ZSCAN20,0.0
ZSCAN21,1.4588540253591942
ZSCAN22,0.0
ZSCAN23,0.253644744093139
ZSCAN25,0.0
ZSCAN29,0.0
ZSCAN30,1.3187237340792874
ZSCAN31,0.253644744093139
ZSCAN32,0.0
ZSCAN4,0.0
ZSCAN5A,0.0
ZSCAN5B,0.0
ZSCAN5C,0.0
ZSCAN5D,0.0
ZSCAN9,0.0
ZSWIM1,0.0
ZSWIM2,0.0
ZSWIM3,0.0
ZSWIM4,0.0
ZSWIM5,0.0
ZSWIM5P1,0.0
ZSWIM5P2,0.0
ZSWIM5P3,0.0
ZSWIM6,0.6960356275201428
ZSWIM7,0.0
ZSWIM8,2.21383520748566
ZSWIM8-AS1,0.0
ZUFSP,0.0
ZW10,2.043247203864058
ZWILCH,0.0
ZWINT,0.0
ZXDA,0.0
ZXDB,1.380296600302216
ZXDC,1.825043511578913
ZYG11A,0.0
ZYG11AP1,0.0
ZYG11B,0.4127178969233909
ZYX,0.0
ZZEF1,1.1609342125054871
ZZZ3,2.152903779930327
bP-21201H5.1,0.0
hsa-mir-1199,0.0
hsa-mir-1236,0.0
hsa-mir-1236,0.0
hsa-mir-1236,0.0
hsa-mir-1236,0.0
hsa-mir-1236,0.0
hsa-mir-1253,0.0
hsa-mir-125a,0.0
hsa-mir-1273e,0.0
hsa-mir-150,0.0
hsa-mir-219a-1,0.0
hsa-mir-219a-1,0.0
hsa-mir-219a-1,0.0
hsa-mir-219a-1,0.0
hsa-mir-219a-1,0.0
hsa-mir-3149,0.0
hsa-mir-3171,0.0
hsa-mir-3180-3,0.0
hsa-mir-3180-3,0.0
hsa-mir-3180-3,0.0
hsa-mir-3180-4,0.0
hsa-mir-3181,0.0
hsa-mir-3195,0.0
hsa-mir-335,0.0
hsa-mir-335,0.0
hsa-mir-3669,0.0
hsa-mir-3670-2,0.0
hsa-mir-3673,0.0
hsa-mir-4259,0.0
hsa-mir-4528,0.0
hsa-mir-4536-2,0.0
hsa-mir-4537,0.0
hsa-mir-4537,0.0
hsa-mir-4538,0.0
hsa-mir-4538,0.0
hsa-mir-4539,0.0
hsa-mir-4539,0.0
hsa-mir-466,0.0
hsa-mir-490,0.0
hsa-mir-511,0.0
hsa-mir-5195,0.0
hsa-mir-5195,0.0
hsa-mir-548ba,0.0
hsa-mir-548o,0.0
hsa-mir-5571,0.0
hsa-mir-5572,0.0
hsa-mir-5588,0.0
hsa-mir-6080,1.0535570409588524
hsa-mir-661,0.0
hsa-mir-6723,2.010885112023206
hsa-mir-7162,0.0
hsa-mir-7515,0.0
hsa-mir-8072,0.0
hsa-mir-8078,0.0
hsa-mir-877,0.0
hsa-mir-877,0.0
hsa-mir-877,0.0
hsa-mir-877,0.0
hsa-mir-877,0.0
hsa-mir-877,0.0
hsa-mir-892c,0.0
hsa-mir-892c,0.0
hsa-mir-937,0.0
hsa-mir-939,0.0
snR65,0.0
snR65,0.0
snR65,0.0
snoMBII-202,0.0
snoMBII-202,0.0
snoMe28S-Am2634,0.0
snoMe28S-Am2634,0.0
snoMe28S-Am2634,0.0
snoR26,0.0
snoR442,0.0
snoR442,0.0
snoR442,0.0
snoR442,0.0
snoU109,0.0
snoU109,0.0
snoU109,0.0
snoU109,0.0
snoU109,0.5288907918624668
snoU109,0.0
snoU109,0.0
snoU13,0.0
snoU13,0.0
snoU13,0.0
snoU13,0.0
snoU13,0.0
snoU13,0.7603920768618123
snoU13,0.0
snoU13,0.0
snoU13,0.0
snoU13,0.0
snoU13,0.0
snoU13,0.0
snoU13,0.0
snoU13,0.0
snoU13,0.0
snoU13,0.0
snoU13,0.0
snoU13,0.0
snoU13,0.0
snoU13,0.0
snoU13,0.0
snoU13,0.0
snoU13,0.0
snoU13,0.0
snoU13,0.0
snoU13,0.0
snoU13,0.0
snoU13,0.0
snoU13,0.0
snoU13,0.0
snoU13,0.0
snoU13,0.0
snoU13,0.0
snoU13,0.0
snoU13,0.0
snoU13,0.0
snoU13,0.0
snoU13,0.0
snoU13,0.0
snoU13,0.0
snoU13,0.0
snoU13,0.0
snoU13,0.0
snoU13,0.0
snoU13,0.0
snoU13,0.0
snoU13,0.0
snoU13,0.0
snoU13,0.0
snoU13,0.0
snoU13,0.0
snoU13,0.0
snoU13,0.0
snoU13,0.0
snoU13,0.0
snoU13,0.0
snoU13,0.0
snoU13,0.0
snoU13,0.0
snoU13,0.0
snoU13,0.6204550963106681
snoU13,0.0
snoU13,0.0
snoU13,0.0
snoU13,0.0
snoU13,0.0
snoU13,0.0
snoU13,0.0
snoU13,0.0
snoU13,0.0
snoU13,0.0
snoU13,0.0
snoU13,0.0
snoU13,0.0
snoU13,0.0
snoU13,0.0
snoU13,0.0
snoU13,0.0
snoU13,0.0
snoU13,0.0
snoU13,0.0
snoU13,0.0
snoU13,0.0
snoU13,0.0
snoU13,0.0
snoU13,0.0
snoU13,1.1364750726028654
snoU13,0.0
snoU13,0.0
snoU13,1.9831386597707368
snoU13,0.0
snoU13,0.0
snoU13,0.0
snoU13,0.0
snoU13,0.0
snoU13,0.0
snoU13,0.0
snoU13,0.0
snoU13,0.0
snoU13,0.0
snoU13,0.0
snoU13,0.0
snoU13,0.0
snoU13,0.0
snoU13,0.0
snoU13,0.0
snoU13,0.0
snoU13,0.0
snoU13,0.0
snoU13,0.0
snoU13,0.0
snoU13,0.0
snoU13,0.0
snoU13,0.0
snoU13,0.0
snoU13,0.0
snoU13,0.0
snoU13,0.0
snoU13,0.0
snoU13,0.0
snoU13,0.0
snoU13,0.0
snoU13,0.0
snoU13,0.0
snoU13,0.0
snoU13,0.0
snoU13,0.0
snoU13,0.0
snoU13,0.0
snoU13,0.0
snoU13,0.0
snoU13,0.0
snoU13,0.0
snoU13,0.0
snoU13,0.0
snoU13,0.0
snoU13,0.0
snoU13,0.0
snoU13,0.0
snoU13,0.0
snoU13,0.0
snoU13,0.0
snoU13,0.0
snoU13,0.0
snoU13,0.0
snoU13,0.0
snoU13,0.0
snoU13,0.0
snoU13,0.0
snoU13,0.0
snoU13,0.0
snoU13,0.0
snoU13,0.0
snoU13,0.0
snoU13,0.0
snoU13,0.0
snoU13,0.0
snoU13,0.0
snoU13,0.0
snoU13,0.0
snoU13,0.0
snoU13,0.0
snoU13,0.0
snoU13,0.0
snoU13,0.0
snoU13,0.0
snoU13,0.0
snoU13,0.0
snoU13,0.0
snoU13,0.0
snoU13,0.0
snoU13,0.0
snoU13,0.0
snoU13,0.0
snoU13,0.0
snoU13,0.0
snoU13,0.0
snoU13,0.0
snoU13,0.0
snoU13,0.0
snoU13,0.0
snoU13,0.0
snoU13,0.0
snoU13,0.0
snoU13,0.0
snoU13,0.0
snoU13,0.0
snoU13,0.0
snoU13,0.0
snoU13,0.0
snoU13,0.0
snoU13,0.0
snoU13,0.0
snoU13,0.0
snoU13,0.0
snoU13,0.0
snoU13,0.0
snoU13,0.0
snoU13,0.0
snoU13,0.0
snoU13,0.0
snoU13,0.0
snoU13,0.0
snoU13,0.0
snoU13,0.0
snoU13,0.0
snoU13,0.0
snoU13,0.0
snoU13,0.0
snoU13,0.0
snoU13,0.0
snoU13,0.0
snoU13,0.0
snoU13,0.0
snoU13,0.0
snoU13,0.0
snoU13,0.0
snoU13,0.0
snoU13,0.0
snoU13,0.0
snoU13,0.0
snoU13,0.0
snoU13,0.0
snoU13,0.0
snoU13,0.0
snoU13,0.0
snoU13,0.0
snoU13,0.0
snoU13,0.0
snoU13,0.0
snoU13,0.0
snoU13,0.0
snoU13,0.0
snoU13,0.0
snoU13,0.0
snoU13,0.0
snoU13,0.0
snoU13,0.0
snoU13,0.0
snoU13,0.0
snoU13,0.0
snoU13,0.0
snoU13,0.0
snoU13,0.0
snoU13,0.0
snoU13,0.0
snoU13,0.0
snoU13,0.0
snoU13,0.0
snoU13,0.0
snoU13,0.0
snoU13,0.0
snoU13,0.0
snoU13,0.0
snoU13,0.0
snoU13,0.0
snoU13,0.0
snoU13,0.0
snoU13,0.0
snoU13,0.0
snoU13,0.0
snoU13,0.0
snoU13,0.0
snoU13,0.0
snoU13,0.0
snoU13,0.0
snoU13,0.0
snoU13,0.0
snoU13,0.0
snoU13,0.0
snoU13,0.0
snoU13,0.0
snoU13,0.0
snoU13,0.0
snoU13,0.0
snoU13,0.0
snoU13,0.0
snoU13,0.0
snoU13,0.0
snoU13,0.0
snoU13,0.0
snoU13,0.0
snoU13,1.535511556564225
snoU13,0.0
snoU13,0.0
snoU13,0.0
snoU13,0.0
snoU13,0.0
snoU13,0.0
snoU13,0.0
snoU13,0.0
snoU13,0.0
snoU13,0.0
snoU13,0.0
snoU13,0.0
snoU13,0.0
snoU13,0.0
snoU13,0.0
snoU13,0.0
snoU13,0.0
snoU13,0.0
snoU13,0.0
snoU13,0.0
snoU13,0.0
snoU13,0.0
snoU13,0.0
snoU13,0.0
snoU13,0.0
snoU13,0.0
snoU13,0.0
snoU13,0.0
snoU13,0.0
snoU13,0.0
snoU13,0.0
snoU13,0.0
snoU13,0.0
snoU13,0.0
snoU13,0.0
snoU13,0.0
snoU13,0.0
snoU13,0.0
snoU13,0.0
snoU13,0.0
snoU13,0.0
snoU13,0.0
snoU13,0.0
snoU13,0.0
snoU13,0.0
snoU13,0.0
snoU13,0.0
snoU13,0.0
snoU13,0.0
snoU13,0.0
snoU13,0.0
snoU13,0.0
snoU13,0.0
snoU13,0.0
snoU13,0.0
snoU13,0.0
snoU13,0.0
snoU13,0.0
snoU13,0.0
snoU13,0.0
snoU13,0.0
snoU13,0.0
snoU13,0.0
snoU13,0.0
snoU13,0.0
snoU13,0.0
snoU13,0.0
snoU13,0.0
snoU13,0.0
snoU13,0.0
snoU13,0.0
snoU13,0.0
snoU13,0.0
snoU13,0.0
snoU13,0.0
snoU13,0.0
snoU13,0.0
snoU13,0.0
snoU13,0.0
snoU13,0.0
snoU13,0.0
snoU13,0.0
snoU13,0.0
snoU13,0.0
snoU13,0.0
snoU13,0.0
snoU13,0.0
snoU13,0.0
snoU13,0.0
snoU13,0.0
snoU13,0.0
snoU13,0.0
snoU13,0.0
snoU13,0.0
snoU13,0.0
snoU13,0.0
snoU13,0.0
snoU13,0.0
snoU13,0.0
snoU13,0.0
snoU13,0.0
snoU13,0.0
snoU13,0.0
snoU13,0.0
snoU13,0.0
snoU13,0.0
snoU13,0.0
snoU13,0.0
snoU13,0.0
snoU13,0.0
snoU13,0.0
snoU13,0.0
snoU13,0.0
snoU13,0.0
snoU13,0.0
snoU13,0.0
snoU13,0.0
snoU13,0.0
snoU13,0.0
snoU13,0.0
snoU13,0.0
snoU13,0.0
snoU13,0.0
snoU13,0.0
snoU13,0.0
snoU13,0.0
snoU13,0.0
snoU13,0.0
snoU13,0.0
snoU13,0.0
snoU13,0.0
snoU13,0.0
snoU13,0.0
snoU13,0.0
snoU13,0.0
snoU13,0.0
snoU13,0.0
snoU13,0.0
snoU13,0.0
snoU13,0.0
snoU13,0.0
snoU13,0.0
snoU13,0.0
snoU13,0.0
snoU13,0.0
snoU13,0.0
snoU13,0.0
snoU13,0.0
snoU13,0.0
snoU13,0.253644744093139
snoU13,0.0
snoU13,0.0
snoU13,0.0
snoU13,0.0
snoU13,0.0
snoU13,0.0
snoU13,0.0
snoU13,0.0
snoU13,0.0
snoU13,0.0
snoU13,0.0
snoU13,0.0
snoU13,0.0
snoU13,0.0
snoU13,0.0
snoU13,0.0
snoU13,0.0
snoU13,0.0
snoU13,0.0
snoU13,0.0
snoU13,0.0
snoU13,0.0
snoU13,0.0
snoU13,0.0
snoU13,0.0
snoU13,0.0
snoU13,0.0
snoU13,0.0
snoU13,0.0
snoU13,0.0
snoU13,0.0
snoU13,0.0
snoU13,0.0
snoU13,0.0
snoU13,0.0
snoU13,0.0
snoU13,0.0
snoU13,0.0
snoU13,0.0
snoU13,0.0
snoU13,0.0
snoU13,0.0
snoU13,0.0
snoU13,0.0
snoU13,0.0
snoU2-30,0.0
snoU2_19,0.0
snoU2_19,0.0
snoU2_19,0.0
snoU83B,0.0
snoZ13_snr52,0.0
snoZ178,0.0
snoZ185,0.0
snoZ247,0.0
snoZ278,0.0
snoZ40,0.0
snoZ5,0.0
snoZ6,0.0
snoZ6,0.0
snoZ6,0.0
snoZ6,0.0
snosnR60_Z15,0.0
snosnR60_Z15,0.0
snosnR66,0.0
yR211F11.2,0.0
