A1BG,0.0
A1BG-AS1,0.0
A1CF,0.0
A2M,0.0
A2M-AS1,0.0
A2ML1,0.0
A2ML1-AS1,0.0
A2MP1,0.0
A3GALT2,0.0
A4GALT,0.0
A4GNT,0.0
AA06,0.0
AAAS,1.3802111892648368
AACS,0.0
AACSP1,0.0
AADAC,0.0
AADACL2,0.0
AADACL2-AS1,0.0
AADACL3,0.0
AADACL4,0.0
AADACP1,0.0
AADAT,0.0
AAGAB,0.0
AAK1,0.9542425830535458
AAMDC,0.0
AAMP,0.0
AANAT,0.0
AAR2,0.0
AARD,0.0
AARS1,0.0
AARS2,0.0
AARSD1,0.0
AASDH,0.0
AASDHPPT,2.495544313077327
AASS,2.9420080488545595
AATBC,0.0
AATF,0.0
AATF-2,0.0
AATK,0.0
ABALON,0.0
ABAT,2.9273703675311222
ABCA1,0.0
ABCA10,0.0
ABCA11P,1.7708519661110793
ABCA12,0.0
ABCA13,0.0
ABCA15P,0.0
ABCA17P,0.0
ABCA2,0.0
ABCA3,0.0
ABCA4,0.0
ABCA5,0.30103010274248854
ABCA6,0.0
ABCA7,0.0
ABCA8,0.0
ABCA9,0.0
ABCA9-AS1,0.0
ABCB1,0.0
ABCB10,0.0
ABCB11,0.0
ABCB4,0.0
ABCB5,0.0
ABCB6,0.0
ABCB7,1.4086516292138955
ABCB8,0.0
ABCB9,0.0
ABCC1,0.0
ABCC1-2,0.0
ABCC10,0.0
ABCC11,0.0
ABCC12,0.0
ABCC13,0.0
ABCC2,0.0
ABCC3,0.0
ABCC4,0.0
ABCC5,0.30103004912469705
ABCC5-AS1,0.0
ABCC6,0.0
ABCC6P1,0.0
ABCC6P2,0.0
ABCC8,0.0
ABCC9,1.6383121418492268
ABCD1,0.0
ABCD2,0.30102991567828163
ABCD3,0.31087903425010943
ABCD4,1.8633228416151564
ABCE1,1.9344984399124847
ABCF1,0.0
ABCF1-DT,0.0
ABCF2,1.568201721638445
ABCF2-H2BK1,0.0
ABCF3,0.0
ABCG1,0.0
ABCG2,0.0
ABCG4,0.0
ABCG5,0.0
ABCG8,0.0
ABHD1,0.0
ABHD10,0.0
ABHD11,0.0
ABHD12,0.0
ABHD12B,0.0
ABHD13,0.0
ABHD14A,0.0
ABHD14A-ACY1,0.0
ABHD14B,0.0
ABHD15,0.0
ABHD16A,1.9030899459529278
ABHD16B,0.0
ABHD17A,0.0
ABHD17B,2.2013970984817646
ABHD17C,0.0
ABHD18,2.170261713621378
ABHD2,1.7774924541558201
ABHD3,0.0
ABHD4,0.0
ABHD5,0.0
ABHD6,0.0
ABHD8,0.0
ABI1,3.255031143637668
ABI2,2.5365584166336133
ABI3,0.0
ABI3BP,0.0
ABITRAM,0.0
ABL1,0.0
ABL2,0.0
ABLIM1,0.0
ABLIM2,0.0
ABLIM3,0.0
ABO,0.0
ABO-2,0.0
ABR,1.5051499686722454
ABR-AS1,0.0
ABRA,0.0
ABRACL,0.0
ABRAXAS1,0.30103006877345123
ABRAXAS2,0.0
ABT1,0.0
ABTB1,0.0
ABTB2,0.0
ABTB3,0.0
ACAA1,0.0
ACAA2,0.47712124589571336
ACACA,0.1760910681735239
ACACA-2,0.1760910681735239
ACACB,0.0
ACAD10,0.0
ACAD11,0.0
ACAD8,0.0
ACAD9,0.0
ACAD9-DT,0.0
ACADL,0.0
ACADM,0.0
ACADS,0.0
ACADSB,0.0
ACADVL,0.30103000810700653
ACAN,0.0
ACAP1,0.0
ACAP1-2,0.0
ACAP2,2.9385197290849643
ACAP3,0.0
ACAT1,0.0
ACAT2,0.0
ACBD3,0.0
ACBD3-AS1,0.0
ACBD4,0.0
ACBD5,0.4951734546913077
ACBD6,0.0
ACBD7,0.301029976583347
ACBD7-DCLRE1CP1,0.0
ACCS,0.0
ACCSL,0.0
ACD,0.0
ACE,0.0
ACE2,0.0
ACE2-DT,0.0
ACER1,0.0
ACER2,0.0
ACER3,0.698970050825896
ACER3-AS1,0.0
ACHE,0.0
ACIN1,0.0
ACKR1,0.0
ACKR2,0.0
ACKR3,0.0
ACKR4,0.0
ACLY,0.0
ACMSD,0.0
ACO1,0.0
ACO2,1.609867629407195
ACOD1,0.0
ACOT1,1.1461279372170354
ACOT11,2.2193744227069616
ACOT12,0.0
ACOT13,0.0
ACOT2,0.0
ACOT4,0.0
ACOT6,0.0
ACOT7,0.0
ACOT8,0.0
ACOT9,0.0
ACOX1,0.0
ACOX2,0.0
ACOX3,1.0000000436184517
ACOXL,0.3010299908440668
ACOXL-AS1,0.0
ACP1,2.178976881307574
ACP2,0.0
ACP3,0.0
ACP4,0.0
ACP5,0.0
ACP6,0.0
ACP7,0.3010300164305314
ACR,0.0
ACRBP,0.0
ACRV1,0.0
ACSBG1,0.0
ACSBG2,0.301029949872199
ACSF2,0.0
ACSF3,0.0
ACSL1,0.0
ACSL3,2.7275412557698204
ACSL3-AS1,0.0
ACSL4,0.0
ACSL5,0.0
ACSL6,2.7267272127087896
ACSL6-AS1,0.0
ACSM1,0.0
ACSM2A,0.0
ACSM2B,0.0
ACSM3,0.0
ACSM4,0.0
ACSM5,0.0
ACSM6,0.0
ACSS1,0.0
ACSS2,0.0
ACSS3,0.8706534686064977
ACTA1,0.0
ACTA2,0.0
ACTA2-AS1,0.0
ACTB,3.184117683720839
ACTBL2,0.0
ACTC1,0.0
ACTE1P,0.3010299979014186
ACTG1,1.2790161107759754
ACTG1P17,0.0
ACTG1P20,0.0
ACTG1P25,0.0
ACTG1P4,0.0
ACTG2,0.0
ACTL10,0.0
ACTL6A,0.47712120324540097
ACTL6B,0.0
ACTL7A,0.0
ACTL7B,0.0
ACTL8,0.0
ACTL9,0.0
ACTMAP,0.0
ACTN1,0.0
ACTN1-DT,0.0
ACTN2,0.0
ACTN3,0.0
ACTN4,0.0
ACTN4-2,0.0
ACTR10,0.0
ACTR1A,0.0
ACTR1B,0.6989699808191953
ACTR1B-2,0.6989699808191953
ACTR2,0.47712128965161504
ACTR3,0.47712118628179834
ACTR3-AS1,0.0
ACTR3B,0.0
ACTR3BP2,0.0
ACTR3BP5,0.0
ACTR3C,0.0
ACTR5,0.0
ACTR6,0.0
ACTR8,0.0
ACTRT1,0.0
ACTRT2,0.0
ACTRT3,0.0
ACVR1,0.0
ACVR1B,0.0
ACVR1C,0.0
ACVR2A,0.0
ACVR2B,2.2528530433798934
ACVR2B-AS1,0.0
ACVRL1,0.0
ACY1,0.0
ACY3,0.0
ACYP1,0.0
ACYP2,0.0
ADA,0.0
ADA2,0.0
ADAD1,0.0
ADAD2,0.0
ADAM10,1.9293757061258083
ADAM11,0.3010299218506711
ADAM12,2.1367205735242227
ADAM15,0.0
ADAM15-EFNA4,0.0
ADAM17,0.30593587482833867
ADAM18,0.0
ADAM19,0.0
ADAM2,0.0
ADAM2-2,0.0
ADAM20,0.0
ADAM20P1,0.0
ADAM21,0.0
ADAM21P1,0.0
ADAM22,2.0086001829230598
ADAM23,0.0
ADAM28,0.0
ADAM29,0.0
ADAM30,0.0
ADAM32,0.0
ADAM32-2,0.0
ADAM33,0.0
ADAM3A,0.0
ADAM3B,0.0
ADAM5,0.0
ADAM6,0.0
ADAM7,0.0
ADAM7-AS1,0.0
ADAM7-AS2,0.0
ADAM8,0.0
ADAM9,0.0
ADAMDEC1,0.0
ADAMTS1,1.431363759516043
ADAMTS10,0.0
ADAMTS12,0.30103009102222517
ADAMTS13,0.0
ADAMTS13-2,0.0
ADAMTS14,0.0
ADAMTS15,0.0
ADAMTS16,0.0
ADAMTS16-DT,0.0
ADAMTS17,0.0
ADAMTS18,0.0
ADAMTS19,0.0
ADAMTS19-AS1,0.0
ADAMTS2,0.0
ADAMTS20,0.6446866774722494
ADAMTS3,0.0
ADAMTS4,0.0
ADAMTS5,0.0
ADAMTS6,1.5314789209446964
ADAMTS7,0.0
ADAMTS7P1,0.0
ADAMTS8,0.0
ADAMTS9,0.0
ADAMTS9-AS1,0.0
ADAMTS9-AS2,0.0
ADAMTSL1,0.0
ADAMTSL2,0.0
ADAMTSL3,0.0
ADAMTSL3-2,0.0
ADAMTSL4,0.0
ADAMTSL4-AS1,0.0
ADAMTSL4-AS2,0.0
ADAMTSL5,0.0
ADAP1,0.0
ADAP2,0.0
ADAP2-2,0.0
ADAR,0.0
ADARB1,0.0
ADARB2,0.47712133889110164
ADARB2-AS1,0.0
ADAT1,0.4771212611227815
ADAT2,0.0
ADAT3,0.0
ADCK1,0.0
ADCK2,0.0
ADCK5,0.0
ADCK5-2,0.0
ADCY1,0.30102994396359234
ADCY10,0.0
ADCY10P1,0.0
ADCY2,0.0
ADCY3,0.0
ADCY4,0.0
ADCY5,0.0
ADCY6,0.0
ADCY6-DT,0.0
ADCY7,0.0
ADCY8,0.0
ADCY9,0.0
ADCYAP1,0.0
ADCYAP1R1,0.0
ADD1,0.0
ADD2,0.0
ADD3,0.8450980464518709
ADD3-AS1,0.0
ADGB,0.0
ADGB-DT,0.0
ADGRA1,1.491361681578394
ADGRA1-AS1,0.0
ADGRA2,0.0
ADGRA3,0.6020599741315791
ADGRB1,0.6989700033789987
ADGRB2,0.0
ADGRB3,0.6020600545523487
ADGRB3-DT,1.301030370628535
ADGRD1,0.0
ADGRD1-AS1,0.0
ADGRD2,0.0
ADGRE1,0.0
ADGRE2,0.0
ADGRE3,0.0
ADGRE4P,2.1119522617076596
ADGRE5,0.0
ADGRF1,0.0
ADGRF2P,0.0
ADGRF3,0.0
ADGRF4,0.0
ADGRF5,0.0
ADGRF5-AS1,0.0
ADGRG1,1.959041381953095
ADGRG2,0.0
ADGRG3,0.0
ADGRG4,0.0
ADGRG5,0.0
ADGRG6,0.0
ADGRG7,0.0
ADGRL1,0.1760914311575578
ADGRL1-2,0.1760914311575578
ADGRL1-AS1,0.0
ADGRL2,0.0
ADGRL3,1.113943351833262
ADGRL3-AS1,0.0
ADGRL4,0.0
ADGRV1,0.0
ADH1A,0.0
ADH1B,0.0
ADH1C,0.0
ADH4,0.0
ADH5,0.3010300095390773
ADH6,0.0
ADH7,0.0
ADHFE1,0.0
ADI1,0.30102995669956384
ADIG,0.0
ADIPINT,0.0
ADIPOQ,0.0
ADIPOQ-AS1,0.0
ADIPOR1,1.2787535464256128
ADIPOR2,1.618048086061956
ADIPOR2-2,1.618048086061956
ADIRF,0.0
ADIRF-AS1,0.3010299538388345
ADISSP,0.0
ADK,0.0
ADM,0.0
ADM2,0.0
ADM5,0.0
ADNP,0.47712131265868274
ADNP-AS1,0.0
ADNP2,2.549003257731447
ADO,0.0
ADORA1,0.0
ADORA2A,0.0
ADORA2A-AS1,0.0
ADORA2B,0.0
ADORA3,0.0
ADPGK,0.0
ADPGK-AS1,0.0
ADPRH,0.0
ADPRHL1,0.0
ADPRM,0.0
ADPRS,0.0
ADRA1A,1.1760912616159138
ADRA1B,0.0
ADRA1D,0.0
ADRA2A,0.0
ADRA2B,0.0
ADRA2C,0.0
ADRB1,0.0
ADRB2,0.0
ADRB3,0.0
ADRM1,0.0
ADSL,0.47712127337863514
ADSS1,0.0
ADSS2,0.0
ADTRP,0.0
AEBP1,1.4471580168926723
AEBP2,0.0
AEN,0.0
AFAP1,1.7558748650638336
AFAP1-AS1,0.0
AFAP1L1,0.0
AFAP1L2,1.176091241449866
AFDN,1.8450980468055553
AFDN-DT,0.0
AFF1,0.0
AFF1-AS1,0.0
AFF2,0.0
AFF3,0.3010304226160316
AFF4,1.1461280479933869
AFF4-DT,0.0
AFG1L,1.1805418744259533
AFG2A,0.0
AFG2B,0.0
AFG3L1P,0.6020599750318618
AFG3L2,0.0
AFM,0.0
AFMID,0.0
AFP,0.0
AFTPH,0.6020599946548058
AFTPH-DT,0.0
AGA,0.0
AGA-DT,0.0
AGAP1,1.6532125286455788
AGAP1-IT1,0.0
AGAP10P,0.0
AGAP11,0.0
AGAP12P,0.0
AGAP13P,0.0
AGAP14P,0.0
AGAP2,0.30102999331411445
AGAP2-AS1,0.0
AGAP3,0.0
AGAP4,0.0
AGAP5,0.0
AGAP6,0.6020599883941761
AGAP7P,0.0
AGAP9,0.0
AGBL1,0.0
AGBL1-AS1,0.0
AGBL2,0.0
AGBL3,0.30102999156543603
AGBL4,0.0
AGBL4-AS1,0.0
AGBL4-IT1,0.0
AGBL5,0.0
AGBL5-AS1,0.0
AGER,0.0
AGER-2,0.0
AGER-3,0.0
AGER-4,0.0
AGER-5,0.0
AGER-6,0.0
AGER-7,0.0
AGFG1,1.7708520220069417
AGFG2,0.3010300211018938
AGGF1,0.0
AGK,1.5910645940424404
AGK-DT,0.0
AGL,0.0
AGMAT,0.0
AGMO,0.0
AGO1,0.0
AGO2,2.46538286572797
AGO3,0.30102995212932643
AGO4,1.4913616842727948
AGPAT1,0.0
AGPAT2,0.0
AGPAT3,0.7781512664213286
AGPAT4,0.0
AGPAT4-IT1,0.3010299375258844
AGPAT5,0.0
AGPAT5-2,0.0
AGPS,0.0
AGR2,0.0
AGR3,0.0
AGRN,0.0
AGRP,0.0
AGT,0.0
AGTPBP1,0.0
AGTR1,0.0
AGTR2,0.0
AGTRAP,0.0
AGXT,0.0
AGXT2,0.0
AHCTF1,0.0
AHCTF1P1,0.0
AHCY,0.0
AHCYL1,0.0
AHCYL2,0.0
AHDC1,0.3010300707337693
AHI1,2.506505032405462
AHI1-DT,0.0
AHNAK,0.0
AHNAK2,0.0
AHR,0.0
AHRR,0.0
AHSA1,2.1583624086958597
AHSA2P,1.8573324782954839
AHSG,0.0
AHSP,0.0
AICDA,0.0
AIDA,0.0
AIF1,0.0
AIF1-2,0.0
AIF1-3,0.0
AIF1-4,0.0
AIF1-5,0.0
AIF1-6,0.0
AIF1L,0.0
AIFM1,0.0
AIFM2,0.0
AIFM3,0.0
AIG1,0.3010299550150601
AIM2,0.0
AIMP1,0.0
AIMP2,0.0
AIP,0.0
AIPL1,0.0
AIRE,0.0
AIRIM,1.113943331714446
AIRN,0.0
AJAP1,0.30102995589089265
AJM1,0.0
AJUBA,0.0
AJUBA-DT,0.0
AK1,0.0
AK2,0.0
AK3,0.0
AK4,0.0
AK5,0.0
AK6,0.0
AK7,0.0
AK8,0.0
AK9,0.30102996627117024
AKAIN1,0.0
AKAP1,0.0
AKAP1-DT,0.0
AKAP10,1.462397984717699
AKAP11,0.0
AKAP12,0.0
AKAP13,1.380211260877535
AKAP14,0.0
AKAP17A,2.372911984974704
AKAP17BP,0.0
AKAP3,0.0
AKAP4,0.0
AKAP5,0.0
AKAP6,1.41497337274315
AKAP7,1.5682016897687794
AKAP8,0.0
AKAP8L,0.0
AKAP9,2.7242758809626504
AKIP1,2.5575071086458188
AKIRIN1,0.0
AKIRIN2,0.0
AKNA,0.0
AKNAD1,0.0
AKR1A1,0.0
AKR1B1,0.0
AKR1B10,0.0
AKR1B15,0.0
AKR1C1,0.0
AKR1C2,0.0
AKR1C3,0.0
AKR1C4,0.0
AKR1C6P,0.0
AKR1C8,0.0
AKR1D1,0.0
AKR1E2,0.0
AKR7A2,0.0
AKR7A2P1,0.0
AKR7A3,0.0
AKR7L,0.9030899515506521
AKT1,0.0
AKT1S1,0.0
AKT2,1.5440680356372203
AKT3,1.6074550279177733
AKT3-2,1.6074550279177733
AKT3-IT1,0.0
AKTIP,0.0
ALAD,0.8450980065171146
ALAS1,0.0
ALAS2,0.0
ALB,0.0
ALCAM,2.8188854002165478
ALDH16A1,0.0
ALDH18A1,0.0
ALDH1A1,0.0
ALDH1A2,0.0
ALDH1A2-AS1,0.0
ALDH1A3,0.0
ALDH1A3-AS1,0.0
ALDH1B1,0.0
ALDH1L1,0.0
ALDH1L1-AS1,0.0
ALDH1L1-AS2,0.0
ALDH1L2,0.8450980017058561
ALDH2,0.0
ALDH3A1,0.0
ALDH3A2,0.0
ALDH3B1,0.0
ALDH3B2,0.0
ALDH4A1,0.0
ALDH5A1,1.2041199799157165
ALDH6A1,0.0
ALDH7A1,0.0
ALDH8A1,0.0
ALDH9A1,0.0
ALDOA,2.9375178245121556
ALDOB,0.0
ALDOC,0.0
ALG1,0.0
ALG10,0.0
ALG10B,0.0
ALG11,0.0
ALG12,0.0
ALG13,0.0
ALG14,1.6329343840282102
ALG14-AS1,0.0
ALG1L1P,0.0
ALG1L2,1.4986294942302296
ALG1L9P,0.0
ALG2,0.0
ALG3,0.0
ALG5,0.6020599247078775
ALG6,0.0
ALG8,1.8633227631931575
ALG9,0.30103006968444457
ALK,0.0
ALKAL1,0.0
ALKAL2,0.0
ALKBH1,0.0
ALKBH2,0.0
ALKBH3,0.0
ALKBH3-AS1,0.0
ALKBH4,0.0
ALKBH5,0.6020599572763021
ALKBH6,0.0
ALKBH7,0.0
ALKBH8,0.0
ALLC,0.0
ALMS1,0.0
ALMS1-IT1,0.0
ALMS1P1,0.0
ALOX12,0.0
ALOX12-AS1,0.0
ALOX12B,0.0
ALOX12P2,0.6020599493899239
ALOX15,0.0
ALOX15B,0.0
ALOX15P1,0.0
ALOX5,0.0
ALOX5-2,0.0
ALOX5AP,0.0
ALOXE3,0.0
ALPG,0.0
ALPI,0.0
ALPK1,0.0
ALPK2,0.0
ALPK3,0.0
ALPL,0.0
ALPP,0.0
ALS2,0.0
ALS2CL,0.0
ALX1,0.0
ALX3,0.0
ALX4,0.0
ALYREF,0.0
AMACR,0.0
AMBN,0.0
AMBP,0.0
AMBRA1,0.0
AMD1,0.47712127619578465
AMDHD1,0.0
AMDHD2,0.0
AMELX,0.0
AMELY,0.0
AMER1,0.0
AMER2,1.785329842822293
AMER3,0.0
AMFR,2.418301278598433
AMH,0.0
AMHR2,0.0
AMIGO1,0.3010300856597881
AMIGO2,0.0
AMIGO3,0.0
AMMECR1,2.3324384581939084
AMMECR1L,0.0
AMN,0.0
AMN1,0.4771213341117294
AMOT,0.0
AMOTL1,2.1613680227043996
AMOTL2,0.0
AMPD1,0.0
AMPD2,0.0
AMPD3,0.0
AMPH,1.672097837447166
AMT,0.0
AMTN,0.0
AMY1A,0.0
AMY1B,0.0
AMY1C,0.0
AMY2A,0.0
AMY2B,0.0
AMZ1,0.0
AMZ2,0.0
AMZ2P1,0.0
ANAPC1,0.0
ANAPC10,0.0
ANAPC11,1.4471579111833115
ANAPC13,0.0
ANAPC15,0.0
ANAPC16,0.0
ANAPC1P1,0.0
ANAPC1P2,0.0
ANAPC1P4,0.0
ANAPC1P6,0.0
ANAPC2,0.0
ANAPC4,1.544067982945284
ANAPC5,0.0
ANAPC7,0.0
ANG,0.3010301379239317
ANGEL1,0.0
ANGEL2,0.0
ANGPT1,0.0
ANGPT2,0.0
ANGPT4,0.0
ANGPTL1,0.0
ANGPTL2,0.3010300707337693
ANGPTL3,0.0
ANGPTL4,0.0
ANGPTL5,0.0
ANGPTL6,0.0
ANGPTL7,0.0
ANGPTL8,0.0
ANHX,0.0
ANK1,0.0
ANK2,0.0
ANK2-AS1,0.0
ANK3,2.1702617174721968
ANK3-DT,0.0
ANKAR,0.47712124925493493
ANKDD1A,0.7781512293099934
ANKDD1B,0.0
ANKEF1,1.4623980005362018
ANKFN1,0.0
ANKFY1,2.8500332588865596
ANKH,1.342422672642546
ANKHD1,0.47712135911805587
ANKHD1-DT,0.3010299766169705
ANKHD1-EIF4EBP3,0.0
ANKIB1,0.0
ANKK1,0.0
ANKLE1,0.0
ANKLE2,0.0
ANKMY1,1.3222192693922667
ANKMY2,0.0
ANKRA2,0.0
ANKRD1,0.0
ANKRD10,1.8864906966557775
ANKRD11,2.795184596693333
ANKRD12,2.905256060812163
ANKRD13A,0.0
ANKRD13B,0.0
ANKRD13C,0.0
ANKRD13C-DT,0.0
ANKRD13D,0.0
ANKRD16,0.30102998695398053
ANKRD17,0.3010300764610311
ANKRD17-DT,0.0
ANKRD18A,0.0
ANKRD18B,0.0
ANKRD18CP,0.0
ANKRD18DP,0.0
ANKRD19P,0.0
ANKRD2,0.0
ANKRD20A1,0.8686506621127648
ANKRD20A11P,0.0
ANKRD20A12P,0.0
ANKRD20A19P,0.0
ANKRD20A21P,0.31360212568445894
ANKRD20A2P,1.2740214985798635
ANKRD20A3P,0.0
ANKRD20A4-ANKRD20A20P,1.6576863084950766
ANKRD20A5P,0.31922077703503215
ANKRD20A8P,1.1510593082172347
ANKRD20A9P,0.0
ANKRD22,0.0
ANKRD23,0.0
ANKRD24,0.0
ANKRD26,1.380211219169181
ANKRD26P1,0.0
ANKRD26P3,0.0
ANKRD27,0.0
ANKRD28,2.20951501457353
ANKRD29,0.0
ANKRD30A,0.0
ANKRD30B,0.0
ANKRD30BL,0.0
ANKRD30BP2,0.30102999702840194
ANKRD30BP3,0.0
ANKRD31,0.0
ANKRD33,0.0
ANKRD33B,0.0
ANKRD34A,0.0
ANKRD34B,0.0
ANKRD34C,0.0
ANKRD34C-AS1,0.0
ANKRD35,0.0
ANKRD36,0.8133961700085597
ANKRD36-2,0.8133961700085597
ANKRD36B,2.057315688413583
ANKRD36B-2,2.057315688413583
ANKRD36BP1,0.0
ANKRD36BP2,0.0
ANKRD36C,1.8667571291836984
ANKRD37,0.0
ANKRD39,0.0
ANKRD40,0.0
ANKRD40CL,0.0
ANKRD42,0.0
ANKRD42-DT,0.0
ANKRD44,2.6821450713498454
ANKRD44-AS1,0.0
ANKRD44-DT,0.0
ANKRD44-IT1,0.0
ANKRD45,0.0
ANKRD46,0.0
ANKRD49,0.0
ANKRD50,0.0
ANKRD52,0.0
ANKRD53,0.0
ANKRD54,0.0
ANKRD55,0.0
ANKRD6,0.0
ANKRD60,0.3010299594385145
ANKRD61,0.0
ANKRD62,0.0
ANKRD62P1-PARP4P3,0.0
ANKRD63,0.0
ANKRD65,0.0
ANKRD65-AS1,0.0
ANKRD66,0.0
ANKRD7,0.0
ANKRD9,0.0
ANKS1A,0.0
ANKS1B,3.0838608091526933
ANKS3,0.0
ANKS4B,0.3915748319648149
ANKS6,0.6989700069115153
ANKUB1,0.0
ANKZF1,0.0
ANLN,1.3424226835894102
ANO1,0.0
ANO10,0.0
ANO2,0.0
ANO3,0.0
ANO3-AS1,0.0
ANO4,0.3010299193225072
ANO5,0.845098073299009
ANO6,1.4471580236459145
ANO7,0.0
ANO7L1,0.0
ANO7L1-2,0.0
ANO8,0.0
ANO9,0.0
ANOS1,0.0
ANP32A,0.0
ANP32A-IT1,0.0
ANP32AP1,0.0
ANP32B,0.0
ANP32D,0.0
ANP32E,0.0
ANPEP,0.0
ANTKMT,0.0
ANTXR1,0.0
ANTXR2,0.0
ANTXRL,0.0
ANTXRLP1,0.0
ANXA1,0.0
ANXA10,0.0
ANXA11,0.0
ANXA13,0.0
ANXA2,0.0
ANXA2P1,0.0
ANXA2P2,0.0
ANXA2P3,0.0
ANXA2R,0.0
ANXA2R-AS1,0.0
ANXA2R-OT1,0.0
ANXA3,0.0
ANXA4,0.0
ANXA5,0.0
ANXA6,0.0
ANXA7,1.079181217466078
ANXA8,0.0
ANXA8-2,0.0
ANXA8L1,0.0
ANXA9,0.0
AOAH,0.0
AOAH-IT1,0.0
AOC1,0.0
AOC2,0.0
AOC3,0.0
AOC4P,0.0
AOPEP,0.4958492424896155
AOX1,0.0
AOX3P-AOX2P,0.0
AP1AR,0.0
AP1AR-DT,0.0
AP1B1,0.0
AP1B1P1,0.0
AP1G1,0.3010299923571247
AP1G2,0.0
AP1G2-AS1,0.0
AP1M1,0.0
AP1M2,0.0
AP1S1,0.0
AP1S2,0.3010299987520777
AP1S3,0.0
AP2A1,0.0
AP2A2,0.0
AP2B1,1.2304489206694542
AP2M1,0.0
AP2S1,0.4771210568030938
AP3B1,0.0
AP3B2,0.0
AP3D1,1.6720978514354563
AP3M1,0.0
AP3M2,2.1398790720943457
AP3S1,1.99563511468912
AP3S2,0.0
AP4B1,0.0
AP4B1-AS1,0.0
AP4E1,0.0
AP4M1,0.0
AP4S1,0.0
AP5B1,0.0
AP5M1,0.0
AP5S1,0.0
AP5Z1,0.0
APAF1,0.0
APBA1,0.0
APBA2,0.0
APBA2-2,0.0
APBA3,0.0
APBB1,0.3010299983677097
APBB1IP,0.0
APBB2,1.9590413977203314
APBB3,0.0
APC,0.0
APC2,0.0
APCDD1,2.698969992916611
APCDD1L,0.0
APCDD1L-DT,0.0
APCS,0.0
APEH,0.0
APELA,0.0
APEX1,0.0
APEX2,0.0
APH1A,0.0
APH1B,0.0
API5,0.0
APIP,0.6989699262002753
APLF,0.0
APLN,0.0
APLNR,0.0
APLP1,0.30103000129790547
APLP2,0.0
APMAP,0.0
APOA1,0.0
APOA1-AS,0.0
APOA2,0.0
APOA4,0.0
APOA5,0.0
APOB,0.0
APOBEC1,0.0
APOBEC2,0.0
APOBEC3A,0.0
APOBEC3A_B,0.0
APOBEC3B,0.0
APOBEC3B-AS1,0.0
APOBEC3C,1.732393734507197
APOBEC3D,0.0
APOBEC3F,0.0
APOBEC3G,0.0
APOBEC3H,0.0
APOBEC4,0.0
APOBR,0.0
APOC1,0.0
APOC1P1,0.0
APOC2,0.0
APOC3,0.0
APOC4,0.0
APOC4-APOC2,0.0
APOD,0.0
APOE,0.0
APOF,0.0
APOH,0.0
APOL1,0.0
APOL2,0.0
APOL3,0.0
APOL4,0.0
APOL5,0.0
APOL5-2,0.0
APOL6,0.0
APOLD1,0.0
APOM,0.0
APOM-2,0.0
APOM-3,0.0
APOM-4,0.0
APOM-5,0.0
APOM-6,0.0
APOM-7,0.0
APOO,0.0
APOOL,1.3424226931002934
APOOP5,0.0
APP,1.6020599756779812
APP-DT,0.0
APPAT,1.1085907463874123
APPBP2,0.6020600427434164
APPL1,0.0
APPL2,0.47712129006141246
APRG1,0.0
APRT,0.0
APTR,0.0
APTX,0.0
AQP1,0.0
AQP10,0.0
AQP11,0.6020599688378396
AQP12A,0.0
AQP12B,0.0
AQP2,0.0
AQP3,0.0
AQP4,0.0
AQP4-AS1,0.0
AQP5,0.0
AQP5-AS1,0.0
AQP6,0.0
AQP7,0.0
AQP7B,0.0
AQP7P1,0.0
AQP7P3,0.0
AQP8,0.0
AQP9,0.0
AQR,0.0
AR,0.0
ARAF,0.9542424787486515
ARAP1,0.0
ARAP1-AS2,0.301029959517197
ARAP2,0.0
ARAP3,0.0
ARB2A,0.4940018675127312
ARB2BP,0.41376073889116344
ARC,0.0
ARCN1,0.0
AREG,0.0
AREL1,0.4771212755585313
ARF1,1.9242792383652374
ARF3,0.0
ARF4,0.0
ARF4-AS1,0.0
ARF5,0.0
ARF6,0.6020599504244872
ARFGAP1,0.0
ARFGAP2,0.0
ARFGAP3,0.0
ARFGEF1,0.0
ARFGEF1-DT,0.0
ARFGEF2,0.0
ARFGEF3,0.8450980627830441
ARFIP1,0.3010299744262365
ARFIP2,0.0
ARFRP1,0.0
ARG1,0.0
ARG2,0.0
ARGFX,0.0
ARGFXP2,1.7923915998993052
ARGLU1,2.7427251153658094
ARGLU1-DT,0.0
ARHGAP1,0.9999999951631733
ARHGAP10,0.0
ARHGAP11A,0.0
ARHGAP11A-DT,0.0
ARHGAP11A-SCG5,0.0
ARHGAP11B,0.0
ARHGAP11B-DT,0.0
ARHGAP12,0.0
ARHGAP15,0.0
ARHGAP15-AS1,0.3010299184278146
ARHGAP17,0.0
ARHGAP17-2,0.0
ARHGAP18,0.0
ARHGAP19,0.0
ARHGAP19-SLIT1,0.0
ARHGAP20,0.0
ARHGAP21,0.0
ARHGAP22,0.0
ARHGAP22-IT1,0.0
ARHGAP23,0.0
ARHGAP23-2,0.6020599674248842
ARHGAP24,0.0
ARHGAP25,0.0
ARHGAP26,0.30103008137023207
ARHGAP26-AS1,0.0
ARHGAP26-IT1,0.0
ARHGAP27,0.0
ARHGAP27-2,0.0
ARHGAP27-3,0.0
ARHGAP27P1,0.0
ARHGAP27P1-BPTFP1-KPNA2P3,0.0
ARHGAP27P2,0.0
ARHGAP28,0.0
ARHGAP28-AS1,0.0
ARHGAP29,0.0
ARHGAP29-AS1,0.0
ARHGAP30,0.0
ARHGAP31,1.0413926993273863
ARHGAP31-AS1,0.0
ARHGAP32,0.0
ARHGAP33,0.0
ARHGAP35,1.079181261337816
ARHGAP36,0.0
ARHGAP39,0.0
ARHGAP4,0.0
ARHGAP40,0.0
ARHGAP42,0.0
ARHGAP42-AS1,0.0
ARHGAP44,0.0
ARHGAP44-AS1,0.301030044343161
ARHGAP45,0.0
ARHGAP5,3.372543809153778
ARHGAP5-AS1,0.0
ARHGAP6,0.0
ARHGAP8,0.0
ARHGAP9,0.0
ARHGDIA,0.0
ARHGDIB,0.0
ARHGDIG,0.0
ARHGEF1,0.0
ARHGEF10,0.17609135899880263
ARHGEF10-2,0.17609135899880263
ARHGEF10L,0.0
ARHGEF11,0.0
ARHGEF12,0.6989699795757058
ARHGEF15,0.0
ARHGEF16,0.0
ARHGEF17,0.0
ARHGEF17-AS1,0.0
ARHGEF18,0.0
ARHGEF18-AS1,0.0
ARHGEF19,0.0
ARHGEF19-2,0.0
ARHGEF2,0.0
ARHGEF2-AS1,0.0
ARHGEF2-AS2,0.0
ARHGEF25,0.0
ARHGEF26,0.0
ARHGEF26-2,0.0
ARHGEF26-AS1,0.0
ARHGEF28,0.0
ARHGEF3,0.0
ARHGEF3-AS1,0.0
ARHGEF33,0.0
ARHGEF34P,0.0
ARHGEF35,0.0
ARHGEF35-2,0.0
ARHGEF35-AS1,0.0
ARHGEF37,0.0
ARHGEF38,0.0
ARHGEF38-IT1,0.0
ARHGEF39,0.0
ARHGEF4,0.602059987024104
ARHGEF4-AS1,0.0
ARHGEF40,0.0
ARHGEF5,0.3010300360975513
ARHGEF6,0.0
ARHGEF7,0.0
ARHGEF7-AS1,0.0
ARHGEF7-AS2,0.0
ARHGEF9,0.0
ARHGEF9-IT1,0.0
ARID1A,0.6020600182396466
ARID1B,0.0
ARID2,2.725911639459214
ARID3A,0.0
ARID3B,0.0
ARID3C,0.0
ARID4A,0.6989699668651309
ARID4B,0.8450980434094433
ARID5A,0.0
ARID5B,3.1886472993962207
ARIH1,0.30103029650579677
ARIH2,0.0
ARIH2OS,0.0
ARK2C,0.0
ARK2N,1.7558748553249963
ARL1,0.0
ARL10,0.0
ARL11,0.0
ARL13A,0.0
ARL13B,1.3424226661804552
ARL14,0.0
ARL14EP,0.0
ARL14EP-DT,0.0
ARL14EPL,0.0
ARL15,0.0
ARL16,0.0
ARL17A,0.30102997313608376
ARL17A-2,0.8138414025902462
ARL17B,0.0
ARL2,0.0
ARL2-SNX15,0.0
ARL2BP,0.0
ARL3,1.146128014583993
ARL4A,3.1538148428191235
ARL4AP5,0.0
ARL4C,0.0
ARL4D,0.0
ARL5A,0.7781512176492061
ARL5B,0.9542425005643733
ARL5C,0.47712128786848895
ARL6,0.0
ARL6IP1,2.5932860323646847
ARL6IP4,0.0
ARL6IP5,0.4771212488878085
ARL6IP6,0.0
ARL8A,0.0
ARL8B,0.0
ARL9,0.0
ARLNC1,0.0
ARMC1,0.0
ARMC10,0.0
ARMC12,0.0
ARMC2,0.0
ARMC2-AS1,0.0
ARMC3,0.0
ARMC5,0.0
ARMC6,0.0
ARMC7,0.0
ARMC8,0.0
ARMC9,0.0
ARMCX1,0.0
ARMCX2,0.0
ARMCX3,1.908485004157311
ARMCX4,0.0
ARMCX5,0.0
ARMCX5-GPRASP2,0.0
ARMCX6,0.0
ARMH1,0.0
ARMH2,0.0
ARMH3,0.0
ARMH4,0.0
ARMS2,0.0
ARMT1,2.9827233560525372
ARNT,0.0
ARNT2,1.7634279984598689
ARNT2-DT,0.0
ARPC1A,2.344392212475308
ARPC1B,0.0
ARPC2,2.3463528949301202
ARPC3,2.029383838499644
ARPC4,1.5797835257880155
ARPC4-TTLL3,0.0
ARPC5,2.996949253148314
ARPC5L,0.0
ARPIN,1.9242792886261237
ARPIN-AP3S2,0.0
ARPP19,1.1760912497187002
ARPP21,2.491361680483126
ARPP21-AS1,0.0
ARR3,0.0
ARRB1,0.0
ARRB2,0.0
ARRDC1,0.0
ARRDC1-AS1,0.0
ARRDC2,0.0
ARRDC3,3.424228061635518
ARRDC3-AS1,0.0
ARRDC4,0.0
ARRDC5,0.0
ARSA,0.0
ARSB,0.0
ARSD,1.778151247251391
ARSD-AS1,0.0
ARSF,0.0
ARSG,0.0
ARSH,0.0
ARSI,0.0
ARSJ,0.0
ARSK,0.0
ARSL,0.0
ART1,0.0
ART3,0.0
ART4,0.0
ART5,0.0
ARTN,0.0
ARV1,0.0
ARVCF,0.0
ARX,0.0
AS-PTPRE,0.0
AS3MT,1.278753574969835
ASAH1,0.0
ASAH1-AS1,0.30103000926112883
ASAH2,0.0
ASAH2B,0.0
ASAP1,0.6989699627995879
ASAP1-IT1,0.0
ASAP1-IT2,0.3010299802844077
ASAP2,0.0
ASAP3,0.0
ASAP3-2,0.0
ASB1,0.0
ASB10,0.0
ASB11,0.0
ASB12,0.0
ASB13,0.0
ASB14,0.0
ASB15,0.0
ASB15-AS1,0.0
ASB16,0.0
ASB16-AS1,0.0
ASB17,0.0
ASB18,0.0
ASB2,0.0
ASB2-2,0.0
ASB3,0.9030899556574565
ASB4,0.0
ASB5,0.0
ASB6,0.0
ASB7,0.0
ASB8,0.0
ASB9,0.0
ASB9P1,0.0
ASCC1,1.9084849911529165
ASCC2,0.0
ASCC3,0.0
ASCL1,2.778151220697937
ASCL2,0.0
ASCL3,0.0
ASCL4,0.0
ASCL5,0.0
ASDURF,0.0
ASF1A,2.086359799547409
ASF1B,0.0
ASGR1,0.0
ASGR2,0.0
ASH1L,1.2304489212586334
ASH1L-AS1,0.0
ASH2L,0.0
ASIC1,0.9999999867560506
ASIC2,1.6127838290870151
ASIC3,0.0
ASIC4,0.0
ASIC4-AS1,0.0
ASIC5,0.0
ASIP,0.0
ASL,0.0
ASMER1,0.0
ASMER2,0.0
ASMT,0.0
ASMTL,0.0
ASMTL-AS1,0.0
ASNS,0.0
ASNSD1,0.0
ASNSP1,0.0
ASPA,0.0
ASPDH,0.0
ASPG,0.0
ASPH,0.9030899459495003
ASPHD1,0.0
ASPHD2,0.0
ASPM,0.0
ASPN,2.0413926493350245
ASPRV1,0.0
ASPSCR1,0.0
ASRGL1,0.6989699810012054
ASS1,0.0
ASTE1,0.0
ASTILCS,0.0
ASTL,0.0
ASTN1,0.0
ASTN2,1.3979400041493766
ASTN2-AS1,0.0
ASXL1,0.0
ASXL2,1.939519266452221
ASXL3,0.0
ASZ1,0.0
ATAD1,0.0
ATAD2,0.0
ATAD2B,0.9999999595586931
ATAD3A,0.0
ATAD3B,0.0
ATAD3C,0.811671714487939
ATAD5,0.0
ATAT1,0.0
ATCAY,1.5440680405777107
ATE1,0.0
ATE1OSP,0.0
ATF1,0.0
ATF2,2.7795964618487834
ATF3,0.0
ATF4,0.0
ATF5,0.0
ATF6,0.0
ATF6-DT,0.0
ATF6B,0.0
ATF7,0.0
ATF7-NPFF,0.0
ATF7IP,3.0044675797047344
ATF7IP2,0.0
ATG10,0.0
ATG101,0.0
ATG12,0.47712121196538226
ATG13,0.0
ATG14,0.0
ATG16L1,0.0
ATG16L1-2,0.0
ATG16L2,0.0
ATG2A,0.0
ATG2B,2.816903851498535
ATG3,0.0
ATG4A,0.0
ATG4B,0.0
ATG4C,2.1461280130000744
ATG4D,0.0
ATG5,0.0
ATG7,0.3010297625795587
ATG9A,0.0
ATG9B,0.0
ATIC,0.0
ATL1,0.0
ATL2,0.30102994995932997
ATL3,3.4126284983112027
ATM,0.0
ATMIN,1.7403626857939483
ATN1,0.0
ATOH1,0.0
ATOH7,0.0
ATOH8,0.6989699980579507
ATOSA,3.183554509818701
ATOSB,0.0
ATOX1,0.0
ATOX1-AS1,0.0
ATP10A,0.30103010666047947
ATP10A-DT,0.0
ATP10B,0.0
ATP10D,0.0
ATP11A,0.0
ATP11A-AS1,0.3010299677903726
ATP11AUN,0.0
ATP11B,0.0
ATP11B-DT,0.0
ATP11C,0.0
ATP12A,0.0
ATP13A1,0.0
ATP13A2,0.0
ATP13A2-2,0.0
ATP13A3,0.0
ATP13A3-DT,0.0
ATP13A4,0.0
ATP13A4-AS1,0.0
ATP13A5,0.6989699631504327
ATP13A5-AS1,0.0
ATP1A1,0.0
ATP1A1-AS1,0.0
ATP1A2,2.8115749995435344
ATP1A3,0.0
ATP1A4,0.0
ATP1B1,2.2073340284593277
ATP1B2,0.0
ATP1B3,2.0334237074005954
ATP1B4,0.0
ATP23,0.0
ATP23-2,0.0
ATP2A1,0.0
ATP2A1-AS1,0.0
ATP2A2,0.0
ATP2A3,0.0
ATP2B1,1.1760912608199534
ATP2B1-AS1,0.0
ATP2B2,0.0
ATP2B2-IT1,0.0
ATP2B2-IT2,0.0
ATP2B3,0.0
ATP2B4,0.0
ATP2C1,0.0
ATP2C2,1.9912260497407561
ATP2C2-AS1,0.0
ATP4A,0.0
ATP4B,0.0
ATP5F1A,1.4623979904948445
ATP5F1B,0.0
ATP5F1C,0.0
ATP5F1D,0.0
ATP5F1E,0.0
ATP5IF1,3.0153597916849506
ATP5MC1,0.0
ATP5MC2,0.0
ATP5MC3,0.0
ATP5ME,0.6989710093546083
ATP5MF,0.0
ATP5MF-PTCD1,0.0
ATP5MG,0.0
ATP5MGL,0.0
ATP5MJ,0.0
ATP5MK,1.1461274987831955
ATP5PB,0.0
ATP5PD,1.7634281888404502
ATP5PF,0.0
ATP5PFP3,0.0
ATP5PO,0.0
ATP6AP1,0.47712123177304405
ATP6AP1-DT,0.0
ATP6AP1L,0.0
ATP6AP2,0.0
ATP6V0A1,1.2787536037279044
ATP6V0A2,0.3010300426676183
ATP6V0A4,0.0
ATP6V0B,0.0
ATP6V0C,0.47712118348917
ATP6V0CP3,0.0
ATP6V0D1,2.820857930868941
ATP6V0D1-DT,0.0
ATP6V0D2,0.0
ATP6V0E1,0.0
ATP6V0E2,0.0
ATP6V0E2-AS1,0.0
ATP6V1A,0.0
ATP6V1B1,0.0
ATP6V1B1-AS1,0.0
ATP6V1B2,2.966610963924081
ATP6V1C1,2.6803355126037136
ATP6V1C2,0.0
ATP6V1D,2.436162586691622
ATP6V1E1,0.0
ATP6V1E2,0.0
ATP6V1F,1.3979400034661809
ATP6V1G1,0.30102996083986394
ATP6V1G2,0.0
ATP6V1G2-DDX39B,0.0
ATP6V1G3,0.0
ATP6V1H,0.0
ATP7A,0.0
ATP7B,2.9127533017232277
ATP8A1,1.4471580464427622
ATP8A1-DT,0.0
ATP8A2,0.0
ATP8B1,0.0
ATP8B1-AS1,0.0
ATP8B2,0.845098066606176
ATP8B3,0.0
ATP8B4,0.47517898469861647
ATP8B5P,0.3010343686192011
ATP9A,0.0
ATP9B,1.7259034782340237
ATPAF1,0.0
ATPAF2,0.0
ATPSCKMT,0.0
ATR,0.0
ATRAID,0.0
ATRIP,0.0
ATRIP-TREX1,0.0
ATRN,1.380609872104002
ATRNL1,0.6989699541060156
ATRX,2.6821450772530784
ATXN1,2.107209967802249
ATXN1-AS1,0.0
ATXN10,0.8450980403452419
ATXN1L,0.0
ATXN2,0.0
ATXN2-AS,0.0
ATXN2L,0.0
ATXN3,0.0
ATXN3L,0.0
ATXN7,0.0
ATXN7L1,0.0
ATXN7L2,0.0
ATXN7L3,0.0
ATXN7L3-AS1,0.0
ATXN7L3B,1.9030899891821336
ATXN8OS,0.0
AUH,1.591064708769856
AUNIP,0.0
AUP1,0.0
AURKA,0.0
AURKAIP1,0.0
AURKAP1,0.0
AURKB,0.0
AURKC,0.0
AUTS2,0.0
AVEN,0.0
AVIL,0.0
AVL9,0.0
AVP,0.0
AVPI1,0.0
AVPR1A,0.0
AVPR1B,0.0
AVPR1B-DT,0.0
AVPR2,0.0
AWAT1,0.0
AWAT2,0.0
AXDND1,0.0
AXIN1,0.0
AXIN2,0.0
AXL,0.0
AZGP1,0.0
AZGP1P1,0.0
AZI2,0.0
AZIN1,0.0
AZIN2,0.0
AZU1,0.0
B2M,1.8920946626948367
B2M-2,0.0
B3GALNT1,0.0
B3GALNT2,0.3517571420977493
B3GALNT2-2,0.3517571420977493
B3GALT1,0.0
B3GALT1-AS1,0.0
B3GALT2,0.6989699824621383
B3GALT4,0.0
B3GALT5,0.0
B3GALT5-AS1,0.0
B3GALT6,0.0
B3GALT9,0.0
B3GAT1,0.0
B3GAT1-DT,0.0
B3GAT2,0.0
B3GAT3,0.0
B3GLCT,0.0
B3GNT2,0.0
B3GNT3,0.3010299854166011
B3GNT4,0.0
B3GNT5,0.0
B3GNT6,0.0
B3GNT7,2.5877109513649024
B3GNT8,0.0
B3GNT9,0.0
B3GNTL1,1.2900021062008131
B3GNTL1-2,0.0
B4GALNT1,0.0
B4GALNT2,0.0
B4GALNT3,0.0
B4GALNT4,0.0
B4GALT1,0.0
B4GALT1-AS1,0.0
B4GALT2,0.0
B4GALT3,0.0
B4GALT4,0.0
B4GALT4-AS1,0.0
B4GALT5,1.6901960745650695
B4GALT6,0.0
B4GALT7,0.30103001116281963
B4GAT1,0.0
B4GAT1-DT,0.0
B9D1,0.0
B9D2,0.0
BAALC,1.361727811835405
BAALC-AS1,0.0
BAALC-AS2,0.0
BAAT,0.0
BABAM1,0.0
BABAM2,0.0
BABAM2-AS1,0.0
BACE1,0.712240467983212
BACE1-AS,0.6989702244615955
BACE2,0.0
BACH1,0.0
BACH1-IT2,0.0
BACH1-IT3,0.0
BACH2,0.6020599501317326
BAD,0.0
BAG1,0.0
BAG2,1.204119983825613
BAG3,0.0
BAG4,0.0
BAG5,0.0
BAG6,0.0
BAG6-2,0.0
BAG6-3,0.0
BAG6-4,0.0
BAG6-5,0.0
BAG6-6,0.0
BAG6-7,0.0
BAGE2,0.0
BAGE5,0.0
BAHCC1,0.0
BAHCC1-2,0.0
BAHD1,0.0
BAIAP2,1.1139433212319831
BAIAP2-DT,0.0
BAIAP2L1,0.0
BAIAP2L2,0.0
BAIAP3,0.0
BAK1,0.0
BALR6,0.0
BAMBI,2.557507146347578
BANCR,0.0
BANF1,0.0
BANF2,0.0
BANK1,0.0
BANP,0.6020599655417962
BAP1,0.0
BARD1,0.0
BARHL1,0.0
BARHL2,0.0
BARX1,0.0
BARX1-DT,0.0
BARX2,0.0
BASP1,0.0
BASP1-AS1,0.0
BASP1P1,0.0
BATF,0.0
BATF2,0.0
BATF3,0.0
BAX,0.0
BAZ1A,2.818225886250753
BAZ1A-AS1,0.0
BAZ1B,1.204119985901022
BAZ2A,0.0
BAZ2B,3.063708559969378
BAZ2B-AS1,0.0
BBC3,0.0
BBIP1,0.0
BBLN,1.9190782749318398
BBOF1,0.0
BBOX1,0.0
BBOX1-AS1,0.0
BBS1,0.0
BBS10,0.477121202850623
BBS12,0.0
BBS2,0.0
BBS4,0.0
BBS5,0.6020599572763021
BBS7,0.0
BBS7-DT,0.0
BBS9,0.0
BBX,0.0
BCAM,0.0
BCAN,2.5622928423110656
BCAN-AS2,0.0
BCAP29,0.0
BCAP31,0.0
BCAR1,0.0
BCAR3,0.0
BCAR3-AS1,0.0
BCAR4,0.0
BCAS1,2.1760912379185626
BCAS2,0.0
BCAS3,0.0
BCAS3-AS1,0.0
BCAS4,0.0
BCAT1,0.6020600015635394
BCAT2,0.0
BCCIP,0.0
BCDIN3D,0.0
BCDIN3D-AS1,0.0
BCHE,0.0
BCKDHA,0.0
BCKDHB,0.60205994718656
BCKDK,0.0
BCL10,0.0
BCL10-AS1,0.0
BCL11A,1.623249290726132
BCL11B,0.0
BCL2,0.0
BCL2A1,0.0
BCL2L1,0.0
BCL2L1-AS1,0.0
BCL2L10,0.0
BCL2L11,0.0
BCL2L12,0.0
BCL2L13,0.0
BCL2L14,0.6020599533870686
BCL2L15,0.0
BCL2L2,0.0
BCL2L2-PABPN1,0.0
BCL3,0.0
BCL6,0.47712126850954273
BCL6-AS1,0.0
BCL6B,0.0
BCL7A,1.4771212445732043
BCL7B,0.0
BCL7C,0.0
BCL9,0.6989700046266529
BCL9L,0.0
BCLAF1,2.0086001663540145
BCLAF3,0.0
BCO1,0.0
BCO2,0.0
BCOR,0.0
BCORL1,0.0
BCORP1,0.0
BCR,0.0
BCRP2,0.0
BCRP3,0.0
BCS1L,0.0
BCYRN1,0.0
BDH1,0.47712124843949494
BDH2,0.0
BDKRB1,0.0
BDKRB2,0.0
BDNF,0.0
BDNF-AS,0.0
BDP1,0.0
BDP1-2,0.0
BDP1-3,0.0
BDP1-4,0.0
BEAN1,0.0
BEAN1-AS1,0.0
BECN1,2.8088858280449207
BECN2,0.0
BEGAIN,0.0
BEND2,0.0
BEND3,0.0
BEND3P3,0.0
BEND4,0.0
BEND5,0.30103006929726234
BEND6,0.0
BEND7,0.0
BEND7-DT,0.0
BEST1,0.0
BEST2,0.0
BEST3,0.0
BEST4,0.0
BET1,0.0
BET1-AS1,0.0
BET1L,0.0
BETALINC1,0.0
BEX1,0.9030898653362087
BEX2,0.0
BEX3,2.0492183423049317
BEX4,1.86923162872897
BEX5,0.0
BFAR,0.0
BFAR-2,0.0
BFSP1,0.0
BFSP2,0.0
BFSP2-AS1,0.0
BGLAP,0.0
BGLT3,0.0
BGN,0.0
BHLHA15,0.0
BHLHA9,0.0
BHLHE22,0.0
BHLHE22-AS1,0.0
BHLHE23,0.0
BHLHE40,0.0
BHLHE40-AS1,0.0
BHLHE41,1.0413926652301875
BHMT,0.0
BHMT2,0.0
BICC1,0.0
BICD1,0.0
BICD1-AS1,0.0
BICD2,2.3180633290800716
BICDL1,0.0
BICDL2,0.0
BICDL3P,0.0
BICRA,0.3010299266102758
BICRA-AS2,0.0
BICRAL,0.0
BID,0.0
BIK,0.0
BIN1,0.0
BIN2,0.0
BIN3,0.0
BIN3-IT1,0.0
BIRC2,3.130011917186357
BIRC3,0.0
BIRC5,0.0
BIRC6,1.908485028961156
BIRC6-AS2,0.0
BIRC7,0.0
BIRC8,0.0
BISPR,0.3010300021277401
BIVM,2.888740942942531
BIVM-ERCC5,0.0
BLACAT1,0.0
BLACE,0.0
BLCAP,0.0
BLID,0.0
BLK,0.0
BLK-2,0.0
BLM,2.025305852716323
BLMH,1.8129133233635644
BLNK,0.0
BLOC1S1,0.0
BLOC1S1-RDH5,0.0
BLOC1S2,0.3010300007152972
BLOC1S3,0.0
BLOC1S4,0.0
BLOC1S5,0.3010299350883505
BLOC1S5-TXNDC5,0.0
BLOC1S6,2.155336024123681
BLTP1,0.0
BLTP2,0.30102995861926135
BLTP3A,0.0
BLTP3B,1.0791812439467976
BLTP3B-DT,0.0
BLVRA,0.0
BLVRB,0.0
BLZF1,0.0
BMAL1,0.0
BMAL2,0.0
BMAL2-AS1,0.0
BMERB1,1.0413926458601601
BMF,0.0
BMI1,0.0
BMNCR,0.0
BMP1,0.0
BMP10,0.0
BMP15,0.0
BMP2,0.0
BMP2K,0.0
BMP2K-DT,0.0
BMP3,0.0
BMP4,0.0
BMP5,0.0
BMP6,0.0
BMP7,0.301029969358474
BMP7-AS1,0.0
BMP8A,0.0
BMP8B,0.3010300221758844
BMP8B-AS1,0.0
BMPER,0.0
BMPR1A,0.8661717974361944
BMPR1B,0.0
BMPR1B-DT,0.0
BMPR2,2.800029370055066
BMS1,0.0
BMS1P1,1.9395192454026045
BMS1P14,0.0
BMS1P17,0.0
BMS1P18,0.0
BMS1P2,0.0
BMS1P2-AGAP9,0.47712124388604016
BMS1P20,1.9344984090059103
BMS1P21,0.0
BMS1P22,0.0
BMS1P23,0.0
BMS1P4,0.47712120020034055
BMS1P4-AGAP5,0.0
BMX,0.0
BNAT1,0.0
BNC1,0.0
BNC2,0.47712087993257424
BNC2-AS1,0.0
BNIP1,0.0
BNIP2,0.0
BNIP3,2.08990504789918
BNIP3L,0.6020599898388784
BNIP5,0.0
BNIPL,0.0
BOC,0.0
BOD1,2.549003208147643
BOD1L1,1.9493900125324835
BOD1L2,0.0
BOK,0.0
BOK-AS1,0.0
BOLA1,0.0
BOLA2,0.0
BOLA2-SMG1P6,1.1013928619666888
BOLA2B,0.0
BOLA3,2.120573794947869
BOLA3-DT,0.0
BOLL,0.0
BOP1,0.0
BORA,0.0
BORCS5,0.3010298883119835
BORCS5-2,0.0
BORCS6,0.0
BORCS7,0.0
BORCS7-ASMT,0.0
BORCS8,0.0
BORCS8-MEF2B,0.0
BPESC1,0.0
BPGM,0.0
BPHL,1.4913616526067657
BPI,0.0
BPIFA1,0.0
BPIFA2,0.0
BPIFA3,0.0
BPIFA4P,0.0
BPIFB1,0.0
BPIFB2,0.0
BPIFB3,0.0
BPIFB4,0.0
BPIFB6,0.0
BPIFC,0.0
BPNT1,0.0
BPNT2,0.7781512858805193
BPTF,1.9395192624730706
BPY2,0.0
BPY2B,0.0
BPY2C,0.0
BRAF,0.0
BRAP,0.0
BRAT1,0.0
BRCA1,0.3042041762866494
BRCA2,0.0
BRCC3,1.886490702388722
BRD1,0.30102994093918306
BRD10,0.0
BRD2,1.2041199667204738
BRD2-2,0.0
BRD2-4,0.0
BRD2-6,0.0
BRD2-7,0.0
BRD3,2.7745169649097017
BRD3OS,0.0
BRD4,0.0
BRD7,0.0
BRD7P3,0.0
BRD8,1.3979399833529464
BRD9,0.0
BRDT,0.0
BRDTP1,0.0
BRF1,0.0
BRF2,0.0
BRI3,0.0
BRI3BP,0.0
BRICD5,0.0
BRINP1,0.0
BRINP2,0.0
BRINP3,2.726727185270008
BRINP3-DT,0.0
BRIP1,0.8450980412189655
BRIX1,0.0
BRK1,0.0
BRME1,0.0
BRME1-2,0.0
BRMS1,0.0
BRMS1L,2.9670797043887536
BROX,2.9623693218494136
BRPF1,0.0
BRPF3,0.0
BRPF3-AS1,0.0
BRS3,0.0
BRSK1,0.0
BRSK2,0.0
BRSK2-2,0.0
BRWD1,2.977266214521746
BRWD1-AS1,0.0
BRWD1-AS2,0.0
BRWD3,0.0
BSCL2,2.1613679274365136
BSDC1,1.2787535821516285
BSG,0.0
BSG-AS1,0.0
BSN,0.0
BSN-DT,0.0
BSND,0.0
BSPH1,0.0
BSPRY,0.0
BST1,0.0
BST2,0.0
BSX,0.0
BTAF1,0.3010298883469725
BTBD1,0.0
BTBD10,0.8450979670269714
BTBD16,0.0
BTBD17,0.0
BTBD18,0.0
BTBD19,0.0
BTBD2,0.0
BTBD3,0.0
BTBD3-AS1,2.204119930259519
BTBD6,0.0
BTBD7,0.301029509592921
BTBD7-2,0.0
BTBD8,2.761927831151707
BTBD9,0.0
BTBD9-AS1,0.0
BTC,0.0
BTD,1.3010299755307573
BTF3,0.0
BTF3-DT,0.0
BTF3L4,1.8388490838435605
BTF3P11,0.0
BTG1,0.0
BTG1-DT,0.0
BTG2,2.235528421885159
BTG2-DT,0.0
BTG3,2.7151672908990347
BTG3-AS1,0.0
BTG4,0.778151222444141
BTK,0.0
BTLA,0.0
BTN1A1,0.0
BTN2A1,0.0
BTN2A2,0.0
BTN2A3P,0.0
BTN3A1,0.0
BTN3A2,0.6989699922749808
BTN3A3,0.0
BTNL10P,0.0
BTNL12P,0.0
BTNL2,0.0
BTNL2-4,0.0
BTNL2-5,0.0
BTNL2-6,0.0
BTNL2-8,0.0
BTNL2-9,0.0
BTNL3,0.0
BTNL8,0.0
BTNL9,0.0
BTRC,0.0
BUB1,0.0
BUB1B,0.0
BUB1B-PAK6,0.0
BUB3,0.0
BUD13,0.0
BUD13-DT,0.0
BUD23,0.0
BUD31,0.0
BVES,0.0
BVES-AS1,0.0
BYSL,0.0
BZW1,2.1072099501960215
BZW1-AS1,0.0
BZW2,0.0
C10orf105,0.0
C10orf120,0.0
C10orf126,0.0
C10orf143,0.30102997031589074
C10orf53,0.0
C10orf55,0.0
C10orf62,0.0
C10orf67,0.0
C10orf67-AS1,0.0
C10orf71,0.0
C10orf71-AS1,0.0
C10orf88,0.0
C10orf88B,0.0
C10orf90,1.477121230163521
C10orf95,0.0
C10orf95-AS1,0.0
C11orf16,0.0
C11orf21,0.0
C11orf24,0.0
C11orf40,0.0
C11orf42,0.0
C11orf52,0.0
C11orf54,0.0
C11orf58,0.301029967415479
C11orf65,0.0
C11orf68,0.0
C11orf71,0.0
C11orf86,0.0
C11orf87,0.0
C11orf91,0.0
C11orf96,0.0
C11orf97,0.0
C11orf98,1.5314791293885945
C12orf42,0.0
C12orf42-AS1,0.0
C12orf43,2.8169038086085876
C12orf50,0.6989699860736106
C12orf54,0.0
C12orf56,0.3010299918345094
C12orf57,0.0
C12orf60,0.0
C12orf71,0.0
C12orf75,0.0
C12orf75-AS1,0.0
C12orf76,0.0
C13orf42,0.0
C13orf46,0.0
C13orf46-2,0.0
C14orf119,1.0413926579325672
C14orf132,0.0
C14orf178,0.0
C14orf180,0.0
C14orf180-2,0.0
C14orf28,0.0
C14orf39,0.0
C14orf93,0.0
C15orf32,0.0
C15orf39,0.0
C15orf40,2.218175678704053
C15orf48,0.0
C15orf61,0.0
C15orf62,0.0
C16orf46,0.0
C16orf46-2,0.0
C16orf54,0.0
C16orf74,0.0
C16orf78,0.0
C16orf82,0.0
C16orf86,0.0
C16orf87,1.612783856171374
C16orf89,0.0
C16orf90,0.0
C16orf92,0.0
C16orf95,0.0
C16orf95-DT,0.0
C16orf96,0.0
C17orf100,0.0
C17orf107,0.0
C17orf113,0.0
C17orf114,0.0
C17orf49,0.0
C17orf50,0.0
C17orf58,0.0
C17orf67,0.0
C17orf75,0.6989700250166986
C17orf78,0.30102996919982894
C17orf78-2,0.0
C17orf99,0.0
C18orf15,0.0
C18orf21,0.0
C18orf32,0.0
C18orf54,0.0
C18orf61,0.0
C18orf63,0.0
C19orf12,0.3010299866865285
C19orf18,0.0
C19orf25,0.0
C19orf33,0.0
C19orf38,0.0
C19orf44,0.0
C19orf47,0.0
C19orf48P,0.0
C19orf53,0.0
C19orf67,0.0
C19orf67-2,0.0
C19orf73,0.0
C19orf81,0.0
C19orf84,0.0
C19orf85,0.0
C1D,0.9030899530992752
C1GALT1,1.1461280447594442
C1GALT1C1,0.0
C1GALT1C1L,0.0
C1orf105,0.0
C1orf115,0.0
C1orf116,0.0
C1orf122,0.0
C1orf127,0.0
C1orf131,0.0
C1orf141,0.0
C1orf146,0.0
C1orf159,0.0
C1orf162,0.0
C1orf167,0.0
C1orf167-AS1,0.0
C1orf174,0.0
C1orf185,0.0
C1orf198,0.0
C1orf202,0.0
C1orf21,1.0000000248317709
C1orf21-DT,0.0
C1orf210,0.0
C1orf216,0.0
C1orf220,0.0
C1orf226,0.0
C1orf232,0.0
C1orf35,0.0
C1orf43,0.30102994932696914
C1orf50,0.0
C1orf52,0.0
C1orf53,0.0
C1orf54,0.0
C1orf56,0.0
C1orf74,0.0
C1orf87,0.0
C1orf94,0.0
C1QA,0.0
C1QB,0.0
C1QBP,0.0
C1QC,0.0
C1QL1,0.0
C1QL2,0.0
C1QL3,0.0
C1QL4,0.0
C1QTNF1,0.0
C1QTNF1-AS1,0.0
C1QTNF12,0.0
C1QTNF2,0.0
C1QTNF3,0.0
C1QTNF3-AMACR,0.0
C1QTNF4,0.0
C1QTNF4-2,0.0
C1QTNF5,0.0
C1QTNF6,0.30102994064843347
C1QTNF7,0.0
C1QTNF7-AS1,0.0
C1QTNF8,0.0
C1QTNF9,0.0
C1QTNF9B,0.0
C1R,0.30103000954530723
C1RL,0.0
C1RL-AS1,0.0
C1S,0.0
C2,0.0
C2-AS1,0.0
C20orf141,0.0
C20orf144,0.0
C20orf173,0.0
C20orf181,0.0
C20orf202,0.0
C20orf203,0.0
C20orf204,0.0
C20orf96,0.0
C21orf140,0.0
C21orf58,0.0
C21orf91,0.0
C21orf91-OT1,0.0
C22orf15,0.0
C22orf23,0.0
C22orf31,0.0
C22orf39,0.0
C22orf42,0.0
C22orf46P,0.30103008295249895
C2CD2,0.0
C2CD2L,0.0
C2CD3,0.0
C2CD4A,0.0
C2CD4B,0.0
C2CD4C,0.0
C2CD4D,0.0
C2CD4D-AS1,0.0
C2CD5,3.00130091615158
C2CD5-AS1,0.0
C2CD6,0.0
C2orf15,0.0
C2orf42,0.0
C2orf49,0.30103014861360256
C2orf49-DT,2.2552725045242035
C2orf66,0.7817209647180018
C2orf68,0.0
C2orf69,0.0
C2orf72,1.7075701524787783
C2orf74,0.0
C2orf74-AS1,0.0
C2orf74-DT,0.0
C2orf76,0.0
C2orf78,0.0
C2orf78-2,0.0
C2orf80,0.0
C2orf81,0.0
C2orf88,2.5561119694865964
C2orf92,0.0
C2orf92-2,0.0
C3,0.0
C3AR1,0.0
C3orf18,0.0
C3orf20,0.0
C3orf22,0.0
C3orf33,0.0
C3orf36,0.0
C3orf38,1.8129133243938458
C3orf49,0.3010299485729148
C3orf52,0.0
C3orf62,0.0
C3orf70,3.0806264906682377
C3orf80,0.0
C3orf85,0.0
C3orf86P,0.0
C3P1,0.0
C4A,0.0
C4B,0.0
C4B_2,0.0
C4BPA,0.0
C4BPB,0.0
C4orf17,0.0
C4orf19,0.0
C4orf3,0.0
C4orf33,0.30102998510903983
C4orf36,0.30102992496673453
C4orf46,0.0
C4orf46P3,0.0
C4orf50,0.0
C4orf51,0.0
C4orf54,0.0
C5,0.3010300331564333
C5-OT1,0.0
C5AR1,0.0
C5AR2,0.0
C5orf15,2.4329692542098122
C5orf22,0.0
C5orf24,0.0
C5orf34,0.0
C5orf34-AS1,0.0
C5orf46,0.0
C5orf47,0.0
C5orf52,0.0
C5orf58,0.0
C5orf63,0.0
C5orf67,0.0
C6,0.0
C6orf118,0.0
C6orf120,0.0
C6orf132,0.30103001623450826
C6orf136,0.0
C6orf136-2,0.0
C6orf136-3,0.0
C6orf136-4,0.0
C6orf136-5,0.0
C6orf136-6,0.0
C6orf136-7,0.0
C6orf141,0.0
C6orf147,0.30102996543109434
C6orf15,0.0
C6orf163,0.0
C6orf226,0.0
C6orf47,0.0
C6orf52,0.0
C6orf52-2,0.0
C6orf58,0.0
C6orf62,0.0
C6orf89,0.0
C7,0.0
C7orf25,0.0
C7orf33,0.0
C7orf50,0.0
C7orf57,0.0
C7orf78,0.0
C8A,0.0
C8B,0.0
C8G,0.0
C8orf17,0.0
C8orf33,0.0
C8orf34,0.0
C8orf34-AS1,0.0
C8orf44,0.0
C8orf44-SGK3,0.0
C8orf48,0.0
C8orf58,0.0
C8orf74,0.0
C8orf74-2,0.0
C8orf76,0.0
C8orf82,0.0
C8orf88,1.743999968468676
C8orf89,0.0
C8orf90,0.0
C9,0.0
C9orf152,0.0
C9orf153,0.0
C9orf163,0.0
C9orf40,0.0
C9orf43,0.0
C9orf50,0.0
C9orf57,0.0
C9orf72,0.0
C9orf78,2.4871383246085523
C9orf85,1.3424225896900617
CA1,0.0
CA10,2.628388910802068
CA11,0.0
CA12,0.0
CA13,0.0
CA14,0.0
CA2,0.9999999365339269
CA3,0.0
CA3-AS1,0.0
CA4,0.30222610217962376
CA5A,0.0
CA5B,0.0
CA5BP1,0.698969930959283
CA5BP1-CA5B,0.0
CA6,0.0
CA7,0.0
CA8,0.47712126956552536
CA9,0.0
CAAP1,0.0
CAB39,0.3010300522081592
CAB39L,0.0
CABCOCO1,0.0
CABIN1,0.0
CABLES1,0.0
CABLES2,0.0
CABP1,0.0
CABP1-DT,0.0
CABP2,0.0
CABP4,0.0
CABP5,0.0
CABP7,0.0
CABP7-DT,0.0
CABS1,0.0
CABYR,0.0
CACFD1,0.0
CACFD1-2,0.0
CACHD1,0.6989700061025715
CACNA1A,0.0
CACNA1B,0.0
CACNA1B-AS1,0.0
CACNA1C,0.0
CACNA1C-2,0.0
CACNA1C-AS1,0.0
CACNA1C-AS2,0.0
CACNA1C-AS4,0.0
CACNA1C-IT1,0.0
CACNA1C-IT1-2,0.0
CACNA1C-IT2,0.0
CACNA1C-IT3,0.0
CACNA1D,0.0
CACNA1E,0.0
CACNA1F,0.0
CACNA1G,0.0
CACNA1G-AS1,0.0
CACNA1H,0.0
CACNA1I,0.0
CACNA1S,0.0
CACNA2D1,0.0
CACNA2D1-AS1,0.0
CACNA2D2,0.0
CACNA2D3,0.0
CACNA2D3-AS1,0.0
CACNA2D4,0.0
CACNA2D4-2,0.0
CACNB1,0.0
CACNB2,0.0
CACNB3,0.0
CACNB4,0.3010298819223207
CACNG1,0.0
CACNG2,0.0
CACNG2-DT,0.0
CACNG3,0.0
CACNG4,0.6020599873988698
CACNG5,1.6337710314616847
CACNG6,0.0
CACNG7,0.0
CACNG8,0.0
CACTIN,0.0
CACTIN-AS1,0.0
CACUL1,2.2013971359468343
CACYBP,2.643452654215409
CAD,0.0
CADM1,0.8450980292115693
CADM1-AS1,0.0
CADM2,3.2960066772029553
CADM2-AS2,0.0
CADM3,0.0
CADM3-AS1,0.0
CADM4,0.0
CADPS,0.0
CADPS2,0.0
CAGE1,0.0
CAHM,0.0
CALB1,0.0
CALB2,0.0
CALCA,0.0
CALCB,0.0
CALCOCO1,0.0
CALCOCO2,0.0
CALCR,0.0
CALCRL,0.0
CALCRL-AS1,0.0
CALD1,0.0
CALHM1,0.0
CALHM2,0.0
CALHM3,0.0
CALHM4,0.30103003176131454
CALHM5,0.0
CALHM6,0.0
CALHM6-AS1,0.0
CALM1,2.5622928563951315
CALM2,1.7075700910379306
CALM3,0.4771212337021571
CALML3,0.0
CALML3-AS1,0.0
CALML4,0.0
CALML5,0.0
CALML6,0.0
CALN1,0.0
CALR,0.0
CALR3,0.0
CALR4P,0.0
CALU,1.4913616887068029
CALY,0.0
CAMK1,0.0
CAMK1D,0.0
CAMK1G,0.0
CAMK2A,0.0
CAMK2B,0.0
CAMK2D,0.0
CAMK2G,0.0
CAMK2N1,0.0
CAMK2N2,0.0
CAMK4,0.30102992313544774
CAMKK1,0.0
CAMKK2,0.0
CAMKMT,0.0
CAMKV,0.0
CAMLG,0.0
CAMP,0.0
CAMSAP1,0.0
CAMSAP1-DT,0.0
CAMSAP2,1.9395192571210298
CAMSAP3,0.0
CAMTA1,2.8195439445265014
CAMTA1-AS1,0.0
CAMTA1-AS2,0.0
CAMTA1-AS3,0.0
CAMTA1-DT,0.0
CAMTA1-IT1,0.0
CAMTA2,0.0
CAMTA2-AS1,0.0
CAND1,3.3609718939112008
CAND1.11,0.0
CAND2,0.0
CANT1,0.0
CANX,0.0
CANX-2,0.6989700022779234
CAP1,0.0
CAP2,0.0
CAPG,0.0
CAPN1,0.0
CAPN1-AS1,0.0
CAPN10,0.0
CAPN10-DT,0.0
CAPN11,0.0
CAPN12,0.0
CAPN12-2,0.0
CAPN13,0.0
CAPN14,0.0
CAPN15,0.0
CAPN2,1.5682017039686253
CAPN3,0.0
CAPN5,0.0
CAPN6,0.0
CAPN7,0.3010300359009309
CAPN8,0.0
CAPN9,0.0
CAPNS1,0.9542424259881083
CAPNS2,0.0
CAPRIN1,0.0
CAPRIN2,0.0
CAPS,0.0
CAPS2,2.3483048735934284
CAPS2-AS1,0.0
CAPSL,0.0
CAPSL-DT,0.0
CAPZA1,3.105169395367459
CAPZA2,0.0
CAPZA3,0.0
CAPZB,0.30102984686784084
CARD10,0.0
CARD11,0.0
CARD11-AS1,0.0
CARD14,0.0
CARD14-2,0.0
CARD16,0.0
CARD17P,0.0
CARD18,0.0
CARD19,0.0
CARD6,0.0
CARD8,3.469380132390869
CARD8-AS1,0.0
CARD9,0.0
CARF,0.0
CARHSP1,0.0
CARHSP1-DT,0.0
CARINH,0.0
CARM1,0.0
CARMAL,0.0
CARMIL1,0.0
CARMIL2,0.0
CARMIL3,0.0
CARMIL3-2,0.0
CARMN,0.0
CARNMT1,0.0
CARNMT1-AS1,0.0
CARNS1,0.0
CARS1,1.176091231869474
CARS1-2,0.0
CARS1-AS1,0.0
CARS2,0.0
CARTPT,0.0
CASC11,0.0
CASC15,0.0
CASC16,0.0
CASC17,0.0
CASC18,0.0
CASC19,0.0
CASC2,0.0
CASC20,0.0
CASC21,0.0
CASC22,0.0
CASC23,0.0
CASC3,0.0
CASC6,0.0
CASC8,0.0
CASC9,0.0
CASD1,1.7323937472439133
CASK,0.0
CASK-AS1,0.0
CASKIN1,0.0
CASKIN2,0.0
CASP1,0.0
CASP10,0.0
CASP12,0.0
CASP12-2,0.0
CASP14,0.0
CASP16P,0.0
CASP1P2,0.0
CASP2,0.47712120947792563
CASP3,0.0
CASP4,0.0
CASP4LP,0.0
CASP5,0.0
CASP6,0.0
CASP7,0.0
CASP8,0.8450980133872097
CASP8AP2,0.0
CASP8AP2-2,0.7781512149017786
CASP9,0.0
CASQ1,0.0
CASQ2,0.0
CASR,0.0
CASS4,0.0
CAST,0.0
CASTOR1,0.0
CASTOR2,0.0
CASTOR3P,0.47712129608809906
CASZ1,0.0
CAT,0.0
CATIP,0.0
CATIP-AS1,0.0
CATIP-AS2,0.0
CATSPER1,0.0
CATSPER2,0.30103003635015435
CATSPER2P1,0.0
CATSPER3,0.0
CATSPER4,0.0
CATSPERB,0.0
CATSPERD,0.0
CATSPERE,0.0
CATSPERG,0.0
CATSPERZ,0.0
CAV1,0.0
CAV2,0.0
CAV3,0.0
CAVIN1,0.0
CAVIN2,0.0
CAVIN2-AS1,0.6020600194176216
CAVIN3,0.0
CAVIN4,0.7781512201576565
CBARP,0.0
CBARP-DT,0.0
CBFA2T2,0.6020600358117689
CBFA2T3,0.30103002857774724
CBFB,0.0
CBL,0.0
CBLB,0.0
CBLC,0.0
CBLIF,0.0
CBLL1,1.1461280363412785
CBLL1-AS1,0.0
CBLL2,0.0
CBLN1,0.0
CBLN2,0.0
CBLN3,0.0
CBLN4,0.0
CBR1,1.4149732620596038
CBR1-AS1,0.0
CBR3,0.0
CBR3-AS1,0.0
CBR4,0.0
CBR4-DT,0.0
CBS,0.0
CBSLR,0.0
CBX1,2.1205738948639117
CBX2,0.0
CBX3,0.0
CBX3P2,0.0
CBX4,0.0
CBX5,1.9242793020839102
CBX6,1.2304489076598282
CBX7,0.0
CBX8,0.0
CBY1,0.0
CBY2,0.0
CBY3,0.0
CC2D1A,0.0
CC2D1A-2,0.0
CC2D1B,0.0
CC2D2A,0.0
CC2D2B,0.0
CCAR1,0.0
CCAR2,0.0
CCAT1,0.0
CCAT2,0.0
CCBE1,0.4771212903694285
CCDC102A,0.0
CCDC102B,0.0
CCDC103,0.0
CCDC106,0.0
CCDC107,0.0
CCDC110,0.0
CCDC112,3.045714024049331
CCDC115,0.0
CCDC116,0.0
CCDC117,0.0
CCDC12,0.0
CCDC120,0.30102999408830866
CCDC121,0.0
CCDC122,0.6712827523240158
CCDC124,0.0
CCDC125,0.0
CCDC125-2,0.0
CCDC126,0.0
CCDC127,0.0
CCDC13,0.3010299714415956
CCDC13-AS1,0.0
CCDC13-AS2,0.0
CCDC134,0.0
CCDC136,0.0
CCDC137,0.0
CCDC138,0.3010299476729313
CCDC14,2.287801736280238
CCDC140,0.0
CCDC141,0.0
CCDC142,0.0
CCDC144A,2.5328170601072166
CCDC144BP,1.8385392145731154
CCDC144CP,0.0
CCDC144NL,0.0
CCDC144NL-AS1,0.0
CCDC146,0.0
CCDC148,0.0
CCDC148-AS1,0.0
CCDC149,0.0
CCDC15,0.0
CCDC15-DT,0.0
CCDC150,0.0
CCDC152,1.3827191351795718
CCDC154,0.0
CCDC157,0.0
CCDC158,1.623249279378478
CCDC159,0.0
CCDC160,0.0
CCDC162P,0.0
CCDC163,0.3010299805357307
CCDC166,0.0
CCDC167,0.0
CCDC168,0.0
CCDC169,0.0
CCDC169-SOHLH2,0.0
CCDC17,0.0
CCDC170,0.0
CCDC171,0.0
CCDC172,0.0
CCDC174,0.0
CCDC175,0.0
CCDC177,0.0
CCDC178,0.0
CCDC179,0.0
CCDC18,0.9244783837213743
CCDC18-AS1,1.0413926620506326
CCDC180,0.0
CCDC181,0.0
CCDC182,0.0
CCDC183,0.0
CCDC183-AS1,0.0
CCDC184,0.0
CCDC185,0.0
CCDC186,0.7781512728566171
CCDC187,0.0
CCDC188,0.0
CCDC190,0.0
CCDC191,0.0
CCDC192,0.47712125609603867
CCDC194,0.0
CCDC195,0.0
CCDC196,0.0
CCDC197,0.0
CCDC197-2,0.0
CCDC198,0.0
CCDC200,0.0
CCDC201,0.0
CCDC22,0.0
CCDC24,0.0
CCDC25,0.0
CCDC26,0.0
CCDC27,0.0
CCDC28A,0.0
CCDC28A-AS1,0.0
CCDC28B,0.0
CCDC3,0.0
CCDC30,0.4777064008906674
CCDC32,0.0
CCDC33,0.0
CCDC33-2,0.0
CCDC34,0.0
CCDC38,0.0
CCDC39,0.0
CCDC39-AS1,0.0
CCDC40,0.0
CCDC42,0.0
CCDC43,1.4771212136413392
CCDC47,0.0
CCDC50,2.283301235479715
CCDC51,0.0
CCDC54,0.0
CCDC54-AS1,0.0
CCDC57,0.0
CCDC59,0.0
CCDC6,0.0
CCDC60,0.0
CCDC61,0.0
CCDC62,0.0
CCDC63,0.0
CCDC65,0.0
CCDC66,0.0
CCDC68,0.0
CCDC69,0.0
CCDC7,0.6989700436811236
CCDC70,0.0
CCDC71,0.0
CCDC71L,1.1461280486621757
CCDC73,0.0
CCDC74A,0.0
CCDC74B,0.0
CCDC74B-2,0.0
CCDC77,0.0
CCDC78,0.0
CCDC8,0.0
CCDC80,0.0
CCDC81,0.0
CCDC82,0.0
CCDC83,0.0
CCDC85A,0.0
CCDC85B,0.0
CCDC85C,0.0
CCDC86,0.0
CCDC86-AS1,0.0
CCDC87,0.0
CCDC88A,1.977723607144016
CCDC88B,0.0
CCDC88C,0.0
CCDC88C-DT,0.0
CCDC89,0.0
CCDC9,0.0
CCDC90B,0.0
CCDC90B-AS1,0.0
CCDC91,1.819543899299063
CCDC92,0.0
CCDC92B,0.0
CCDC93,0.0
CCDC97,0.0
CCDC9B,0.0
CCDST,0.0
CCEPR,0.0
CCER1,0.0
CCER2,0.0
CCER2-2,0.0
CCHCR1,0.0
CCHCR1-2,0.0
CCHCR1-3,0.0
CCHCR1-4,0.0
CCHCR1-5,0.0
CCHCR1-6,0.0
CCIN,0.0
CCK,0.698969964562842
CCKAR,0.0
CCKBR,0.0
CCL1,0.0
CCL11,0.0
CCL13,0.0
CCL14,0.0
CCL15,0.0
CCL15-CCL14,0.0
CCL16,0.0
CCL16-2,0.0
CCL17,0.0
CCL18,0.0
CCL19,0.0
CCL2,0.0
CCL20,0.0
CCL21,0.0
CCL22,0.0
CCL23,0.0
CCL24,0.0
CCL25,0.0
CCL26,0.0
CCL27,0.0
CCL28,0.0
CCL3,0.0
CCL3-AS1,0.0
CCL3L1,0.0
CCL3L3,0.0
CCL4,0.0
CCL4L1,0.0
CCL4L2,0.0
CCL4L2-2,0.0
CCL4L2-3,0.0
CCL5,0.0
CCL7,0.0
CCL8,0.0
CCM2,0.0
CCM2L,0.0
CCN1,0.0
CCN2,0.0
CCN2-AS1,0.0
CCN3,0.0
CCN4,0.0
CCN5,0.0
CCN6,0.0
CCNA1,0.0
CCNA2,0.0
CCNB1,0.0
CCNB1IP1,0.0
CCNB2,0.0
CCNB3,0.0
CCNC,0.0
CCND1,2.421603919295334
CCND2,1.041392703691943
CCND2-AS1,0.0
CCND3,0.0
CCNDBP1,0.0
CCNE1,0.0
CCNE2,1.5440679406794093
CCNF,0.0
CCNG1,1.079181196881122
CCNG2,0.0
CCNH,0.0
CCNI,0.0
CCNI2,0.0
CCNJ,0.0
CCNJL,0.0
CCNK,0.0
CCNL1,0.0
CCNL2,1.2304489071500022
CCNO,0.0
CCNO-DT,0.0
CCNP,0.0
CCNQ,0.0
CCNT1,2.7611758155879116
CCNT2,2.9527924455303007
CCNT2-AS1,0.0
CCNY,0.4771212971936346
CCNY-AS1,0.0
CCNYL1,0.0
CCNYL1B,0.0
CCNYL2,0.0
CCNYL3,0.0
CCNYL4,0.0
CCNYL6,0.0
CCP110,0.7781512218653445
CCPG1,0.0
CCR1,0.0
CCR10,0.0
CCR2,0.0
CCR3,0.0
CCR4,0.0
CCR5,0.0
CCR5AS,0.0
CCR6,0.0
CCR7,0.0
CCR8,0.0
CCR9,0.0
CCRL2,0.0
CCS,0.0
CCSAP,0.0
CCSER1,0.0
CCSER2,1.1760912381967137
CCT2,1.2041199395225548
CCT3,0.0
CCT4,0.4771212126075287
CCT5,0.0
CCT6A,0.3010300172772644
CCT6B,0.0
CCT6P1,0.0
CCT6P3,0.0
CCT7,0.0
CCT8,0.0
CCT8L2,0.0
CCZ1,0.0
CCZ1B,0.0
CCZ1P-OR7E38P,0.0
CD101,0.0
CD101-AS1,0.0
CD109,0.0
CD109-AS1,0.0
CD14,0.0
CD151,0.0
CD160,0.0
CD163,0.0
CD163L1,0.0
CD164,0.0
CD164L2,0.0
CD177,0.0
CD180,0.0
CD19,0.0
CD1A,0.0
CD1B,0.0
CD1C,0.0
CD1D,0.0
CD1E,0.0
CD2,0.0
CD200,2.630427833431367
CD200R1,0.0
CD200R1L,0.0
CD200R1L-AS1,0.0
CD207,0.0
CD209,0.0
CD22,0.0
CD226,0.0
CD24,0.0
CD244,0.0
CD247,0.0
CD248,0.0
CD27,0.0
CD27-AS1,2.5575071695141602
CD274,0.0
CD276,0.0
CD28,0.0
CD2AP,0.0
CD2AP-DT,0.0
CD2BP2,1.2552724971338405
CD2BP2-DT,0.0
CD300A,0.0
CD300A-2,0.0
CD300C,0.0
CD300C-2,0.0
CD300E,0.0
CD300H,0.0
CD300H-2,0.0
CD300LB,0.0
CD300LB-2,0.0
CD300LD,0.0
CD300LD-2,0.0
CD300LD-AS1,0.0
CD300LF,0.0
CD300LG,0.0
CD302,0.0
CD320,0.0
CD33,0.0
CD34,0.0
CD36,0.0
CD37,0.0
CD38,0.0
CD3D,0.0
CD3E,0.0
CD3G,0.0
CD4,0.0
CD40,0.0
CD40LG,0.0
CD44,0.30102999894818555
CD44-AS1,0.0
CD44-DT,0.0
CD46,0.0
CD47,1.6334684581088266
CD48,0.0
CD5,0.0
CD52,0.0
CD53,0.0
CD55,0.0
CD58,0.0
CD59,0.0
CD5L,0.0
CD6,0.0
CD63,0.0
CD63-AS1,0.0
CD68,0.0
CD69,0.0
CD7,0.0
CD70,0.0
CD72,0.0
CD74,0.0
CD79A,0.0
CD79B,0.0
CD80,0.0
CD81,1.113943272307738
CD81-AS1,0.0
CD82,0.0
CD82-AS1,0.0
CD83,0.0
CD84,0.0
CD86,0.0
CD8A,0.0
CD8B,0.0
CD8B2,0.0
CD9,1.8920945047430138
CD93,0.0
CD96,0.0
CD99,0.0
CD99L2,0.0
CD99P1,0.0
CDA,0.0
CDADC1,0.0
CDAN1,0.0
CDC123,0.0
CDC14A,0.0
CDC14B,0.0
CDC14C,0.0
CDC16,0.0
CDC20,0.0
CDC20-DT,0.0
CDC20B,0.0
CDC23,0.0
CDC25A,0.0
CDC25B,0.0
CDC25C,0.0
CDC26,0.0
CDC27,0.7781512874275709
CDC27P10,0.477121297123942
CDC27P10-2,0.477121297123942
CDC27P9,0.0
CDC34,0.0
CDC37,1.3424226231462035
CDC37L1,0.0
CDC37L1-DT,0.0
CDC40,0.0
CDC42,0.0
CDC42BPA,0.0
CDC42BPB,0.7781512585162486
CDC42BPG,0.30102992476644413
CDC42EP1,0.0
CDC42EP2,0.0
CDC42EP3,0.0
CDC42EP4,0.0
CDC42EP5,0.0
CDC42P3,0.0
CDC42SE1,1.785329816503511
CDC42SE2,0.4771212027020768
CDC45,0.0
CDC5L,0.0
CDC6,0.3010300125594759
CDC7,0.0
CDC73,2.2174839307912166
CDCA2,0.0
CDCA3,0.0
CDCA4,0.0
CDCA5,0.0
CDCA7,0.0
CDCA7L,0.0
CDCA8,0.0
CDCP1,0.4771212334232691
CDCP2,0.0
CDH1,0.0
CDH10,1.799340530583344
CDH11,0.0
CDH12,0.0
CDH13,0.0
CDH13-AS1,0.0
CDH13-AS2,0.0
CDH15,0.0
CDH16,0.0
CDH17,0.0
CDH18,0.0
CDH18-AS1,0.0
CDH19,0.0
CDH2,0.9542425129602587
CDH20,2.385606240569463
CDH22,0.0
CDH23,0.0
CDH23-AS1,0.0
CDH24,0.0
CDH26,0.0
CDH3,0.0
CDH3-AS1,0.0
CDH4,0.0
CDH5,0.0
CDH6,0.0
CDH7,0.0
CDH8,1.568201711942974
CDH8-AS1,0.0
CDH9,0.0
CDHR1,0.4771212052114943
CDHR18P,0.0
CDHR2,0.0
CDHR3,0.0
CDHR4,0.0
CDHR5,0.0
CDHR5-2,0.0
CDIN1,0.0
CDIP1,0.0
CDIPT,0.0
CDIPTOSP,0.0
CDK1,0.0
CDK10,0.0
CDK11A,0.49339890495401706
CDK11B,2.4012029888513116
CDK12,2.0934216887021764
CDK13,0.0
CDK13-DT,0.0
CDK14,0.6020599588592099
CDK15,0.0
CDK16,0.0
CDK17,1.740362679173289
CDK18,0.0
CDK19,0.301029889761891
CDK2,0.0
CDK20,0.0
CDK2AP1,0.0
CDK2AP2,0.0
CDK3,0.0
CDK4,0.0
CDK5,0.0
CDK5R1,0.0
CDK5R2,0.0
CDK5RAP1,0.0
CDK5RAP2,0.6020600020853019
CDK5RAP3,0.0
CDK6,0.4771212836423392
CDK6-AS1,0.0
CDK7,0.0
CDK7-2,0.0
CDK8,0.0
CDK9,0.0
CDKAL1,0.0
CDKL1,0.0
CDKL2,0.0
CDKL3,0.0
CDKL4,0.0
CDKL5,0.0
CDKN1A,0.0
CDKN1B,0.0
CDKN1C,1.6434525903288428
CDKN2A,0.0
CDKN2A-AS1,0.0
CDKN2AIP,0.0
CDKN2AIPNL,0.0
CDKN2B,0.0
CDKN2B-AS1,0.0
CDKN2C,0.0
CDKN2D,0.0
CDKN3,0.0
CDNF,0.0
CDO1,0.0
CDON,0.0
CDPF1,0.301029972238319
CDR2,0.0
CDR2-2,0.0
CDR2-DT,0.0
CDR2L,0.0
CDRT15,0.0
CDRT15L2,0.0
CDRT15P1,0.0
CDRT15P2,0.0
CDRT15P3,0.0
CDRT3,0.0
CDRT4,2.0492179928458523
CDRT7,0.0
CDRT8,0.0
CDS1,0.0
CDS2,0.0
CDSN,0.0
CDT1,0.0
CDV3,0.0
CDX1,0.0
CDX2,0.0
CDX4,0.0
CDY1,0.0
CDY1B,0.3010299627416403
CDY2A,0.0
CDY2B,0.0
CDYL,0.0
CDYL-AS1,0.0
CDYL2,1.079181239754752
CEACAM1,0.0
CEACAM16,0.0
CEACAM16-AS1,0.0
CEACAM18,0.0
CEACAM19,0.0
CEACAM20,0.0
CEACAM21,0.0
CEACAM21-2,0.0
CEACAM22P,0.0
CEACAM3,0.0
CEACAM4,0.0
CEACAM4-2,0.0
CEACAM5,0.0
CEACAM6,0.0
CEACAM7,0.0
CEACAM8,0.0
CEBPA,0.0
CEBPA-DT,0.0
CEBPB,0.0
CEBPB-AS1,0.0
CEBPD,1.361727754317924
CEBPE,0.0
CEBPG,0.0
CEBPZ,0.0
CEBPZOS,0.6989698544149215
CECR2,0.48509979080776366
CECR3,0.0
CECR7,0.30102999408830866
CEDORA,0.0
CEL,0.0
CELA1,0.0
CELA2A,0.0
CELA2B,0.0
CELA3A,0.0
CELA3B,0.0
CELF1,1.6901960742930824
CELF2,1.9294189196617895
CELF2-AS1,0.0
CELF2-AS2,0.0
CELF2-DT,0.0
CELF3,0.0
CELF4,0.0
CELF5,0.0
CELF6,0.0
CELP,0.0
CELSR1,0.0
CELSR2,0.6020599664929838
CELSR3,0.0
CEMIP,0.0
CEMIP2,0.0
CEMP1,0.0
CENATAC,0.0
CENATAC-DT,0.0
CEND1,0.0
CENPA,0.0
CENPB,0.0
CENPBD1P,0.0
CENPBD2P,1.041392664285021
CENPC,2.0293837813464783
CENPE,0.0
CENPF,0.0
CENPH,0.0
CENPI,0.0
CENPJ,0.999999993414529
CENPK,1.7092592049395374
CENPL,0.0
CENPM,0.0
CENPN,1.1139433464732496
CENPN-2,0.0
CENPN-AS1,0.0
CENPN-AS1-2,0.0
CENPO,0.0
CENPP,0.0
CENPP-2,0.0
CENPQ,0.0
CENPS,0.0
CENPS-CORT,0.0
CENPT,0.0
CENPU,0.0
CENPV,0.0
CENPVL1,0.0
CENPVL2,0.0
CENPVL3,0.0
CENPW,0.0
CENPX,0.0
CEP104,0.0
CEP112,0.0
CEP120,0.0
CEP126,0.8450980249501618
CEP128,0.6990445165247658
CEP131,0.0
CEP135,0.0
CEP15,0.0
CEP152,0.0
CEP162,0.0
CEP164,0.0
CEP170,0.4771212145873906
CEP170-2,0.4771212145873906
CEP170B,0.0
CEP170P1,0.0
CEP19,0.0
CEP192,0.0
CEP192P1,0.0
CEP20,0.0
CEP250,0.3743851029784521
CEP250-AS1,0.0
CEP290,0.0
CEP295,1.7708520105817906
CEP295NL,0.0
CEP350,2.3541084482791224
CEP41,0.0
CEP43,0.0
CEP44,0.0
CEP55,0.0
CEP57,0.0
CEP57L1,0.0
CEP63,0.0
CEP68,0.3010299831866115
CEP70,0.0
CEP72,0.0
CEP72-DT,0.0
CEP76,0.0
CEP78,2.3364597338088706
CEP83,0.0
CEP83-DT,0.0
CEP85,0.0
CEP85L,0.6020599511950974
CEP89,0.0
CEP95,0.0
CEP97,0.47712128843866686
CEPT1,0.30102995622849327
CER1,0.0
CERCAM,0.0
CERK,0.0
CERKL,0.0
CERNA1,0.0
CERNA2,0.0
CERNA3,0.0
CEROX1,0.6989699692670784
CERS1,0.0
CERS2,0.0
CERS3,0.0
CERS3-AS1,0.0
CERS4,0.0
CERS5,0.0
CERS6,0.0
CERS6-AS1,0.0
CERT1,0.0
CES1,0.0
CES1-2,0.0
CES1P1,0.0
CES1P2,0.0
CES2,0.0
CES3,0.0
CES4A,0.0
CES5A,0.0
CES5AP1,0.0
CETN1,0.0
CETN2,0.0
CETN3,0.0
CETN4P,0.0
CETP,0.0
CFAP100,0.0
CFAP100-DT,0.0
CFAP107,0.0
CFAP119,0.0
CFAP126,0.0
CFAP141,0.0
CFAP144,0.0
CFAP144P1,0.0
CFAP144P2,0.0
CFAP157,0.0
CFAP161,0.0
CFAP184,0.0
CFAP20,0.6020599258085352
CFAP206,0.0
CFAP20DC,0.0
CFAP20DC-AS1,0.0
CFAP20DC-DT,0.0
CFAP210,0.0
CFAP221,0.0
CFAP251,0.0
CFAP263,0.0
CFAP276,0.0
CFAP298,1.4362024865244267
CFAP298-TCP10L,0.7123218762314405
CFAP299,0.0
CFAP300,0.0
CFAP36,1.2304488410996008
CFAP410,0.0
CFAP418,0.0
CFAP418-AS1,0.0
CFAP43,0.0
CFAP44,0.0
CFAP44-AS1,0.0
CFAP45,0.0
CFAP46,0.0
CFAP47,0.0
CFAP52,0.0
CFAP53,0.0
CFAP54,0.0
CFAP57,0.0
CFAP58,0.0
CFAP58-DT,0.0
CFAP61,0.0
CFAP61-AS1,0.0
CFAP65,0.0
CFAP68,0.0
CFAP69,0.0
CFAP70,0.0
CFAP73,0.0
CFAP74,0.0
CFAP77,0.0
CFAP90,0.0
CFAP91,0.0
CFAP92,0.0
CFAP95,0.0
CFAP95-DT,0.0
CFAP96,0.0
CFAP97,0.0
CFAP97D1,0.0
CFAP97D2,0.0
CFAP99,0.0
CFB,0.0
CFC1,0.0
CFC1B,0.0
CFD,0.0
CFDP1,0.30102996925512854
CFH,0.0
CFHR1,0.0
CFHR2,0.0
CFHR2-2,0.0
CFHR3,0.0
CFHR4,0.0
CFHR4-2,0.0
CFHR5,0.0
CFHR5-2,0.0
CFI,0.0
CFL1,0.7781511761105726
CFL1P1,0.0
CFL2,0.0
CFLAR,0.871710054481891
CFLAR-AS1,0.0
CFP,0.0
CFTR,0.0
CFTR-AS1,0.0
CGA,0.0
CGAS,1.9493899688068526
CGB1,0.0
CGB2,0.0
CGB3,0.0
CGB5,0.0
CGB7,0.0
CGB8,0.0
CGGBP1,0.0
CGN,0.0
CGNL1,0.0
CGREF1,0.0
CGRRF1,0.0
CH17-125A10.2,0.0
CH25H,0.0
CH507-145C22.1,0.0
CH507-42P11.6,0.0
CH507-9B2.8,0.0
CHAC1,0.0
CHAC2,0.0
CHAD,0.0
CHADL,0.0
CHAER1,0.0
CHAF1A,0.0
CHAF1B,0.0
CHAMP1,0.5138616672965243
CHASERR,1.1760911943609411
CHAT,0.0
CHCHD1,0.0
CHCHD10,0.4771216677398547
CHCHD2,1.0791811578997517
CHCHD3,2.691965042523763
CHCHD4,0.0
CHCHD5,0.0
CHCHD6,0.0
CHCHD7,0.0
CHCT1,0.0
CHD1,1.5314789293541369
CHD1-DT,0.0
CHD1L,0.0
CHD2,0.0
CHD3,1.6901960900388082
CHD4,1.1139433723379843
CHD5,0.30103003616880813
CHD6,2.990687855060378
CHD7,0.3010300997284073
CHD8,1.2041199751735872
CHD9,1.6812412608095966
CHD9NB,0.0
CHDH,0.6989700110688148
CHEK1,0.4771212191731021
CHEK2,0.0
CHEK2P2,0.0
CHERP,0.0
CHFR,0.0
CHFR-DT,0.3010301774545799
CHGA,0.0
CHGA-2,0.0
CHGB,1.1139433220926713
CHI3L1,0.0
CHI3L2,0.0
CHIA,0.0
CHIAP2,0.0
CHIC1,0.0
CHIC2,0.0
CHID1,1.9493899761068174
CHIT1,0.0
CHKA,1.1139433338269749
CHKA-DT,0.0
CHKB,0.0
CHKB-CPT1B,0.0
CHKB-DT,0.0
CHL1,2.1430148044432435
CHL1-AS1,0.0
CHL1-AS2,0.0
CHM,0.0
CHML,0.0
CHMP1A,0.0
CHMP1B,1.2787535822554454
CHMP1B2P,0.0
CHMP2A,0.0
CHMP2B,0.0
CHMP3,0.0
CHMP3-AS1,0.0
CHMP4A,0.0
CHMP4B,0.0
CHMP4C,0.0
CHMP5,0.0
CHMP6,0.0
CHMP7,0.0
CHN1,0.0
CHN2,0.0
CHN2-AS1,0.0
CHODL,0.0
CHODL-AS1,0.0
CHORDC1,2.7730546674974264
CHORDC1-2,2.7730546674974264
CHORDC1P4,0.0
CHP1,2.7463108037010038
CHP1P2,0.0
CHP2,0.0
CHPF,0.0
CHPF2,0.0
CHPT1,0.0
CHRAC1,0.0
CHRD,0.0
CHRDL1,0.0
CHRDL2,0.0
CHRFAM7A,0.0
CHRM1,0.0
CHRM2,0.0
CHRM3,0.5136073969740675
CHRM3-AS1,0.0
CHRM3-AS2,0.0
CHRM4,0.0
CHRM5,0.0
CHRNA1,0.0
CHRNA10,0.0
CHRNA2,0.0
CHRNA3,0.0
CHRNA4,0.0
CHRNA5,0.0
CHRNA6,0.0
CHRNA7,0.0
CHRNA7-2,0.0
CHRNA7-3,0.0
CHRNA7-4,0.0
CHRNA9,0.0
CHRNB1,0.0
CHRNB2,0.0
CHRNB3,0.0
CHRNB4,0.0
CHRND,0.0
CHRNE,0.0
CHRNG,0.0
CHROMR,0.0
CHST1,0.0
CHST10,0.9999999805419482
CHST11,0.3010300499907996
CHST12,0.8674303068274744
CHST13,0.0
CHST14,2.173186230885277
CHST15,0.3289437619464802
CHST2,0.3010300649997693
CHST3,0.0
CHST4,0.0
CHST5,0.0
CHST6,0.30102987688365757
CHST7,0.0
CHST8,0.0
CHST9,0.0
CHSY1,0.0
CHSY3,0.0
CHTF18,0.0
CHTF8,0.0
CHTOP,1.5051499257069367
CHUK,0.0
CHUK-DT,0.6020599507380653
CHURC1,0.0
CHURC1-FNTB,0.0
CIAO1,1.8512583395848505
CIAO2A,0.6989701512984272
CIAO2B,0.0
CIAO3,0.0
CIAPIN1,0.0
CIART,2.804820606850296
CIB1,0.0
CIB2,0.0
CIB3,0.0
CIB4,0.0
CIBAR1,0.0
CIBAR1-DT,0.0
CIBAR1P2,0.0
CIBAR2,0.0
CIC,0.0
CIDEA,0.0
CIDEB,0.0
CIDEB-2,0.0
CIDEC,0.0
CIDECP1,0.0
CIITA,3.2606473729021705
CILK1,0.77815126856211
CILP,0.0
CILP2,0.0
CIMAP1A,0.0
CIMAP1B,0.0
CIMAP1C,0.0
CIMAP1D,0.0
CIMAP2,0.0
CIMAP3,0.0
CIMIP1,0.0
CIMIP2A,0.0
CIMIP2B,0.0
CIMIP2C,0.0
CIMIP3,0.0
CIMIP4,0.0
CIMIP5,0.0
CIMIP6,0.0
CIMIP7,0.0
CINP,0.0
CIP2A,0.0
CIPC,1.23044892476118
CIR1,0.778151211262788
CIRBP,0.9030898822985042
CIRBP-AS1,0.0
CIROP,0.0
CISD1,0.0
CISD2,0.0
CISD3,0.0
CISH,0.0
CIST1,0.0
CISTR,0.0
CIT,0.0
CITED1,0.0
CITED2,0.0
CITED4,0.0
CIZ1,0.0
CKAP2,0.0
CKAP2-DT,0.0
CKAP2L,0.0
CKAP4,1.544068025811085
CKAP5,0.0
CKB,0.0
CKLF,0.0
CKLF-CMTM1,0.0
CKM,0.0
CKMT1A,0.0
CKMT1B,0.0
CKMT2,0.0
CKMT2-AS1,0.0
CKS1B,0.0
CKS2,0.0
CLASP1,0.0
CLASP1-AS1,0.0
CLASP2,1.8512583529604252
CLASRP,0.0
CLBA1,0.0
CLC,0.0
CLCA1,0.0
CLCA2,0.0
CLCA3P,0.0
CLCA4,0.30102992523043165
CLCA4-AS1,0.0
CLCC1,0.3010299684495299
CLCF1,0.0
CLCN1,0.0
CLCN2,0.0
CLCN3,1.6989700009454782
CLCN4,0.0
CLCN5,0.0
CLCN6,0.0
CLCN7,0.0
CLCNKA,0.0
CLCNKB,0.0
CLDN1,0.0
CLDN10,0.0
CLDN10-AS1,0.0
CLDN11,0.0
CLDN12,0.0
CLDN14,0.0
CLDN14-AS1,0.6020599844643647
CLDN15,0.0
CLDN16,0.0
CLDN17,0.0
CLDN18,0.0
CLDN19,0.0
CLDN2,0.0
CLDN20,0.0
CLDN22,0.0
CLDN23,0.0
CLDN24,0.0
CLDN25,0.0
CLDN3,0.0
CLDN34,0.0
CLDN4,0.0
CLDN5,0.0
CLDN6,0.0
CLDN7,0.0
CLDN8,0.0
CLDN9,0.0
CLDND1,2.3053513140623885
CLDND2,0.0
CLEC10A,0.0
CLEC11A,0.0
CLEC12A,0.0
CLEC12A-AS1,0.0
CLEC12B,0.0
CLEC14A,0.0
CLEC16A,0.0
CLEC17A,0.30102992650786914
CLEC18A,0.0
CLEC18B,0.0
CLEC18C,0.0
CLEC19A,0.0
CLEC1A,0.0
CLEC1B,0.0
CLEC20A,0.0
CLEC2A,0.0
CLEC2B,0.0
CLEC2D,0.6978080295001652
CLEC2L,0.0
CLEC3A,0.0
CLEC3B,0.0
CLEC4A,0.0
CLEC4C,0.0
CLEC4D,0.0
CLEC4E,0.0
CLEC4F,0.0
CLEC4G,0.0
CLEC4GP1,0.0
CLEC4M,0.0
CLEC4OP,0.0
CLEC5A,0.0
CLEC6A,0.0
CLEC7A,0.0
CLEC9A,0.0
CLECL1P,0.0
CLGN,0.0
CLHC1,0.0
CLIC1,0.0
CLIC2,0.0
CLIC3,0.0
CLIC4,1.4913616863386665
CLIC5,0.0
CLIC6,0.0
CLINT1,0.4771212765851006
CLIP1,0.0
CLIP1-AS1,0.0
CLIP2,0.0
CLIP3,0.9030899683463207
CLIP4,0.0
CLK1,2.086359778057765
CLK2,0.0
CLK2-2,0.0
CLK2P1,0.0
CLK3,0.0
CLK4,0.0
CLLU1,0.0
CLLU1-AS1,0.0
CLMAT3,0.0
CLMN,0.0
CLMP,0.0
CLN3,0.0
CLN5,0.0
CLN6,0.0
CLN8,0.0
CLN8-2,0.0
CLN8-AS1,0.0
CLNK,0.4771213079009293
CLNS1A,1.740362665202279
CLOCK,0.3010298652822639
CLP1,0.0
CLPB,0.0
CLPP,0.0
CLPS,0.0
CLPSL1,0.0
CLPSL2,0.0
CLPTM1,0.0
CLPTM1L,0.0
CLPX,0.0
CLRN1,0.0
CLRN1-AS1,0.0
CLRN2,0.0
CLRN3,0.0
CLSPN,0.0
CLSTN1,0.0
CLSTN2,0.7781513164469864
CLSTN2-AS1,0.0
CLSTN3,0.0
CLSTN3-2,0.0
CLTA,0.0
CLTB,0.0
CLTC,2.9324737711537456
CLTCL1,0.0
CLTRN,0.0
CLU,0.0
CLUAP1,0.0
CLUH,0.0
CLUHP3,0.0
CLUL1,0.0
CLVS1,0.0
CLVS2,0.0
CLXN,0.0
CLYBL,0.0
CLYBL-AS1,0.0
CLYBL-AS2,0.0
CLYBL-AS3,0.0
CMA1,0.0
CMAHP,2.222716440775923
CMAS,0.3010299683525849
CMBL,0.0
CMC1,0.0
CMC2,2.176091272064095
CMC4,0.0
CMIP,0.0
CMKLR1,0.0
CMKLR2,0.0
CMKLR2-2,0.0
CMKLR2-AS,0.0
CMPK1,0.0
CMPK2,0.0
CMSS1,0.30102997235685475
CMTM1,0.0
CMTM2,0.0
CMTM3,0.0
CMTM4,0.0
CMTM5,0.0
CMTM6,0.0
CMTM7,0.0
CMTM8,0.0
CMTR1,1.8388490818017507
CMTR2,2.733197259386819
CMTR2-2,0.0
CMYA5,2.9242792957291424
CNBD1,0.0
CNBD2,0.0
CNBP,0.0
CNDP1,0.30102999632529664
CNDP2,0.0
CNEP1R1,0.0
CNFN,0.0
CNGA1,0.0
CNGA2,0.0
CNGA3,0.0
CNGA4,0.0
CNGB1,0.0
CNGB3,0.0
CNIH1,0.0
CNIH2,0.0
CNIH3,0.0
CNIH3-AS1,0.0
CNIH3-AS2,0.0
CNIH4,1.954242500925409
CNKSR1,0.0
CNKSR2,0.0
CNKSR3,0.4773961695011093
CNMD,0.0
CNN1,0.0
CNN2,0.0
CNN3,2.778873336946311
CNN3-DT,0.0
CNNM1,0.0
CNNM2,0.0
CNNM3,0.0
CNNM3-DT,0.0
CNNM4,0.0
CNOT1,0.0
CNOT10,0.0
CNOT10-2,0.0
CNOT10-AS1,0.0
CNOT11,0.0
CNOT2,2.0681858325762374
CNOT3,0.0
CNOT3-10,0.0
CNOT3-2,0.0
CNOT3-3,0.0
CNOT3-4,0.0
CNOT3-5,0.0
CNOT3-6,0.0
CNOT3-7,0.0
CNOT3-8,0.0
CNOT3-9,0.0
CNOT4,0.0
CNOT6,0.0
CNOT6L,0.30102996276801
CNOT7,2.7193312877642954
CNOT8,0.0
CNOT9,0.3010300679874804
CNP,2.9464522624913703
CNPPD1,0.0
CNPY1,0.0
CNPY2,0.0
CNPY2-AS1,0.0
CNPY3,0.0
CNPY3-GNMT,0.0
CNPY4,0.0
CNR1,0.0
CNR2,0.0
CNRIP1,0.0
CNST,0.0
CNTD1,0.0
CNTF,0.0
CNTFR,0.0
CNTFR-AS1,0.0
CNTLN,0.0
CNTN1,1.3010299874764204
CNTN2,0.0
CNTN3,0.0
CNTN4,1.7325388864190852
CNTN4-AS1,0.0
CNTN4-AS2,0.0
CNTN5,0.0
CNTN6,0.0
CNTNAP1,0.0
CNTNAP2,0.0
CNTNAP2-AS1,0.0
CNTNAP3,0.0
CNTNAP3B,0.0
CNTNAP3C,0.0
CNTNAP3P2,0.0
CNTNAP4,0.0
CNTNAP5,2.578639220612661
CNTNAP5-DT,0.0
CNTRL,0.0
CNTROB,0.0
COA1,2.096910007156192
COA3,0.0
COA4,0.0
COA5,0.0
COA6,0.0
COA6-AS1,0.0
COA7,0.0
COA8,0.6020599242796468
COASY,0.0
COBL,0.9030899747271497
COBLL1,0.0
COCH,0.0
COG1,0.0
COG2,0.0
COG3,0.0
COG4,0.0
COG5,0.0
COG5-2,0.0
COG6,0.0
COG7,0.9542424921817271
COG8,0.0
COIL,2.6560981754658686
COL10A1,0.0
COL11A1,1.8512583460154723
COL11A2,0.0
COL11A2-2,0.0
COL11A2-3,0.0
COL11A2-4,0.0
COL11A2-5,0.0
COL11A2-6,0.0
COL12A1,0.0
COL13A1,0.0
COL14A1,0.0
COL15A1,0.0
COL16A1,1.7481880133899064
COL17A1,0.0
COL18A1,0.0
COL18A1-AS1,0.0
COL18A1-AS2,0.0
COL19A1,0.0
COL1A1,0.0
COL1A2,0.0
COL1A2-AS1,0.0
COL20A1,2.164352860499165
COL21A1,0.0
COL22A1,0.0
COL23A1,0.0
COL24A1,0.0
COL25A1,0.0
COL25A1-DT,0.0
COL26A1,0.0
COL27A1,0.0
COL28A1,0.0
COL2A1,0.0
COL3A1,0.0
COL4A1,0.0
COL4A2,0.0
COL4A2-AS1,0.0
COL4A2-AS2,0.0
COL4A3,0.0
COL4A4,0.0
COL4A5,0.0
COL4A6,0.0
COL5A1,0.0
COL5A1-AS1,0.0
COL5A2,0.4771211952159248
COL5A3,0.0
COL6A1,0.0
COL6A2,0.0
COL6A2-DT,0.0
COL6A3,0.0
COL6A4P1,0.0
COL6A4P2,0.0
COL6A5,0.0
COL6A6,0.8701953388246959
COL7A1,0.0
COL8A1,0.0
COL8A2,0.0
COL9A1,3.076276244738634
COL9A2,1.939519228559922
COL9A3,0.0
COLCA1,0.0
COLEC10,0.0
COLEC11,0.0
COLEC12,0.0
COLGALT1,0.0
COLGALT2,0.0
COLQ,0.0
COMETT,0.0
COMMD1,0.0
COMMD10,1.8129132870023215
COMMD2,2.7387805461892616
COMMD3,0.0
COMMD3-BMI1,2.267171712347562
COMMD4,0.0
COMMD4P1,0.0
COMMD4P2,0.0
COMMD5,0.0
COMMD6,0.0
COMMD7,0.0
COMMD8,1.4913616268132874
COMMD9,0.0
COMP,0.0
COMT,2.0755469201681507
COMTD1,0.0
COP1,2.225309250670425
COP1-DT,0.0
COPA,0.30102988702063566
COPB1,0.0
COPB2,0.0
COPB2-DT,0.0
COPE,0.0
COPG1,0.0
COPG2,0.0
COPG2IT1,0.0
COPRS,0.0
COPS2,0.9542425324789795
COPS3,0.0
COPS4,0.0
COPS5,0.0
COPS6,2.4785664226028103
COPS7A,0.0
COPS7B,0.0
COPS8,0.3010300120630599
COPS8-DT,0.0
COPS9,0.0
COPZ1,0.0
COPZ2,0.0
COQ10A,0.0
COQ10B,0.0
COQ2,0.0
COQ3,0.0
COQ4,0.3010300027177725
COQ5,0.0
COQ6,0.0
COQ7,1.544068018954611
COQ7-DT,0.0
COQ8A,0.0
COQ8B,0.0
COQ9,0.0
CORIN,0.0
CORO1A,0.0
CORO1A-AS1,0.0
CORO1B,0.0
CORO1C,0.0
CORO2A,0.0
CORO2B,0.0
CORO6,0.0
CORO7,0.0
CORO7-PAM16,0.0
CORT,0.0
COSMOC,0.0
COTL1,0.0
COX10,0.0
COX10-DT,0.0
COX11,0.3010299165841536
COX14,0.0
COX15,0.30102999804128966
COX16,2.350247961857714
COX17,0.0
COX18,0.0
COX19,0.0
COX20,1.1139433192607737
COX4I1,0.0
COX4I2,0.0
COX5A,0.0
COX5B,0.7781509716926485
COX6A1,2.187520821694557
COX6A2,0.0
COX6B1,0.0
COX6B2,0.0
COX6C,2.3747480284940448
COX7A1,0.0
COX7A2,0.4771208273118225
COX7A2L,0.0
COX7B,0.0
COX7B2,0.0
COX7C,0.0
COX8A,0.0
COX8C,0.0
CP,0.0
CPA1,0.0
CPA2,0.0
CPA3,0.0
CPA4,0.0
CPA5,0.0
CPA6,0.0
CPAMD8,0.0
CPB1,0.0
CPB2,0.0
CPB2-AS1,0.602059963340011
CPD,0.0
CPE,2.167317307823427
CPEB1,0.0
CPEB1-AS1,0.0
CPEB2,0.0
CPEB2-DT,0.0
CPEB3,0.0
CPEB4,2.434568908749342
CPED1,0.3010300135145025
CPHXL,0.0
CPHXL2,0.0
CPLANE1,0.3010301282801326
CPLANE1-AS1,0.0
CPLANE2,0.0
CPLANE2-2,0.0
CPLX1,0.0
CPLX2,0.0
CPLX3,0.0
CPLX4,0.0
CPM,0.0
CPMER,0.0
CPN1,0.0
CPN2,0.0
CPNE1,2.5843311781550296
CPNE2,0.0
CPNE3,2.4409090774703284
CPNE4,0.0
CPNE5,0.0
CPNE6,0.0
CPNE7,0.3010300080721891
CPNE8,0.0
CPNE8-AS1,0.0
CPNE9,0.0
CPO,0.0
CPOX,0.0
CPPED1,0.0
CPQ,0.0
CPS1,0.0
CPS1-IT1,0.0
CPSF1,0.0
CPSF1-2,0.0
CPSF2,0.0
CPSF3,0.0
CPSF4,0.0
CPSF4L,0.0
CPSF6,0.6020600243976554
CPSF7,0.0
CPT1A,0.3010300061239875
CPT1B,0.0
CPT1C,0.47712123925618005
CPT2,0.0
CPTP,0.0
CPVL,0.0
CPVL-AS1,0.0
CPVL-AS2,0.0
CPXCR1,0.0
CPXM1,0.0
CPXM2,0.0
CPZ,0.0
CR1,0.0
CR1L,0.0
CR2,0.0
CRABP1,0.0
CRABP2,0.0
CRACD,0.0
CRACDL,0.0
CRACR2A,0.0
CRACR2B,0.0
CRADD,0.0
CRADD-AS1,0.0
CRAMP1,0.0
CRAT,0.0
CRAT37,0.0
CRB1,1.9084850077882876
CRB2,0.0
CRB3,0.0
CRBN,0.0
CRCP,0.0
CRCT1,0.0
CREB1,0.0
CREB3,0.0
CREB3L1,0.0
CREB3L2,0.0
CREB3L2-AS1,0.0
CREB3L3,0.0
CREB3L4,0.0
CREB5,2.6085260381705933
CREBBP,2.952308018166024
CREBL2,0.0
CREBRF,0.9999999766514863
CREBZF,1.5910645822603924
CREG1,0.0
CREG2,0.0
CRELD1,0.0
CRELD2,0.0
CREM,0.0
CRH,0.0
CRHBP,0.0
CRHR1,0.0
CRHR2,0.0
CRIM1,0.0
CRIM1-DT,0.0
CRIP1,0.0
CRIP2,0.0
CRIP3,0.0
CRIPT,0.477121266944428
CRIPTO,0.0
CRIPTO3,0.0
CRISP1,0.0
CRISP2,0.0
CRISP3,0.0
CRISPLD1,0.0
CRISPLD2,0.0
CRK,1.9395192395461875
CRKL,2.5888317098697615
CRLF1,0.0
CRLF2,0.0
CRLF2-2,0.0
CRLF3,0.0
CRLS1,0.0
CRMA,0.0
CRMP1,0.0
CRNDE,0.0
CRNKL1,0.3010299880420509
CRNN,0.0
CROCC,0.0
CROCC-2,0.0
CROCC2,0.0
CROCCP2,0.0
CROCCP2-2,0.0
CROCCP3,0.0
CROT,0.0
CRP,0.0
CRPPA,0.0
CRPPA-AS1,0.0
CRSP8P,0.0
CRTAC1,0.0
CRTAM,0.0
CRTAP,1.725315682697087
CRTC1,0.0
CRTC2,0.0
CRTC3,0.0
CRTC3-AS1,0.0
CRX,0.0
CRY1,0.47712120283224657
CRY2,0.0
CRYAA,0.0
CRYAB,0.9030897902193025
CRYBA1,0.0
CRYBA2,0.0
CRYBA4,0.0
CRYBB1,0.0
CRYBB2,0.0
CRYBB2P1,0.0
CRYBB3,0.0
CRYBG1,0.0
CRYBG2,0.0
CRYBG3,0.0
CRYGA,0.0
CRYGB,0.0
CRYGC,0.0
CRYGC-2,0.0
CRYGD,0.0
CRYGN,0.0
CRYGS,0.0
CRYL1,0.0
CRYM,0.0
CRYZ,0.0
CRYZL1,0.0
CRYZL2P,0.0
CRYZL2P-SEC16B,0.0
CS,0.0
CSAD,0.0
CSAG1,0.0
CSAG1-2,0.0
CSAG2,0.0
CSAG2-2,0.0
CSAG3,0.0
CSAG4,0.0
CSDC2,0.0
CSDE1,0.0
CSE1L,1.6532124968168387
CSE1L-DT,0.0
CSF1,0.0
CSF1R,0.0
CSF2,0.0
CSF2RA,0.0
CSF2RA-2,0.0
CSF2RB,0.0
CSF3,0.0
CSF3R,0.0
CSGALNACT1,0.6989699999155047
CSGALNACT2,1.4771212361228654
CSGALNACT2-DT,0.0
CSH1,0.0
CSH2,0.0
CSHL1,0.0
CSK,0.0
CSKMT,0.0
CSMD1,1.0413926547342376
CSMD2,0.9542424622655081
CSMD2-AS1,0.0
CSMD3,2.4329693017692002
CSN1S1,0.0
CSN1S2AP,0.0
CSN1S2BP,0.0
CSN2,0.0
CSN2-2,0.0
CSN3,0.0
CSNK1A1,2.605155445470376
CSNK1A1L,0.0
CSNK1A1P1,0.0
CSNK1D,0.4771212459063522
CSNK1E,0.30102998883561677
CSNK1G1,0.0
CSNK1G2,0.0
CSNK1G2-AS1,0.0
CSNK1G3,0.0
CSNK2A1,1.5797836212790342
CSNK2A2,0.0
CSNK2A2IP,0.0
CSNK2A3,0.0
CSNK2B,0.0
CSPG4,0.47712135911805587
CSPG4P1Y,0.0
CSPG5,1.5051499367370433
CSPP1,1.5051499593434665
CSRNP1,0.0
CSRNP2,0.0
CSRNP3,1.6127838693523673
CSRP1,0.0
CSRP1-AS1,0.0
CSRP2,0.0
CSRP3,0.0
CSRP3-AS1,0.0
CST1,0.0
CST11,0.0
CST13P,0.0
CST2,0.0
CST3,0.0
CST4,0.0
CST5,0.0
CST6,0.0
CST7,0.0
CST8,0.0
CST9,0.0
CST9L,0.0
CSTA,0.0
CSTB,0.0
CSTF1,0.0
CSTF2,0.0
CSTF2T,0.0
CSTF3,0.0
CSTF3-DT,0.0
CSTL1,0.0
CSTPP1,0.0
CT45A1,0.0
CT45A10,0.0
CT45A2,0.0
CT45A3,0.0
CT45A5,0.9030899624087847
CT45A6,0.0
CT45A7,0.0
CT45A8,0.0
CT45A9,0.0
CT47A1,0.0
CT47A10,0.0
CT47A11,0.0
CT47A12,0.0
CT47A2,0.0
CT47A3,0.0
CT47A4,0.0
CT47A5,0.0
CT47A6,0.0
CT47A7,0.0
CT47A8,0.0
CT47A9,0.0
CT47B1,0.0
CT47C1,0.0
CT55,0.0
CT62,0.0
CT66,0.0
CT69,0.0
CT70,0.0
CT75,0.0
CT83,0.0
CTAG1A,0.0
CTAG1B,0.0
CTAG2,0.0
CTAGE1,0.0
CTAGE10P,0.0
CTAGE11P,0.0
CTAGE15,0.0
CTAGE4,0.0
CTAGE6,0.0
CTAGE7P,0.0
CTAGE8,0.0
CTAGE9,0.0
CTB-1I21.1,0.0
CTB-30L5.1,0.0
CTB-3M24.3,0.0
CTB-49A3.2,0.0
CTB-99A3.1,0.0
CTBP1,0.954242470421267
CTBP1-AS,0.0
CTBP1-DT,0.30103002425857817
CTBP2,1.431363762298962
CTBS,0.0
CTC-338M12.4,0.995528547406124
CTC1,0.0
CTCF,0.8450980092452766
CTCF-DT,0.0
CTCFL,0.0
CTD-2154B17.1,0.0
CTD-2194D22.4,0.0
CTD-2350J17.1,0.0
CTDNEP1,0.0
CTDP1,0.0
CTDP1-DT,0.0
CTDSP1,0.0
CTDSP2,1.3979400007180591
CTDSPL,0.3010299135868821
CTDSPL2,2.3053513717614003
CTF1,0.0
CTH,0.0
CTHRC1,0.0
CTIF,0.0
CTIF-2,0.0
CTLA4,0.0
CTNNA1,0.0
CTNNA1-AS1,0.0
CTNNA2,2.4698219937846897
CTNNA2-AS1,0.0
CTNNA3,0.0
CTNNAL1,0.6020599537509531
CTNNB1,2.4533183203048434
CTNNBIP1,0.0
CTNNBL1,0.0
CTNND1,0.0
CTNND2,2.3010299940642747
CTNS,0.0
CTPS1,0.0
CTPS2,0.0
CTR9,0.0
CTRB1,0.0
CTRB2,0.0
CTRC,0.0
CTRL,0.0
CTSA,0.0
CTSB,0.30103000143385045
CTSC,1.973127806713324
CTSD,0.0
CTSE,0.0
CTSF,0.9999999564583153
CTSG,0.0
CTSH,0.0
CTSK,0.0
CTSL,0.9999999431015036
CTSL3P,0.0
CTSLP2,0.0
CTSLP8,0.0
CTSO,0.0
CTSS,0.0
CTSV,0.0
CTSW,0.0
CTSZ,0.0
CTTN,0.0
CTTN-2,0.0
CTTN-DT,0.0
CTTNBP2,3.0692980116741078
CTTNBP2NL,0.0
CTU1,0.0
CTU2,0.0
CTXN1,0.0
CTXN2,0.0
CTXN2-AS1,0.0
CTXN3,0.0
CTXND1,1.230448911873941
CTXND2,0.0
CUBN,0.0
CUEDC1,0.0
CUEDC2,0.0
CUL1,0.0
CUL2,0.0
CUL3,0.0
CUL4A,0.4771212922528579
CUL4B,0.0
CUL5,0.30102991615891017
CUL7,0.0
CUL9,0.0
CUTA,0.0
CUTALP,0.0
CUTC,0.0
CUX1,1.79934057001629
CUX2,0.0
CUZD1,0.0
CWC15,0.6020599485112755
CWC22,0.0
CWC25,0.0
CWC25-2,0.0
CWC27,0.0
CWF19L1,0.4771212112654327
CWF19L2,0.0
CWH43,0.0
CX3CL1,0.0
CX3CR1,0.0
CXADR,0.0
CXADRP2,0.0
CXADRP3,0.0
CXCL1,0.0
CXCL10,0.0
CXCL11,0.0
CXCL12,2.872156227230281
CXCL13,0.0
CXCL14,0.4771212121027786
CXCL16,0.0
CXCL17,0.0
CXCL2,0.0
CXCL3,0.0
CXCL5,0.0
CXCL6,0.0
CXCL8,0.0
CXCL9,0.0
CXCR1,0.0
CXCR2,0.0
CXCR2P1,0.0
CXCR3,0.0
CXCR4,2.3891660274627586
CXCR5,0.0
CXCR6,0.301029983373845
CXorf38,2.2148438193157514
CXorf49,0.0
CXorf49B,0.0
CXorf51A,0.0
CXorf51B,0.0
CXorf58,0.0
CXorf65,0.0
CXorf66,0.0
CXXC1,0.0
CXXC1P1,0.0
CXXC4,0.0
CXXC4-AS1,0.0
CXXC5,0.0
CXXC5-AS1,0.0
CYB561,0.0
CYB561A3,0.0
CYB561D1,0.0
CYB561D2,0.0
CYB5A,0.0
CYB5B,0.0
CYB5D1,0.0
CYB5D2,0.77815122462856
CYB5R1,0.0
CYB5R2,0.0
CYB5R3,0.0
CYB5R4,1.57978359796217
CYB5RL,0.0
CYBA,0.0
CYBB,0.0
CYBC1,0.0
CYBRD1,0.0
CYC1,0.0
CYCS,3.1640552902852375
CYCSP52,0.0
CYFIP1,0.0
CYFIP2,1.982271234992055
CYGB,0.0
CYLC1,0.0
CYLC2,0.0
CYLD,2.8954225185307063
CYLD-AS1,0.0
CYLD-AS2,0.0
CYMP,0.0
CYMP-AS1,0.0
CYP11A1,0.0
CYP11B1,0.0
CYP11B2,0.0
CYP17A1,0.0
CYP17A1-AS1,0.0
CYP19A1,0.0
CYP1A1,0.0
CYP1A2,0.0
CYP1B1,0.0
CYP1B1-AS1,0.0
CYP20A1,2.561098814532968
CYP21A1P,0.0
CYP21A2,0.0
CYP21A2-5,0.0
CYP24A1,0.0
CYP26A1,0.0
CYP26B1,0.0
CYP26C1,0.30102995581997627
CYP27A1,0.0
CYP27B1,0.0
CYP27C1,0.0
CYP2A13,0.0
CYP2A6,0.0
CYP2A7,0.0
CYP2B6,0.0
CYP2B7P,0.0
CYP2C18,0.0
CYP2C19,0.0
CYP2C8,0.0
CYP2C9,0.0
CYP2D6,0.0
CYP2D7,0.0
CYP2E1,0.0
CYP2F1,0.0
CYP2G1P,0.0
CYP2J2,0.0
CYP2R1,0.0
CYP2S1,0.47712121809117747
CYP2T1P,0.30102998708275686
CYP2U1,0.7781512322471003
CYP2U1-AS1,0.0
CYP2W1,0.0
CYP39A1,0.0
CYP3A4,0.0
CYP3A43,0.0
CYP3A5,1.0791811965679305
CYP3A7,0.0
CYP3A7-CYP3A51P,0.0
CYP46A1,1.5185138882746811
CYP4A11,0.0
CYP4A22,0.0
CYP4A22-AS1,0.0
CYP4B1,0.0
CYP4F11,0.0
CYP4F12,0.0
CYP4F2,0.0
CYP4F22,0.0
CYP4F24P,0.0
CYP4F29P,0.0
CYP4F3,0.0
CYP4F30P,0.0
CYP4F35P,0.0
CYP4F62P,0.0
CYP4F8,0.0
CYP4V2,0.0
CYP4X1,0.0
CYP4Z1,0.0
CYP4Z2P,0.0
CYP51A1,0.0
CYP51A1-AS1,0.0
CYP7A1,0.0
CYP7B1,1.6334684629828216
CYP8B1,0.0
CYREN,0.9661571783574411
CYRIA,0.0
CYRIB,0.3010299604005395
CYS1,0.0
CYSLTR1,0.0
CYSLTR2,0.0
CYSRT1,0.0
CYSTM1,0.0
CYTH1,0.0
CYTH2,0.30102991534247314
CYTH3,0.0
CYTH4,0.0
CYTIP,0.0
CYTL1,0.0
CYTOR,0.0
CYYR1,0.0
CYYR1-AS1,0.0
CZ1P-ASNS,0.0
CZIB,0.0
CZIB-DT,0.0
D21S2088E,0.0
D2HGDH,1.342422641188032
DAAM1,0.0
DAAM2,0.0
DAAM2-AS1,0.0
DAB1,2.0641173493344063
DAB1-AS1,0.0
DAB2,0.0
DAB2IP,0.0
DACH1,0.30103005769032726
DACH2,0.0
DACT1,0.0
DACT2,0.0
DACT3,0.0
DACT3-AS1,0.0
DAD1,0.0
DAG1,0.0
DAGLA,0.0
DAGLB,0.0
DALRD3,0.0
DANCR,0.0
DAND5,0.0
DANT1,0.0
DANT2,2.278753561522047
DAO,0.0
DAOA,0.0
DAOA-AS1,0.0
DAP,0.0
DAP-DT,0.0
DAP3,0.0
DAPK1,0.0
DAPK1-IT1,0.0
DAPK2,0.0
DAPK3,0.0
DAPL1,0.0
DAPP1,0.0
DARS1,0.0
DARS1-AS1,0.0
DARS2,0.0
DAW1,0.0
DAXX,0.0
DAZ1,0.0
DAZ2,0.0
DAZ3,0.0
DAZ4,0.0
DAZAP1,0.0
DAZAP2,0.0
DAZL,0.0
DBET,0.0
DBF4,0.30102998199280634
DBF4B,0.0
DBH,0.0
DBH-AS1,0.0
DBI,0.0
DBIL5P,0.0
DBIL5P2,0.0
DBN1,0.0
DBNDD1,0.0
DBNDD2,0.0
DBNL,0.0
DBP,0.3010299578019712
DBR1,0.0
DBT,0.3010297901350612
DBX1,0.0
DBX2,0.0
DBX2-AS1,0.0
DCAF1,0.0
DCAF10,0.9030900122555277
DCAF11,0.0
DCAF12,0.0
DCAF12L1,0.0
DCAF12L2,0.0
DCAF13,0.0
DCAF13P3,0.0
DCAF15,0.0
DCAF16,0.9030900030224405
DCAF17,0.0
DCAF4,0.0
DCAF4L1,0.0
DCAF4L2,0.0
DCAF5,0.0
DCAF6,0.0
DCAF7,0.8450979847425637
DCAF8,0.0
DCAF8-DT,0.0
DCAF8L1,0.0
DCAF8L2,0.0
DCAKD,0.0
DCANP1,0.0
DCBLD1,0.0
DCBLD2,0.30102992085707075
DCC,1.3010299918644082
DCD,0.0
DCDC1,0.0
DCDC2,0.0
DCDC2B,0.0
DCDC2C,0.6020599697637664
DCHS1,0.0
DCHS2,0.0
DCK,0.0
DCLK1,0.0
DCLK2,0.30102992911915305
DCLK3,0.0
DCLRE1A,0.0
DCLRE1B,0.0
DCLRE1C,0.0
DCLRE1CP1,0.0
DCN,0.0
DCP1A,2.773054693476846
DCP1B,0.0
DCP2,0.4771212868184793
DCPS,0.0
DCST1,0.0
DCST1-AS1,0.0
DCST2,0.0
DCSTAMP,0.0
DCT,0.0
DCTD,0.0
DCTN1,0.0
DCTN1-AS1,0.0
DCTN2,1.544067959215525
DCTN3,0.0
DCTN4,0.0
DCTN5,1.929418932170393
DCTN6,0.0
DCTN6-DT,0.0
DCTPP1,0.0
DCUN1D1,0.0
DCUN1D2,0.30103003352304947
DCUN1D3,0.0
DCUN1D4,0.6020601475838773
DCUN1D5,0.0
DCX,0.3010300561540563
DCXR,0.0
DCXR-DT,0.0
DDA1,0.0
DDAH1,0.0
DDAH2,0.0
DDAH2-2,0.0
DDAH2-3,0.0
DDAH2-4,0.0
DDAH2-5,0.0
DDAH2-6,0.0
DDAH2-7,0.0
DDB1,0.0
DDB2,0.0
DDC,0.0
DDC-AS1,0.0
DDHD1,0.4771211547707628
DDHD1-DT,0.0
DDHD2,0.0
DDI1,0.0
DDI2,0.0
DDIAS,0.0
DDIT3,1.4149732583215435
DDIT4,0.0
DDIT4-AS1,0.0
DDIT4L,0.0
DDIT4L-AS1,0.0
DDN,0.0
DDN-AS1,0.0
DDO,0.0
DDOST,0.0
DDR1,1.2041199645471174
DDR1-3,0.0
DDR1-4,0.0
DDR1-5,0.0
DDR1-7,0.0
DDR2,0.0
DDRGK1,0.0
DDT,0.0
DDTL,0.0
DDTL-2,0.0
DDX1,0.0
DDX10,0.0
DDX11,1.4913616759190182
DDX11-AS1,0.0
DDX11L1,0.0
DDX11L10,0.0
DDX11L16,0.0
DDX11L17,0.47712119953884913
DDX11L2,0.0
DDX11L5,0.0
DDX11L9,0.0
DDX12P,0.0
DDX17,1.7781512483280881
DDX18,0.301030000061089
DDX19A,0.8450980107910312
DDX19A-DT,0.0
DDX19B,0.0
DDX20,0.0
DDX21,0.0
DDX23,0.0
DDX24,0.9542425229937181
DDX25,0.0
DDX27,0.0
DDX28,0.0
DDX31,0.0
DDX39A,0.0
DDX39B,0.0
DDX39B-AS1,0.3010301722318021
DDX3ILA1,0.0
DDX3X,2.494154588360066
DDX3Y,0.0
DDX4,0.0
DDX41,0.0
DDX42,0.0
DDX43,0.0
DDX46,0.0
DDX47,0.0
DDX49,0.0
DDX5,3.431846033149927
DDX50,2.01703330183234
DDX51,0.0
DDX51-2,0.0
DDX52,0.0
DDX52-2,0.0
DDX53,0.0
DDX54,0.0
DDX55,0.0
DDX56,0.0
DDX59,0.0
DDX59-AS1,0.0
DDX6,0.0
DDX60,0.0
DDX60L,0.0
DEAF1,0.0
DECR1,0.0
DECR2,0.0
DEDD,0.0
DEDD2,0.0
DEF6,0.0
DEF8,0.6989700128978313
DEFA1,0.0
DEFA1-2,0.0
DEFA10P,0.0
DEFA11P,0.0
DEFA1B,0.0
DEFA3,0.0
DEFA3-2,0.0
DEFA4,0.0
DEFA5,0.0
DEFA6,0.0
DEFA8P,0.0
DEFA9P,0.0
DEFB1,0.0
DEFB103A,0.0
DEFB103B,0.0
DEFB104A,0.0
DEFB104B,0.0
DEFB105A,0.0
DEFB105B,0.0
DEFB106A,0.0
DEFB106B,0.0
DEFB107A,0.0
DEFB107B,0.0
DEFB108B,0.0
DEFB109A,0.0
DEFB109B,1.462397870236758
DEFB110,0.0
DEFB112,0.0
DEFB113,0.0
DEFB114,0.0
DEFB115,0.0
DEFB116,0.0
DEFB118,0.0
DEFB119,0.0
DEFB121,0.0
DEFB122,0.0
DEFB123,0.0
DEFB124,0.0
DEFB125,0.0
DEFB126,0.0
DEFB127,0.0
DEFB128,0.0
DEFB129,0.0
DEFB130A,0.0
DEFB130B,0.0
DEFB131A,0.0
DEFB131B,0.0
DEFB132,0.0
DEFB133,0.0
DEFB134,0.0
DEFB134-2,0.0
DEFB135,0.0
DEFB136,0.0
DEFB4A,0.0
DEFB4B,0.0
DEFT1P,0.0
DEFT1P2,0.0
DEGS1,0.0
DEGS2,0.0
DEK,2.401400502910328
DELE1,0.0
DELEC1,0.0
DENND10,0.0
DENND10P1,0.0
DENND11,0.0
DENND1A,0.0
DENND1B,0.3010300649997693
DENND1C,0.0
DENND2A,0.7781512646085603
DENND2B,1.9344984263397604
DENND2B-AS1,1.9867718763731261
DENND2C,0.3010300010522141
DENND2D,0.0
DENND3,0.0
DENND3-AS1,0.0
DENND4A,0.0
DENND4B,0.0
DENND4C,0.6020600232196806
DENND5A,1.6334684478765122
DENND5B,0.0
DENND5B-AS1,0.0
DENND6A,0.30103005278521927
DENND6A-DT,0.0
DENND6B,0.0
DENR,0.7781512421240486
DEPDC1,0.0
DEPDC1-AS1,0.0
DEPDC1B,0.0
DEPDC4,2.493892497892957
DEPDC5,0.0
DEPDC7,0.0
DEPP1,0.0
DEPTOR,0.0
DERA,0.0
DERL1,0.0
DERL2,0.0
DERL3,0.0
DERL3-2,0.0
DERPC,0.0
DES,0.0
DESI1,0.0
DESI2,0.0
DET1,0.0
DEUP1,0.0
DEXI,0.0
DFFA,0.3010299171581429
DFFB,0.0
DGAT1,0.0
DGAT1-2,0.0
DGAT2,0.0
DGAT2-DT,0.0
DGAT2L6,0.0
DGCR11,0.0
DGCR2,0.0
DGCR5,0.0
DGCR6,0.0
DGCR6L,0.0
DGCR8,0.0
DGKA,1.2304488855867715
DGKB,0.3010298887696559
DGKD,1.6532125105205633
DGKE,0.0
DGKG,0.0
DGKH,0.30103030627606514
DGKI,0.0
DGKK,0.0
DGKQ,0.0
DGKZ,0.0
DGLUCY,0.0
DGUOK,2.292256132397055
DGUOK-AS1,0.0
DHCR24,0.0
DHCR24-DT,0.0
DHCR7,0.0
DHCR7-DT,0.0
DHDDS,0.0
DHDDS-AS1,0.0
DHDH,0.0
DHFR,0.0
DHFR2,0.0
DHFRP3,0.0
DHH,0.0
DHODH,0.0
DHPS,0.0
DHRS1,0.0
DHRS11,0.0
DHRS11-2,0.0
DHRS12,0.0
DHRS13,0.0
DHRS2,0.0
DHRS3,0.0
DHRS4,0.0
DHRS4-2,0.0
DHRS4-AS1,2.100370524889277
DHRS4L1,0.0
DHRS4L2,0.0
DHRS7,2.0413116806256157
DHRS7B,0.0
DHRS7C,0.0
DHRS9,0.0
DHRSX,0.0
DHTKD1,0.30103004843225584
DHX15,1.6127838379462047
DHX16,0.0
DHX16-3,0.0
DHX16-4,0.0
DHX16-5,0.0
DHX16-6,0.0
DHX16-7,0.0
DHX16-8,0.0
DHX29,2.2988530703654293
DHX30,0.0
DHX32,0.0
DHX33,0.0
DHX33-DT,0.0
DHX34,0.0
DHX35,0.0
DHX36,0.0
DHX37,0.0
DHX38,1.9084850114870353
DHX40,0.0
DHX57,0.0
DHX58,0.0
DHX8,0.0
DHX9,2.518513933736836
DHX9-AS1,1.4313637626287121
DIABLO,0.0
DIAPH1,0.8450980361556162
DIAPH1-AS1,0.0
DIAPH2,0.0
DIAPH2-AS1,0.0
DIAPH3,0.0
DIAPH3-AS1,0.0
DIAPH3-AS2,0.0
DICER1,0.0
DICER1-AS1,0.0
DIDO1,0.3010301048886757
DIMT1,0.0
DINOL,0.0
DIO1,0.0
DIO2,0.7781512802729043
DIO2-AS1,0.0
DIO3,0.0
DIO3OS,0.0
DIP2A,1.322219301822153
DIP2A-IT1,0.0
DIP2B,0.0
DIP2C,0.0
DIP2C-AS1,0.0
DIPK1A,0.6020602280174144
DIPK1B,0.0
DIPK1C,0.30103003611248447
DIPK2A,0.0
DIPK2B,0.0
DIRAS1,0.0
DIRAS2,0.30102994284283696
DIRAS3,0.0
DIRC1,0.0
DIRC3,0.0
DIRC3-AS1,0.0
DIS3,0.0
DIS3L,0.0
DIS3L-AS1,0.0
DIS3L2,0.0
DISC1,0.0
DISC1-IT1,0.0
DISC1FP1,0.0
DISC2,0.0
DISP1,0.30102997420640387
DISP2,0.0
DISP3,0.0
DIXDC1,0.6020600128089388
DKC1,0.0
DKFZP434A062,0.0
DKFZp434L192,0.0
DKFZp451B082,0.0
DKFZP586I1420,0.0
DKK1,0.0
DKK2,0.0
DKK3,0.0
DKK4,0.0
DKKL1,0.0
DLAT,0.0
DLC1,0.0
DLD,0.0
DLEC1,0.0
DLEU1,0.0
DLEU1-AS1,0.0
DLEU2,0.30103001278826874
DLEU2L,0.0
DLEU7,0.0
DLEU7-AS1,0.0
DLG1,2.367355883843696
DLG1-AS1,0.0
DLG2,0.0
DLG2-AS2,0.0
DLG3,0.778151271707188
DLG3-AS1,0.0
DLG4,0.0
DLG5,1.380211235726639
DLG5-AS1,0.0
DLGAP1,0.0
DLGAP1-AS1,0.0
DLGAP1-AS2,0.0
DLGAP1-AS3,0.0
DLGAP1-AS4,0.0
DLGAP1-AS5,0.0
DLGAP2,0.0
DLGAP2-AS1,0.0
DLGAP3,0.0
DLGAP4,0.30102995091666124
DLGAP4-AS1,0.0
DLGAP5,0.0
DLK1,0.0
DLK2,0.0
DLL1,0.0
DLL1-2,0.0
DLL3,0.0
DLL4,0.0
DLST,0.0
DLSTP1,0.0
DLX1,0.0
DLX2,0.0
DLX2-DT,0.0
DLX3,0.0
DLX4,0.0
DLX5,0.0
DLX6,0.0
DLX6-AS1,2.187520677567964
DM1-AS,0.0
DMAC1,0.0
DMAC2,0.0
DMAC2L,0.0
DMAP1,0.0
DMBT1,0.0
DMBT1L1,0.0
DMBX1,0.0
DMC1,0.0
DMD,2.551449992669739
DMGDH,0.0
DMKN,0.0
DMP1,0.0
DMPK,0.0
DMRT1,0.0
DMRT2,0.0
DMRT3,0.0
DMRTA1,0.0
DMRTA2,0.0
DMRTB1,0.0
DMRTC1,0.0
DMRTC1B,0.0
DMRTC2,0.0
DMTF1,0.9528640506169299
DMTF1-AS1,0.0
DMTN,0.0
DMWD,0.0
DMXL1,0.0
DMXL1-DT,0.0
DMXL2,3.1401936850427825
DNA2,0.0
DNAAF1,0.0
DNAAF10,0.0
DNAAF11,0.0
DNAAF2,0.0
DNAAF3,0.0
DNAAF3-AS1,0.0
DNAAF4,0.0
DNAAF4-CCPG1,0.0
DNAAF5,0.0
DNAAF6,0.0
DNAAF8,0.0
DNAAF9,0.0
DNAH1,0.0
DNAH10,0.3010300795368973
DNAH10OS,0.0
DNAH11,0.0
DNAH12,0.0
DNAH14,0.0
DNAH17,0.0
DNAH17-AS1,0.0
DNAH2,0.0
DNAH3,0.3010300440453284
DNAH5,0.0
DNAH6,0.0
DNAH7,0.0
DNAH8,0.0
DNAH8-AS1,0.0
DNAH8-DT,0.0
DNAH9,0.0
DNAI1,0.0
DNAI2,0.0
DNAI3,0.0
DNAI4,0.0
DNAI7,0.0
DNAJA1,2.292256034874659
DNAJA1P5,0.0
DNAJA2,0.0
DNAJA2-DT,0.0
DNAJA3,0.0
DNAJA3-2,0.0
DNAJA4,0.0
DNAJA4-DT,0.0
DNAJB1,2.2013970892361425
DNAJB11,0.0
DNAJB12,1.230448901779358
DNAJB13,0.0
DNAJB14,0.0
DNAJB2,0.0
DNAJB3,0.0
DNAJB4,1.4313637405079702
DNAJB5,0.0
DNAJB5-DT,0.0
DNAJB6,0.0
DNAJB6P3,0.0
DNAJB7,0.0
DNAJB8,0.0
DNAJB8-AS1,0.0
DNAJB9,0.0
DNAJC1,0.0
DNAJC10,1.278753626230008
DNAJC11,0.0
DNAJC12,0.0
DNAJC13,0.0
DNAJC14,0.0
DNAJC15,0.0
DNAJC16,0.0
DNAJC17,0.0
DNAJC18,0.0
DNAJC19,0.0
DNAJC2,0.0
DNAJC21,0.0
DNAJC22,0.0
DNAJC24,0.0
DNAJC25,0.0
DNAJC25-GNG10,0.0
DNAJC27,0.0
DNAJC27-AS1,0.0
DNAJC28,0.0
DNAJC3,0.30102999038340755
DNAJC3-DT,0.0
DNAJC30,0.0
DNAJC4,0.0
DNAJC5,2.3636119759730314
DNAJC5B,0.0
DNAJC5G,0.0
DNAJC6,0.0
DNAJC7,0.0
DNAJC8,0.0
DNAJC9,0.0
DNAJC9-AS1,0.0
DNAL1,0.0
DNAL4,0.0
DNALI1,0.0
DNASE1,0.0
DNASE1L1,0.0
DNASE1L2,0.0
DNASE1L3,0.0
DNASE2,0.0
DNASE2B,0.0
DND1,0.0
DNER,2.2922560536370327
DNHD1,0.0
DNLZ,0.0
DNM1,1.2552724926583394
DNM1L,0.3010299134638234
DNM1P35,0.0
DNM1P41,0.0
DNM1P46,0.0
DNM1P50,0.0
DNM2,0.0
DNM3,0.0
DNM3-IT1,0.0
DNM3OS,0.0
DNMBP,0.0
DNMBP-AS1,0.0
DNMT1,0.0
DNMT3A,0.9542424999196288
DNMT3B,0.0
DNMT3L,0.0
DNMT3L-AS1,0.0
DNPEP,0.0
DNPEP-AS1,0.0
DNPH1,0.0
DNTT,0.0
DNTTIP1,0.0
DNTTIP2,0.7781512335658985
DOC2A,0.0
DOC2B,0.0
DOC2B-2,0.0
DOC2GP,0.0
DOCK1,0.0
DOCK10,2.068185865905786
DOCK11,0.0
DOCK2,0.0
DOCK3,0.0
DOCK4,0.0
DOCK4-AS1,0.0
DOCK5,0.0
DOCK6,0.0
DOCK6-AS1,0.4771212233300158
DOCK7,0.0
DOCK7-DT,0.0
DOCK8,0.0
DOCK8-AS1,0.0
DOCK8-AS2,0.0
DOCK9,0.9030900001914735
DOCK9-AS1,0.0
DOCK9-DT,0.0
DOHH,0.30102996476135513
DOK1,0.0
DOK2,0.0
DOK3,0.0
DOK4,0.0
DOK5,1.8450979828903478
DOK6,0.0
DOK7,0.0
DOLK,0.0
DOLPP1,0.3010299940363371
DONSON,0.0
DOP1A,0.0
DOP1B,1.845098037487179
DOT1L,0.0
DPAGT1,0.0
DPCD,0.0
DPEP1,0.0
DPEP2,0.0
DPEP2NB,0.0
DPEP3,0.0
DPF1,0.0
DPF2,0.0
DPF3,0.30103000994930107
DPH1,0.0
DPH2,0.0
DPH3,0.0
DPH5,0.0
DPH5-DT,0.0
DPH6,0.30102994600302035
DPH6-DT,0.0
DPH7,0.0
DPM1,0.0
DPM2,2.495544422704645
DPM3,0.0
DPP10,0.0
DPP10-AS1,0.0
DPP10-AS3,0.0
DPP3,0.0
DPP3-DT,0.0
DPP4,0.0
DPP4-DT,0.0
DPP6,2.0718819982783723
DPP7,0.0
DPP8,0.0
DPP9,0.0
DPP9-AS1,0.0
DPPA2,0.0
DPPA2P3,0.0
DPPA3,0.0
DPPA4,0.0
DPPA5,0.0
DPRX,0.0
DPRXP4,0.0
DPT,0.0
DPY19L1,0.0
DPY19L1P1,0.0
DPY19L1P2,0.0
DPY19L2,2.139879065536017
DPY19L2P1,0.0
DPY19L2P2,0.0
DPY19L2P3,0.0
DPY19L2P4,0.0
DPY19L3,2.4502491058437563
DPY19L3-DT,0.0
DPY19L4,0.3010299217061926
DPY30,0.0
DPYD,0.0
DPYD-AS1,0.0
DPYD-AS2,0.0
DPYS,0.0
DPYSL2,3.132899762153633
DPYSL3,0.0
DPYSL4,0.30102997026323647
DPYSL5,0.0
DQX1,0.0
DR1,0.0
DRAIC,0.0
DRAM1,2.406540159869547
DRAM2,0.0
DRAP1,0.0
DRAXIN,0.0
DRC1,0.0
DRC12,0.0
DRC3,0.0
DRC7,0.0
DRD1,0.0
DRD2,0.0
DRD3,0.0
DRD4,0.0
DRD5,0.0
DRD5P2,0.0
DRG1,0.0
DRG2,0.0
DRGX,0.0
DRICH1,0.0
DROSHA,0.0
DRP2,0.0
DSC1,0.0
DSC2,0.0
DSC3,0.0
DSCAM,0.0
DSCAM-2,2.5276299063257617
DSCAM-AS1,0.0
DSCAM-IT1,0.0
DSCAML1,1.6627578290079288
DSCAS,0.0
DSCC1,0.0
DSCR10,0.0
DSCR4,0.0
DSCR8,0.0
DSCR9,0.0
DSE,0.0
DSEL,3.190611805536604
DSEL-AS1,0.0
DSG1,0.0
DSG1-AS1,0.0
DSG2,0.0
DSG2-AS1,0.0
DSG3,1.0973093294936642
DSG4,0.0
DSN1,0.0
DSP,0.0
DSP-AS1,0.0
DSPP,0.0
DST,3.2265999201628253
DST-AS1,0.0
DSTN,0.602059965436659
DSTNP2,0.0
DSTNP4,0.0
DSTYK,0.3010301008247553
DTD1,0.0
DTD1-AS1,0.0
DTD2,0.0
DTHD1,0.0
DTL,0.0
DTNA,2.5224442201725177
DTNB,0.698969976260325
DTNB-AS1,0.0
DTNBP1,0.0
DTWD1,0.0
DTWD2,1.342422679526848
DTX1,0.0
DTX2,0.0
DTX2P1-UPK3BP1-PMS2P11,0.0
DTX3,0.0
DTX3L,0.0
DTX4,0.0
DTYMK,0.0
DUBR,0.0
DUOX1,0.0
DUOX2,0.0
DUOXA1,0.0
DUOXA2,0.0
DUS1L,0.0
DUS2,0.0
DUS3L,0.0
DUS4L,0.0
DUS4L-BCAP29,0.0
DUSP1,1.2041199380129197
DUSP10,0.0
DUSP11,0.0
DUSP12,0.0
DUSP13A,0.0
DUSP13B,0.0
DUSP14,0.0
DUSP14-2,0.0
DUSP15,0.0
DUSP16,0.0
DUSP16-2,0.0
DUSP18,0.0
DUSP19,0.0
DUSP2,0.0
DUSP21,0.0
DUSP22,0.0
DUSP23,0.0
DUSP26,0.0
DUSP28,0.0
DUSP29,0.0
DUSP3,0.0
DUSP4,0.0
DUSP5,0.0
DUSP5-DT,0.0
DUSP5P1,0.0
DUSP6,1.4313637465716946
DUSP7,0.0
DUSP8,0.39794002194802713
DUSP8-2,0.39794002194802713
DUSP8-3,0.39794002194802713
DUSP8-4,0.39794002194802713
DUSP9,0.0
DUT,0.0
DUT-AS1,0.0
DUX4,0.3010298824815462
DUXA,0.0
DUXAP10,1.4917274312248718
DUXAP8,1.414995463324232
DUXAP9,0.30102994678404155
DUXB,0.0
DVL1,0.0
DVL2,0.0
DVL3,0.4771212937131758
DXO,0.0
DXO-2,0.0
DXO-3,0.0
DXO-4,0.0
DXO-5,0.0
DXO-6,0.0
DYDC1,0.0
DYDC2,0.0
DYM,0.0
DYM-AS1,0.0
DYNAP,0.0
DYNC1H1,0.0
DYNC1I1,0.0
DYNC1I2,0.0
DYNC1LI1,1.4623979589244764
DYNC1LI2,0.0
DYNC1LI2-DT,0.0
DYNC2H1,0.0
DYNC2I1,0.6020599839157216
DYNC2I2,0.0
DYNC2LI1,1.9637877537368744
DYNLL1,1.518514036740224
DYNLL2,0.0
DYNLL2-DT,0.0
DYNLRB1,0.6020603352894315
DYNLRB2,0.0
DYNLRB2-AS1,0.0
DYNLT1,0.0
DYNLT2,0.0
DYNLT2-2,0.0
DYNLT2B,0.0
DYNLT3,0.0
DYNLT4,0.0
DYNLT5,0.0
DYRK1A,0.0
DYRK1B,0.0
DYRK1B-2,0.0
DYRK2,0.0
DYRK3,0.0
DYRK3-AS1,0.0
DYRK4,0.0
DYSF,0.0
DYTN,0.0
DZANK1,0.0
DZIP1,0.0
DZIP1L,0.0
DZIP3,0.0
E2F1,0.0
E2F2,0.0
E2F2-2,0.0
E2F3,2.9360107895532845
E2F3-IT1,0.0
E2F4,0.0
E2F5,0.0
E2F5-DT,0.0
E2F6,0.0
E2F7,0.0
E2F8,0.0
E4F1,0.0
EAF1,3.0207754806382168
EAF2,0.0
EAPP,0.0
EARS2,1.653212510227756
EBAG9,2.2944661924957095
EBF1,0.0
EBF2,0.0
EBF3,0.0
EBF3-AS1,0.0
EBF4,0.0
EBI3,0.0
EBLN1,0.0
EBLN2,0.0
EBLN3P,2.004321366666227
EBNA1BP2,0.0
EBP,0.0
EBPL,0.0
ECD,0.0
ECE1,0.0
ECE1-AS1,0.0
ECE2,0.0
ECEL1,0.0
ECEL1P2,0.0
ECH1,0.0
ECHDC1,0.0
ECHDC2,0.0
ECHDC3,0.0
ECHS1,0.0
ECI1,0.0
ECI1-AS1,0.0
ECI2,0.0
ECI2-DT,0.0
ECM1,0.0
ECM2,0.0
ECM2-2,0.0
ECMXP,0.0
ECPAS,2.086359834163842
ECRG4,0.0
ECSCR,0.0
ECSIT,0.0
ECT2,0.0
ECT2L,0.0
EDA,0.47712140720546026
EDA2R,0.0
EDAR,0.0
EDARADD,0.0
EDC3,0.0
EDC4,0.0
EDDM13,0.0
EDDM3A,0.0
EDDM3B,0.0
EDEM1,0.0
EDEM2,0.0
EDEM3,0.0
EDF1,0.9030902701522405
EDIL3,2.563481080429567
EDIL3-DT,0.0
EDN1,0.0
EDN2,0.0
EDN3,0.0
EDNRA,0.0
EDNRB,1.7853298299214737
EDNRB-AS1,0.0
EDRF1,0.0
EDRF1-AS1,0.0
EDRF1-DT,0.0
EEA1,1.3424226994360988
EED,1.0413926776825384
EEF1A1,1.8750612500365968
EEF1A1-AS1,0.0
EEF1A2,0.0
EEF1AKMT1,0.0
EEF1AKMT2,0.30102991987720995
EEF1AKMT3,0.0
EEF1AKMT4,0.0
EEF1AKMT4-ECE2,0.0
EEF1B2,0.6989701976012043
EEF1D,0.0
EEF1D-2,0.3010300598264435
EEF1DP3,0.0
EEF1E1,0.0
EEF1E1-BLOC1S5,0.0
EEF1G,0.0
EEF2,0.0
EEF2K,0.3010301237809843
EEF2KMT,0.0
EEFSEC,0.0
EEFSEC-2,0.0
EEIG1,0.6020599724742135
EEIG2,0.0
EEPD1,0.0
EFCAB10,0.0
EFCAB10-AS1,0.0
EFCAB11,0.0
EFCAB12,0.0
EFCAB13,0.0
EFCAB13-DT,0.0
EFCAB14,0.0
EFCAB14-AS1,0.0
EFCAB2,0.0
EFCAB3,0.0
EFCAB3P1,0.32319601216515664
EFCAB5,0.6020599806069633
EFCAB6,0.0
EFCAB6-AS1,0.0
EFCAB6-DT,0.0
EFCAB7,0.0
EFCAB8,0.0
EFCAB9,0.0
EFCC1,0.0
EFEMP1,0.0
EFEMP2,0.0
EFHB,0.0
EFHC1,0.0
EFHC2,0.0
EFHD1,0.0
EFHD2,0.0
EFHD2-AS1,0.0
EFL1,0.0
EFL1P1,0.0
EFNA1,0.0
EFNA2,0.0
EFNA3,0.0
EFNA4,0.0
EFNA4-EFNA3,0.0
EFNA5,0.0
EFNB1,0.0
EFNB2,2.8388491050009
EFNB3,0.0
EFR3A,2.012837223304969
EFR3B,0.0
EFS,1.34242264486184
EFTUD2,0.0
EGF,0.0
EGFEM1P,0.0
EGFL6,0.0
EGFL7,0.0
EGFL8,0.0
EGFLAM,0.0
EGFLAM-AS1,0.0
EGFLAM-AS2,0.0
EGFLAM-AS4,0.0
EGFR,0.0
EGFR-AS1,0.0
EGILA,0.0
EGLN1,0.0
EGLN2,0.0
EGLN3,0.0
EGLN3-AS1,0.0
EGOT,0.0
EGR1,2.3424226619990836
EGR2,1.1760912310055494
EGR3,0.0
EGR4,0.0
EHBP1,0.0
EHBP1-AS1,0.0
EHBP1L1,0.0
EHD1,1.6901960719414362
EHD2,0.0
EHD3,0.0
EHD4,0.0
EHD4-AS1,0.0
EHF,0.0
EHHADH,0.0
EHHADH-AS1,0.0
EHMT1,1.380211274496555
EHMT2,0.0
EHMT2-2,0.0
EHMT2-3,0.0
EHMT2-4,0.0
EHMT2-5,0.0
EHMT2-6,0.0
EHMT2-AS1,0.0
EI24,0.0
EID1,2.8350560602289114
EID2,0.0
EID2B,0.0
EID3,0.0
EIF1,1.9138138200446235
EIF1AD,0.0
EIF1AX,0.0
EIF1AX-AS1,0.0
EIF1AY,0.0
EIF1B,2.198656954728706
EIF1B-AS1,0.0
EIF2A,1.6812331831427005
EIF2AK1,0.0
EIF2AK2,0.0
EIF2AK3,0.0
EIF2AK3-DT,0.0
EIF2AK4,0.0
EIF2B1,0.0
EIF2B2,0.0
EIF2B3,0.0
EIF2B4,0.0
EIF2B5,0.3010299537694541
EIF2B5-DT,0.0
EIF2D,0.0
EIF2S1,0.3010300143878599
EIF2S2,2.4771212267266707
EIF2S3,1.6989699898004489
EIF2S3B,0.0
EIF3A,0.0
EIF3B,0.0
EIF3C,0.30356611215689006
EIF3CL,0.0
EIF3D,0.0
EIF3E,2.378395968631393
EIF3F,0.0
EIF3G,0.0
EIF3H,0.0
EIF3I,0.0
EIF3IP1,0.0
EIF3J,1.6334684228754626
EIF3J-DT,0.0
EIF3JP1,0.0
EIF3K,0.0
EIF3L,0.0
EIF3M,0.0
EIF4A1,0.0
EIF4A2,0.0
EIF4A3,0.0
EIF4B,2.979092888507638
EIF4E,0.0
EIF4E1B,0.0
EIF4E2,0.0
EIF4E3,2.4149733494157575
EIF4EBP1,0.0
EIF4EBP2,2.56229286966775
EIF4EBP3,0.0
EIF4ENIF1,0.0
EIF4G1,0.0
EIF4G2,0.30102997680821486
EIF4G3,0.30103001619508085
EIF4H,1.672097829599455
EIF5,0.9030899717573146
EIF5-DT,0.0
EIF5A,0.0
EIF5A-2,0.0
EIF5A2,0.0
EIF5AL1,0.0
EIF5B,0.0
EIF6,0.0
EIPR1,0.0
ELAC1,0.0
ELAC2,0.0
ELANE,0.0
ELANE-2,0.0
ELAPOR1,0.3010298950767106
ELAPOR2,0.0
ELAVL1,0.0
ELAVL2,0.0
ELAVL3,0.6989700069033228
ELAVL4,0.0
ELAVL4-AS1,0.0
ELDR,0.0
ELF1,0.0
ELF2,0.47712137351904005
ELF3,0.0
ELF3-AS1,0.0
ELF4,0.0
ELF5,0.0
ELFN1,0.0
ELFN1-AS1,0.0
ELFN2,1.11394334873725
ELK1,0.0
ELK2AP,0.0
ELK3,0.0
ELK4,2.1038037280403463
ELL,1.0791812815636759
ELL2,0.0
ELL3,0.0
ELMO1,2.1522883203329894
ELMO1-AS1,0.0
ELMO2,0.0
ELMO3,0.0
ELMOD1,0.0
ELMOD2,0.0
ELMOD3,0.0
ELN,0.0
ELN-AS1,0.0
ELOA,1.544068036881856
ELOA-AS1,0.0
ELOA2,0.0
ELOB,0.6020600810855155
ELOC,0.0
ELOF1,0.0
ELOVL1,0.0
ELOVL2,1.2041199806006153
ELOVL2-AS1,0.0
ELOVL3,0.0
ELOVL4,0.0
ELOVL5,3.5620548053501873
ELOVL6,0.0
ELOVL7,0.0
ELP1,0.0
ELP2,0.4771213077114771
ELP3,0.30103000087991655
ELP4,0.0
ELP5,0.0
ELP5-2,0.0
ELP6,0.0
ELSPBP1,0.0
EMB,0.0
EMBP1,0.0
EMC1,2.146128038895941
EMC1-AS1,0.0
EMC10,0.0
EMC2,0.6989699800079634
EMC3,0.0
EMC3-AS1,0.0
EMC4,1.8976269775300623
EMC6,0.0
EMC7,0.0
EMC8,0.0
EMC9,0.0
EMC9-2,0.0
EMCN,0.3010299784214604
EMD,0.0
EME1,0.0
EME2,0.0
EMG1,0.0
EMID1,0.0
EMILIN1,0.0
EMILIN2,0.0
EMILIN3,0.0
EML1,0.0
EML2,0.0
EML2-AS1,0.0
EML3,0.0
EML4,0.0
EML4-AS1,0.0
EML5,0.0
EML6,0.0
EML6-AS1,0.0
EMP1,0.0
EMP2,2.344392270429413
EMP3,0.0
EMSLR,0.0
EMSY,0.0
EMSY-DT,0.0
EMX1,0.0
EMX2,0.0
EMX2OS,0.0
EN1,0.0
EN2,0.0
EN2-DT,0.0
ENAH,0.0
ENAM,0.0
ENC1,2.245512647377201
ENDOD1,0.0
ENDOG,0.0
ENDOU,0.0
ENDOV,0.3010299422487932
ENEMAL,0.0
ENG,0.0
ENGASE,0.0
ENHO,0.0
ENKD1,0.0
ENKUR,0.0
ENO1,0.0
ENO1-AS1,0.0
ENO2,0.30102999985303375
ENO3,0.0
ENO4,0.0
ENOPH1,3.036229503854015
ENOSF1,1.5150311852973637
ENOX1,0.0
ENOX1-AS2,0.0
ENOX2,0.0
ENOX2-AS1,0.0
ENPEP,0.0
ENPP1,0.0
ENPP2,0.0
ENPP3,0.0
ENPP4,0.0
ENPP5,0.0
ENPP6,0.0
ENPP7,0.0
ENPP7P13,0.0
ENSA,0.0
ENTHD1,0.0
ENTPD1,0.0
ENTPD1-AS1,0.0
ENTPD2,0.0
ENTPD3,0.0
ENTPD3-AS1,0.0
ENTPD4,0.6989699952923234
ENTPD4-DT,0.0
ENTPD5,0.0
ENTPD6,0.0
ENTPD7,0.0
ENTPD8,0.0
ENTR1,0.0
ENTREP1,0.0
ENTREP2,0.0
ENTREP2-2,0.0
ENTREP2-3,0.0
ENTREP3,0.0
ENTREP3-2,0.0
ENY2,0.0
EOGT,0.0
EOGT-DT,0.0
EOLA1,0.0
EOLA1-DT,0.0
EOLA2,0.0
EOLA2-DT,0.0
EOMES,0.0
EP300,0.6989700121800285
EP300-AS1,0.0
EP400,0.0
EP400P1,0.0
EPAS1,0.0
EPB41,0.0
EPB41L1,1.8633228620490982
EPB41L1-AS1,0.0
EPB41L2,1.755874842695766
EPB41L3,1.5910645907843386
EPB41L4A,0.0
EPB41L4A-AS1,0.0
EPB41L4A-DT,0.0
EPB41L4B,0.0
EPB41L5,2.727541258656536
EPB42,0.0
EPC1,1.0413926493954386
EPC1-AS1,0.0
EPC2,2.411619691618478
EPCAM,0.0
EPCAM-DT,0.0
EPCART,0.0
EPCIP,0.6020599717350086
EPCIP-AS1,0.0
EPDR1,1.5440680034547825
EPG5,0.0
EPGN,0.0
EPHA1,0.0
EPHA1-AS1,0.0
EPHA10,0.0
EPHA2,0.0
EPHA2-AS1,0.0
EPHA3,0.0
EPHA4,1.3010299985644038
EPHA5,0.0
EPHA5-AS1,0.0
EPHA6,0.0
EPHA7,0.0
EPHA8,0.0
EPHB1,0.0
EPHB2,0.0
EPHB3,0.0
EPHB4,0.0
EPHB6,0.0
EPHB6-2,0.0
EPHX1,0.0
EPHX2,0.0
EPHX3,0.30102996589465514
EPHX4,0.0
EPIC1,0.0
EPIST,0.0
EPM2A,0.0
EPM2A-DT,0.0
EPM2AIP1,2.7458552013840167
EPN1,0.0
EPN2,1.6627578296884136
EPN2-AS1,0.0
EPN2-IT1,0.0
EPN3,0.0
EPO,0.0
EPOP,0.0
EPOR,0.0
EPPIN,0.0
EPPIN-WFDC6,0.0
EPPK1,0.0
EPRS1,0.0
EPS15,0.0
EPS15-AS1,0.0
EPS15L1,0.0
EPS8,0.0
EPS8L1,0.0
EPS8L2,0.0
EPS8L3,0.0
EPSTI1,0.4771211510114712
EPX,0.0
EPYC,0.0
EQTN,0.0
ERAL1,2.7937903358154554
ERAP1,0.0
ERAP2,0.0
ERAS,0.0
ERBB2,0.0
ERBB3,1.6334684561071897
ERBB4,3.11159853546146
ERBIN,2.3713422992916002
ERC1,0.0
ERC2,0.3010301197563199
ERC2-IT1,0.0
ERCC1,2.729164745183072
ERCC2,0.0
ERCC3,0.0
ERCC4,0.0
ERCC5,0.0
ERCC6,0.0
ERCC6L,0.0
ERCC6L2,1.3802112377528182
ERCC6L2-AS1,0.301030004680738
ERCC8,0.520906322777515
ERCC8-AS1,0.0
EREG,0.0
ERF,0.0
ERFE,0.0
ERFL,0.0
ERG,0.0
ERG28,0.0
ERGIC1,0.0
ERGIC2,0.0
ERGIC3,0.0
ERH,0.0
ERI1,0.0
ERI1-2,0.0
ERI2,0.0
ERI3,0.0
ERI3-IT1,0.0
ERICD,0.0
ERICH1,0.0
ERICH1-2,0.0
ERICH2,0.0
ERICH2-DT,0.0
ERICH3,0.0
ERICH3-AS1,0.0
ERICH4,0.0
ERICH5,0.0
ERICH6,0.0
ERICH6-AS1,0.0
ERICH6B,0.0
ERLEC1,2.550228322634942
ERLIN1,0.0
ERLIN2,2.340444046302114
ERLNC1,0.0
ERMAP,0.0
ERMARD,0.0
ERMARD-2,0.0
ERMN,1.0791812423373783
ERMP1,0.0
ERN1,1.9242792907451403
ERN2,0.0
ERO1A,1.6901960793628545
ERO1B,2.0718820051400964
ERP27,0.0
ERP29,0.0
ERP44,0.0
ERRFI1,0.0
ERRFI1-DT,0.0
ERV3-1,0.47712122632279275
ERV3-1-ZNF117,0.0
ERVFC1,0.0
ERVFRD-1,0.0
ERVH48-1,0.0
ERVK13-1,0.0
ERVK3-1,0.0
ERVMER34-1,0.0
ERVV-1,0.0
ERVV-2,0.0
ERVW-1,0.0
ESAM,0.0
ESAM-AS1,0.0
ESCO1,0.0
ESCO2,0.0
ESD,1.2787534996835292
ESF1,0.0
ESM1,0.0
ESPL1,0.0
ESPN,0.0
ESPNL,0.0
ESPNP,0.0
ESR1,1.1461280455688232
ESR2,0.0
ESRG,0.0
ESRP1,0.0
ESRP2,0.0
ESRRA,0.0
ESRRB,0.0
ESRRG,0.3010302081304702
ESS2,0.0
ESX1,0.0
ESYT1,0.0
ESYT2,0.0
ESYT3,0.0
ETAA1,0.0
ETDA,0.0
ETDB,0.0
ETDC,0.0
ETF1,1.2041199615379317
ETFA,3.0293837192495845
ETFB,0.0
ETFBKMT,0.0
ETFDH,2.0681858436785383
ETFRF1,2.4842997523264727
ETHE1,0.0
ETNK1,0.0
ETNK1-DT,0.0
ETNK2,0.0
ETNPPL,0.0
ETS1,0.0
ETS1-AS1,0.0
ETS2,0.0
ETS2-AS1,0.0
ETV1,0.0
ETV2,0.0
ETV3,0.6020599981349659
ETV3L,0.30102994525314775
ETV4,0.0
ETV5,1.2041199740416855
ETV5-AS1,0.0
ETV6,1.7853298312879726
ETV7,0.0
ETV7-AS1,0.0
EVA1A,0.0
EVA1A-AS,0.0
EVA1B,0.0
EVA1C,0.0
EVC,0.0
EVC2,0.0
EVI2A,0.0
EVI2B,0.0
EVI5,0.0
EVI5L,1.397939992465088
EVL,0.8450979802678322
EVPL,0.0
EVPLL,0.0
EVPLL-2,0.0
EVX1,0.0
EVX1-AS,0.0
EVX2,0.0
EWSAT1,0.0
EWSR1,1.8633228191027025
EXD1,0.0
EXD2,0.0
EXD3,0.0
EXO1,0.0
EXO5,0.0
EXO5-DT,0.0
EXOC1,1.3222192839425906
EXOC1L,0.0
EXOC2,0.0
EXOC3,0.0
EXOC3-AS1,0.0
EXOC3L1,0.0
EXOC3L2,0.0
EXOC3L4,0.0
EXOC4,0.0
EXOC5,0.47712119500104155
EXOC6,0.0
EXOC6B,0.0
EXOC7,0.0
EXOC8,0.0
EXOG,0.0
EXOSC1,0.0
EXOSC10,2.037426473979939
EXOSC10-AS1,0.0
EXOSC2,0.0
EXOSC3,0.0
EXOSC4,0.0
EXOSC5,0.0
EXOSC6,0.0
EXOSC7,0.0
EXOSC8,0.0
EXOSC9,0.0
EXPH5,0.6020599112421721
EXT1,0.0
EXT2,0.0
EXTL1,0.0
EXTL2,0.0
EXTL3,0.477121210859334
EXTL3-AS1,0.0
EYA1,0.0
EYA2,0.0
EYA2-AS1,0.0
EYA3,0.0
EYA4,0.0
EYS,0.30102992863366024
EZH1,0.0
EZH2,0.5088883877507536
EZHIP,0.0
EZR,0.0
EZR-AS1,0.0
F10,0.0
F10-AS1,0.0
F11,0.0
F11-AS1,0.0
F11R,0.0
F12,0.0
F13A1,0.0
F13B,0.0
F13B-2,0.0
F2,0.0
F2R,0.0
F2RL1,0.0
F2RL2,0.0
F2RL3,0.0
F3,0.0
F5,0.0
F7,0.0
F8,0.0
F8A1,0.0
F8A2,0.0
F8A3,0.0
F9,0.0
FA2H,0.0
FAAH,0.0
FAAH2,0.4977923847110587
FAAHP1,0.0
FAAP100,0.0
FAAP20,0.0
FAAP24,0.0
FABP1,0.0
FABP12,0.0
FABP2,0.0
FABP3,0.0
FABP4,0.0
FABP5,0.0
FABP5P3,0.0
FABP6,0.0
FABP6-AS1,0.0
FABP7,0.0
FABP9,0.0
FADD,0.0
FADS1,0.0
FADS2,0.903089980780064
FADS3,0.0
FADS6,0.0
FAF1,0.0
FAF1-AS1,0.0
FAF2,0.0
FAH,0.0
FAHD1,0.0
FAHD2A,0.0
FAHD2A-2,0.0
FAHD2B,0.0
FAHD2B-2,0.0
FAHD2CP,0.0
FAIM,0.0
FAIM2,0.0
FALEC,0.0
FAM106A,0.0
FAM106B,0.0
FAM106C,0.0
FAM107A,0.0
FAM107B,2.0293837588473207
FAM110A,0.0
FAM110B,1.5563024839428163
FAM110C,0.0
FAM110D,0.0
FAM111A,0.0
FAM111A-DT,0.0
FAM111B,0.0
FAM114A1,2.44560417560451
FAM114A2,1.9242792766302363
FAM117A,0.0
FAM117B,0.0
FAM118A,0.30102996072090155
FAM118B,0.0
FAM120A,0.0
FAM120A2P,0.47712131624007
FAM120AOS,0.0
FAM120B,0.0
FAM120B-2,0.0
FAM120C,0.0
FAM124A,0.0
FAM124B,0.0
FAM131A,0.30102994671619715
FAM131B,1.2304489181534535
FAM131B-AS1,0.0
FAM131B-AS2,0.0
FAM131C,0.0
FAM133A,0.0
FAM133B,2.5465426311320583
FAM133CP,0.0
FAM133DP,0.0
FAM135A,0.0
FAM135A-AS1,0.0
FAM135B,0.0
FAM136A,0.0
FAM138A,0.0
FAM138B,0.0
FAM138C,0.0
FAM138D,0.0
FAM138E,0.0
FAM138F,0.0
FAM13A,0.0
FAM13A-AS1,0.0
FAM13B,1.857332491450824
FAM13B-AS1,0.0
FAM13C,0.7758600276600403
FAM149A,0.47712125526631755
FAM149B1,2.5786392094360213
FAM151A,0.0
FAM151B,0.0
FAM151B-DT,0.0
FAM153A,1.0707509911551591
FAM153B,0.0
FAM153CP,0.6066549288002051
FAM153DP,0.0
FAM156A,0.0
FAM156B,0.0
FAM157A,0.0
FAM157B,0.43568794803351213
FAM157C,0.5149438261249141
FAM161A,0.0
FAM161B,0.0
FAM162A,0.0
FAM162B,0.0
FAM163A,0.0
FAM163B,0.0
FAM167A,0.0
FAM167A-2,0.0
FAM167A-AS1,0.0
FAM167B,0.0
FAM168A,0.0
FAM168B,0.0
FAM169A,0.30102990920737666
FAM169A-AS1,0.0
FAM169BP,0.0
FAM170A,0.0
FAM170B,0.0
FAM170B-AS1,0.0
FAM171A1,0.0
FAM171A2,0.0
FAM171B,1.113943355750712
FAM174A,0.0
FAM174A-DT,0.0
FAM174B,0.0
FAM174C,0.0
FAM177A1,0.0
FAM177B,0.0
FAM178B,0.0
FAM180A,0.0
FAM180B,0.0
FAM181A,0.0
FAM181A-AS1,0.0
FAM181B,0.0
FAM182A,0.0
FAM182B,0.0
FAM184A,0.0
FAM184B,0.0
FAM185A,0.0
FAM185BP,0.0
FAM186A,0.0
FAM186B,0.0
FAM187A,0.0
FAM187B,0.0
FAM193A,2.130333761193821
FAM193B,0.0
FAM193B-DT,0.0
FAM197Y2,0.0
FAM197Y3,0.0
FAM197Y4,0.0
FAM197Y5,0.0
FAM197Y6,0.0
FAM197Y7,0.0
FAM197Y8,0.0
FAM197Y9,0.0
FAM199X,1.2041199908314097
FAM200A,0.0
FAM200B,0.0
FAM200C,2.5877109427611638
FAM201A,0.0
FAM201B,0.0
FAM204A,0.0
FAM209A,0.0
FAM209B,0.0
FAM20A,0.0
FAM20B,0.0
FAM20C,0.0
FAM20C-2,0.0
FAM210A,0.0
FAM210B,0.0
FAM215A,0.0
FAM216A,0.0
FAM216B,0.0
FAM217A,0.0
FAM217B,0.3010299175911525
FAM218A,0.0
FAM219A,0.0
FAM219B,0.0
FAM21EP,0.0
FAM220A,0.6532124818777465
FAM221A,0.0
FAM221B,0.0
FAM222A,1.1139433379488037
FAM222A-AS1,0.0
FAM222B,1.9395192426603614
FAM223A,0.0
FAM223B,0.0
FAM224A,0.0
FAM224B,0.0
FAM225A,0.0
FAM225B,0.0
FAM226A,0.0
FAM226B,0.0
FAM227A,0.0
FAM227B,0.47712136682073847
FAM228A,0.0
FAM228B,0.0
FAM229A,0.0
FAM229B,0.0
FAM230A,0.0
FAM230B,0.0
FAM230C,0.0
FAM230D,0.0
FAM230E,0.0
FAM230F,0.0
FAM230G,0.0
FAM230H,0.0
FAM230I,0.0
FAM230J,0.0
FAM234A,0.0
FAM234B,0.0
FAM236A,0.0
FAM236B,0.0
FAM236C,0.0
FAM236D,0.0
FAM237A,0.0
FAM237B,0.0
FAM238A,0.0
FAM238B,0.3010301026679875
FAM238C,0.0
FAM239A,0.0
FAM239B,0.0
FAM239C,0.0
FAM240A,0.0
FAM240B,0.0
FAM240C,0.0
FAM241A,0.0
FAM241B,0.0
FAM242A,0.0
FAM242B,0.0
FAM242C,0.0
FAM242D,0.0
FAM242E,0.0
FAM242F,0.0
FAM245A,0.0
FAM245B,0.0
FAM246A,0.0
FAM246B,0.0
FAM246C,0.0
FAM247A,0.0
FAM247B,0.0
FAM247C,0.0
FAM247D,0.0
FAM24A,0.0
FAM24B,0.0
FAM24B-CUZD1,0.0
FAM25A,0.0
FAM25BP,0.0
FAM25C,0.0
FAM25EP,0.0
FAM25G,0.0
FAM27B,0.0
FAM27C,0.0
FAM27E2,0.0
FAM27E3,0.0
FAM27E4,0.0
FAM27E5,0.0
FAM30A,0.0
FAM30B,0.0
FAM30B-2,0.0
FAM30C,0.0
FAM32A,0.0
FAM3A,0.0
FAM3B,0.0
FAM3C,0.0
FAM3D,0.0
FAM3D-AS1,0.0
FAM41AY1,0.0
FAM41AY2,0.0
FAM41C,0.0
FAM43A,0.0
FAM43B,0.0
FAM47A,0.0
FAM47B,0.0
FAM47C,0.0
FAM47E,0.0
FAM47E-STBD1,0.0
FAM50A,0.0
FAM50B,0.7781511990304005
FAM53A,0.0
FAM53B,0.0
FAM53B-AS1,0.0
FAM53C,1.0791812334431212
FAM66A,0.0
FAM66B,1.602059980074225
FAM66C,0.0
FAM66D,0.0
FAM66D-2,0.0
FAM66E,0.0
FAM72A,0.0
FAM72B,0.0
FAM72C,0.0
FAM72D,0.0
FAM74A1,0.0
FAM74A3,0.0
FAM74A4,0.0
FAM74A6,0.0
FAM74A7,0.0
FAM76A,0.0
FAM76B,0.0
FAM78A,0.0
FAM78B,0.0
FAM78B-AS1,0.0
FAM81A,0.0
FAM81B,0.0
FAM83A,0.0
FAM83A-AS1,0.0
FAM83A-AS2,0.0
FAM83B,0.0
FAM83C,0.0
FAM83C-AS1,0.0
FAM83D,0.0
FAM83E,0.371727255830256
FAM83F,0.0
FAM83G,0.30102994233293734
FAM83H,0.0
FAM85A,0.0
FAM85A-2,0.0
FAM85B,0.0
FAM86B1,0.0
FAM86B2,0.0
FAM86B2-2,0.0
FAM86B2-DT,0.0
FAM86B3P,0.0
FAM86C1P,0.0
FAM86C2P,0.0
FAM86DP,0.0
FAM86EP,0.0
FAM86FP,0.0
FAM86HP,0.0
FAM86JP,0.0
FAM87A,0.0
FAM87B,0.0
FAM88B,0.0
FAM88C,0.0
FAM88D,0.0
FAM88E,0.0
FAM88F,0.0
FAM89A,0.0
FAM89B,0.0
FAM8A1,1.792391684545063
FAM90A1,0.0
FAM90A10,0.0
FAM90A11,0.0
FAM90A12,0.0
FAM90A13,0.0
FAM90A14,0.0
FAM90A15,0.0
FAM90A16,0.0
FAM90A17,0.0
FAM90A18,0.0
FAM90A19,0.0
FAM90A20,0.0
FAM90A22,0.0
FAM90A23,0.0
FAM90A24,0.0
FAM90A25P,0.0
FAM90A26,0.0
FAM90A27P,0.0
FAM90A2P,0.0
FAM90A3,0.0
FAM90A5,0.0
FAM90A7,0.0
FAM90A8,0.0
FAM90A9,0.0
FAM91A1,2.133538906607231
FAM95A,0.0
FAM95B1,0.0
FAM95C,0.0
FAM98A,0.0
FAM98B,0.0
FAM98C,0.0
FAM99A,0.0
FAM99B,0.0
FAM9A,0.0
FAM9B,0.0
FAM9C,0.0
FAN1,0.0
FAN1-2,0.0
FAN1-3,0.0
FANCA,0.0
FANCB,0.0
FANCC,0.0
FANCD2,0.0
FANCD2OS,0.0
FANCE,0.0
FANCF,0.0
FANCG,0.0
FANCI,0.0
FANCL,2.394186797416404
FANCM,0.0
FANK1,0.0
FANK1-AS1,0.0
FAP,0.0
FAR1,0.0
FAR2,0.0
FAR2P1,0.0
FAR2P2,0.0
FARP1,1.8450980471216603
FARP1-AS1,0.0
FARP2,0.0
FARS2,0.0
FARS2-AS1,0.0
FARSA,0.0
FARSA-AS1,0.0
FARSB,0.0
FAS,0.0
FAS-AS1,0.0
FASLG,0.0
FASN,0.0
FASTK,0.3010299512392422
FASTKD1,0.0
FASTKD2,0.0
FASTKD3,0.0
FASTKD5,0.0
FAT1,0.0
FAT2,0.0
FAT3,0.3010300050545222
FAT4,0.0
FATE1,0.0
FAU,1.9138143972067574
FAUP4,0.3010297881861767
FAXC,0.0
FAXDC2,0.0
FBF1,0.0
FBH1,0.0
FBL,0.0
FBL-2,0.0
FBLIM1,0.0
FBLL1,1.6627577549133437
FBLN1,0.0
FBLN2,0.3010299162619143
FBLN5,0.0
FBLN7,2.0791812329867247
FBN1,2.198657098022909
FBN1-DT,0.0
FBN2,0.0
FBN3,0.0
FBP1,0.0
FBP2,0.0
FBRS,0.0
FBRSL1,0.0
FBXL12,0.6989699689546357
FBXL13,0.0
FBXL14,0.0
FBXL15,0.0
FBXL16,0.0
FBXL17,0.0
FBXL18,0.0
FBXL19,1.8750612518418617
FBXL19-AS1,0.0
FBXL2,0.0
FBXL20,0.6020600318113395
FBXL21P,0.0
FBXL22,0.0
FBXL3,0.0
FBXL4,1.3617278370449846
FBXL5,0.0
FBXL6,0.0
FBXL7,1.3954928235811057
FBXL8,0.0
FBXL9P,0.0
FBXO10,0.0
FBXO11,2.3344537400700216
FBXO15,0.0
FBXO16,0.0
FBXO17,0.0
FBXO2,0.0
FBXO21,0.0
FBXO22,0.30137316825121996
FBXO24,0.0
FBXO25,0.0
FBXO27,0.0
FBXO28,0.0
FBXO3,0.0
FBXO3-DT,0.0
FBXO30,0.0
FBXO31,0.0
FBXO32,2.3242824575246517
FBXO33,0.0
FBXO34,0.0
FBXO34-AS1,0.0
FBXO36,0.0
FBXO38,0.0
FBXO38-DT,0.0
FBXO39,0.0
FBXO4,0.0
FBXO40,0.0
FBXO41,0.0
FBXO42,0.0
FBXO42-2,0.0
FBXO43,0.3010299843955217
FBXO44,0.0
FBXO45,0.3041604730382132
FBXO46,0.0
FBXO47,0.30102996860826015
FBXO48,0.0
FBXO5,0.0
FBXO6,0.30102996292238804
FBXO7,1.342422628512862
FBXO8,0.0
FBXO9,0.0
FBXW10,0.0
FBXW10B,0.0
FBXW11,0.0
FBXW12,0.0
FBXW2,0.0
FBXW4,0.0
FBXW4P1,0.0
FBXW5,0.0
FBXW7,0.366429594024834
FBXW7-AS1,0.0
FBXW8,0.0
FBXW9,0.0
FCAMR,0.0
FCAR,0.0
FCAR-10,0.0
FCAR-11,0.0
FCAR-12,0.0
FCAR-2,0.0
FCAR-3,0.0
FCAR-4,0.0
FCAR-5,0.0
FCAR-6,0.0
FCAR-7,0.0
FCAR-8,0.0
FCAR-9,0.0
FCER1A,0.0
FCER1G,0.0
FCER2,0.0
FCF1,0.8450980449985014
FCF1P2,0.0
FCGBP,0.0
FCGBP-2,0.0
FCGR1A,0.0
FCGR1BP,0.0
FCGR1CP,0.0
FCGR2A,0.0
FCGR2B,0.3010299925176471
FCGR2C,0.0
FCGR3A,0.0
FCGR3B,0.0
FCGRT,0.0
FCHO1,0.0
FCHO2,0.0
FCHO2-DT,0.30102995138389155
FCHSD1,0.0
FCHSD2,2.815954201902428
FCMR,0.0
FCN1,0.0
FCN2,0.0
FCN3,0.0
FCRL1,0.0
FCRL2,0.0
FCRL3,0.0
FCRL4,0.0
FCRL5,0.0
FCRL6,0.0
FCRLA,0.0
FCRLB,0.0
FCSK,1.2041199692735365
FDCSP,0.0
FDFT1,0.0
FDPS,0.0
FDPSP2,0.0
FDX1,0.9030899533656389
FDX2,0.0
FDX2-ZGLP1,0.0
FDXACB1,2.60530234856679
FDXR,0.0
FECH,0.0
FEM1A,0.0
FEM1B,0.6989700624859806
FEM1C,0.0
FEN1,0.0
FENDRR,0.0
FER,1.3645341706246183
FER1L4,0.0
FER1L5,0.0
FER1L6,0.0
FER1L6-AS1,0.0
FER1L6-AS2,0.0
FERD3L,0.0
FERMT1,1.1760912478004184
FERMT2,0.0
FERMT3,0.0
FERRY3,0.0
FES,0.0
FETUB,0.0
FEV,0.0
FEZ1,2.068185856454406
FEZ2,0.0
FEZF1,0.0
FEZF1-AS1,0.0
FEZF2,0.0
FFAR1,0.0
FFAR2,0.0
FFAR3,0.0
FFAR4,0.0
FGA,0.0
FGB,0.0
FGD1,0.0
FGD2,0.0
FGD3,0.0
FGD4,0.0
FGD5,0.0
FGD5-AS1,1.9999999854228316
FGD5P1,0.0
FGD6,0.0
FGF1,0.0
FGF10,0.0
FGF10-AS1,0.0
FGF11,0.3010299328025491
FGF12,3.403635187256149
FGF12-AS1,0.0
FGF12-AS2,0.0
FGF12-AS3,0.0
FGF13,0.0
FGF13-AS1,0.0
FGF14,2.740362653109679
FGF14-AS1,0.0
FGF14-AS2,0.0
FGF14-IT1,0.0
FGF16,0.0
FGF17,0.0
FGF18,0.0
FGF19,0.0
FGF2,0.9542425087518207
FGF20,0.0
FGF21,0.0
FGF22,0.0
FGF23,0.0
FGF3,0.0
FGF4,0.0
FGF5,0.0
FGF6,0.0
FGF7,0.0
FGF7P3,0.0
FGF7P6,0.0
FGF8,0.0
FGF9,0.0
FGFBP1,0.0
FGFBP2,0.0
FGFBP3,0.0
FGFR1,1.9637878246188722
FGFR1OP2,0.0
FGFR2,0.0
FGFR3,0.0
FGFR4,0.0
FGFRL1,0.0
FGG,0.0
FGGY,0.0
FGGY-DT,0.0
FGL1,0.0
FGL2,0.0
FGR,0.0
FH,0.0
FHAD1,0.0
FHAD1-AS1,0.0
FHDC1,0.0
FHIP1A,0.0
FHIP1A-DT,0.0
FHIP1B,0.0
FHIP2A,1.3222192953931617
FHIP2B,0.0
FHIT,0.3010299944985324
FHL1,0.0
FHL1P1,0.0
FHL2,0.0
FHL3,0.0
FHL5,0.0
FHOD1,0.0
FHOD3,0.0
FIBCD1,0.0
FIBCD1-AS1,0.0
FIBIN,1.1139433237804668
FIBP,0.0
FICD,1.4149733279783399
FIG4,0.0
FIGLA,0.0
FIGN,0.6020600402870221
FIGNL1,1.623249274615644
FIGNL2,0.0
FIGNL2-DT,0.0
FILIP1,0.0
FILIP1L,2.071882004747818
FILNC1,0.0
FIP1L1,0.0
FIRRE,0.0
FIRRM,0.30102995769103064
FIS1,0.0
FITM1,0.0
FITM2,0.0
FIZ1,0.0
FJX1,0.0
FKBP10,0.0
FKBP11,0.0
FKBP14,0.0
FKBP14-AS1,0.0
FKBP15,0.30103012042068383
FKBP1A,2.298853003113703
FKBP1A-SDCBP2,0.0
FKBP1AP1,0.0
FKBP1B,0.0
FKBP1C,0.0
FKBP2,0.0
FKBP3,0.0
FKBP4,1.4313637516534083
FKBP5,0.0
FKBP6,0.0
FKBP6P1,0.0
FKBP6P2,0.0
FKBP7,0.0
FKBP8,0.0
FKBP9,0.0
FKBP9P1,0.0
FKBPL,0.0
FKRP,0.0
FKSG29,0.0
FKTN,0.7781512470052603
FKTN-AS1,0.0
FLACC1,0.0
FLAD1,0.0
FLCN,0.0
FLG,0.0
FLG2,0.3010299513695547
FLI1,0.0
FLICR,0.0
FLII,0.0
FLII-2,0.0
FLJ12825,0.0
FLJ13224,0.0
FLJ16779,0.0
FLJ20021,0.0
FLJ20712,0.0
FLJ30679,0.0
FLJ32255,0.0
FLJ33534,0.0
FLJ36000,0.0
FLJ37201,0.30102999782384715
FLJ38576,0.0
FLJ39095,0.0
FLJ40194,0.0
FLJ40288,0.3010299538388345
FLJ42393,0.0
FLJ42627,0.0
FLJ43315,0.0
FLJ45513,0.0
FLJ46284,0.0
FLJ46875,0.0
FLNA,0.0
FLNB,0.0
FLNB-AS1,0.0
FLNC,0.0
FLNC-AS1,0.0
FLOT1,1.5440679838523528
FLOT1-3,0.0
FLOT1-4,0.0
FLOT1-7,0.0
FLOT1-8,0.0
FLOT2,0.0
FLRT1,0.8450980318409327
FLRT2,0.778151188936634
FLRT2-AS1,0.0
FLRT3,2.1335389025806344
FLT1,0.0
FLT3,0.0
FLT3LG,0.0
FLT4,0.0
FLVCR1,0.0
FLVCR1-DT,0.0
FLVCR2,0.0
FLVCR2-AS1,0.0
FLYWCH1,2.4297522724285816
FLYWCH2,0.0
FMC1,0.0
FMC1-LUC7L2,0.0
FMN1,0.0
FMN2,0.0
FMNL1,0.0
FMNL1-AS1,0.0
FMNL1-DT,0.0
FMNL2,1.2552725064984795
FMNL3,0.0
FMO1,0.0
FMO2,0.0
FMO3,0.0
FMO4,0.0
FMO5,0.0
FMO6P,0.0
FMO9P,0.0
FMOD,0.0
FMR1,3.197004719028989
FMR1-AS1,0.0
FMR1NB,0.0
FN1,0.0
FN1-DT,0.0
FN3K,0.0
FN3KRP,0.0
FNBP1,0.3010299094064723
FNBP1L,0.0
FNBP4,1.1682236829978034
FNBP4-2,0.6303556290433416
FNDC1,0.0
FNDC1-AS1,0.0
FNDC1-IT1,0.0
FNDC10,0.0
FNDC11,0.0
FNDC3A,0.0
FNDC3B,0.0
FNDC4,0.0
FNDC5,0.0
FNDC7,0.0
FNDC8,0.0
FNDC9,0.0
FNIP1,1.5440680130320399
FNIP2,2.0128372238570624
FNTA,0.0
FNTB,0.0
FOCAD,1.1197275872133905
FOCAD-AS1,0.0
FOLH1,0.0
FOLH1B,0.0
FOLR1,0.0
FOLR2,0.0
FOLR3,0.0
FOS,1.7403626499976936
FOSB,0.0
FOSL1,0.30102995870861116
FOSL2,0.0
FOSL2-AS1,0.7781512200867116
FOXA1,0.0
FOXA2,0.0
FOXA3,0.0
FOXB1,0.0
FOXB2,0.0
FOXC1,0.0
FOXC2,0.0
FOXC2-AS1,0.0
FOXCUT,0.0
FOXD1,0.0
FOXD2,0.0
FOXD2-AS1,0.0
FOXD3,0.0
FOXD3-AS1,0.0
FOXD4,0.0
FOXD4L1,0.0
FOXD4L3,0.0
FOXD4L4,0.0
FOXD4L5,0.0
FOXD4L6,0.0
FOXE1,0.0
FOXE3,0.0
FOXF1,0.0
FOXF2,0.0
FOXF2-DT,0.0
FOXG1,0.3010299327836039
FOXG1-AS1,0.0
FOXH1,0.0
FOXI1,0.0
FOXI2,0.0
FOXI3,0.0
FOXJ1,0.0
FOXJ2,0.0
FOXJ3,0.0
FOXK1,1.6500865885956655
FOXK2,0.6020599393019754
FOXL1,0.0
FOXL2,0.0
FOXL2NB,0.0
FOXL3,0.0
FOXL3-OT1,0.0
FOXM1,0.0
FOXN1,0.0
FOXN2,2.0128372207170626
FOXN3,1.6127838670429238
FOXN3-AS1,0.0
FOXN3-AS2,0.0
FOXN4,0.0
FOXO1,0.6989699952923234
FOXO3,2.247973266133743
FOXO3B,0.0
FOXO4,0.0
FOXO6,0.6020600068415766
FOXO6-AS1,0.0
FOXP1,0.0
FOXP1-AS1,0.0
FOXP1-DT,0.0
FOXP2,0.0
FOXP3,0.0
FOXP4,0.0
FOXP4-AS1,0.0
FOXQ1,0.0
FOXR1,0.0
FOXR2,0.0
FOXRED1,0.0
FOXRED2,0.0
FOXS1,0.0
FPASL,0.0
FPGS,0.0
FPGT,0.84509803862208
FPGT-TNNI3K,0.0
FPR1,0.0
FPR2,0.0
FPR3,0.0
FRA10AC1,0.0
FRAS1,0.0
FRAT1,0.47712122684233493
FRAT2,2.198657051212722
FREM1,0.0
FREM2,0.8649912540537199
FREM2-AS1,1.98078418654639
FREM3,0.0
FREY1,0.0
FRG1,0.0
FRG1-2,0.0
FRG1-3,0.0
FRG1-4,0.0
FRG1-DT,0.0
FRG1BP,0.9246923970854531
FRG1CP,0.0
FRG1DP,0.0
FRG1EP,0.0
FRG1FP,0.0
FRG1HP,0.0
FRG1JP,0.9340943863103662
FRG1KP,0.0
FRG2,0.0
FRG2B,0.0
FRG2C,0.0
FRG2DP,0.0
FRG2EP,0.0
FRG2KP,0.0
FRGCA,0.0
FRK,0.0
FRMD1,0.0
FRMD3,0.0
FRMD3-AS1,0.0
FRMD4A,0.0
FRMD4B,2.469822014859996
FRMD5,0.0
FRMD6,0.0
FRMD6-AS1,0.0
FRMD6-AS2,0.0
FRMD7,0.0
FRMD8,0.0
FRMD8P1,0.0
FRMPD1,0.0
FRMPD2,0.3010299673952537
FRMPD2B,0.0
FRMPD3,0.0
FRMPD3-AS1,0.0
FRMPD4,0.0
FRMPD4-AS1,0.0
FRRS1,0.47712131631875254
FRRS1L,0.0
FRS2,0.0
FRS3,0.0
FRY,0.0
FRY-AS1,0.0
FRYL,1.23044891828576
FRZB,0.0
FSBP,0.0
FSCB,0.0
FSCN1,0.0
FSCN2,0.0
FSCN3,0.0
FSD1,0.0
FSD1L,0.0
FSD2,0.0
FSHB,0.0
FSHR,0.0
FSIP1,0.0
FSIP2,0.0
FSIP2-AS1,0.0
FSIP2-AS2,0.0
FST,0.0
FSTL1,0.0
FSTL3,0.0
FSTL4,0.0
FSTL5,0.0
FTCD,0.0
FTCD-AS1,0.0
FTCDNL1,0.0
FTH1,0.3010299280228047
FTH1P3,0.0
FTHL17,0.0
FTHL18P,0.0
FTL,0.0
FTLP10,0.0
FTMT,0.0
FTO,0.699604569670303
FTO-IT1,0.0
FTSJ1,0.0
FTSJ3,0.9030899777410405
FTX,0.0
FUBP1,0.0
FUBP3,2.423245854264795
FUCA1,0.0
FUCA2,0.0
FUNDC1,1.4313636585948042
FUNDC2,0.0
FUNDC2P2,0.0
FUOM,0.0
FURIN,0.0
FUS,1.146127988898863
FUT1,0.0
FUT10,2.098412087886302
FUT11,0.0
FUT2,0.0
FUT3,0.0
FUT4,0.0
FUT5,0.0
FUT6,0.0
FUT6-2,0.0
FUT7,0.0
FUT8,0.3010299638215182
FUT8-AS1,0.0
FUT9,0.0
FUZ,0.0
FXN,0.0
FXR1,0.0
FXR2,0.0
FXYD1,0.0
FXYD2,0.0
FXYD3,0.0
FXYD4,0.0
FXYD5,0.0
FXYD6,1.6627577770779463
FXYD6-AS1,0.0
FXYD6-FXYD2,0.0
FXYD7,0.0
FYB1,0.0
FYB2,0.3010300168993826
FYCO1,0.0
FYN,2.496929654256033
FYTTD1,0.30102997142768534
FZD1,0.0
FZD10,0.0
FZD10-AS1,0.0
FZD2,0.0
FZD3,0.30103016740038874
FZD4,0.0
FZD4-DT,0.0
FZD5,0.0
FZD6,0.0
FZD7,0.0
FZD8,0.0
FZD9,0.0
FZR1,0.0
G0S2,0.0
G2E3,0.0
G2E3-AS1,0.0
G3BP1,2.3443922846147345
G3BP2,2.2878017199704566
G6PC1,0.0
G6PC2,0.0
G6PC2-2,0.0
G6PC3,0.0
G6PD,0.0
GAA,0.0
GAA-2,0.0
GAB1,2.238046113606835
GAB2,0.0
GAB3,0.0
GAB4,0.0
GABARAP,0.0
GABARAPL1,0.0
GABARAPL1-AS1,0.0
GABARAPL2,0.0
GABARAPL3,0.0
GABBR1,0.0
GABBR1-2,0.0
GABBR1-3,0.0
GABBR1-4,0.0
GABBR1-5,0.0
GABBR1-6,0.0
GABBR1-7,0.0
GABBR2,0.0
GABPA,0.0
GABPB1,0.0
GABPB1-AS1,0.0
GABPB1-IT1,0.0
GABPB2,1.2041199696603462
GABRA1,0.0
GABRA2,0.0
GABRA3,0.0
GABRA4,0.0
GABRA5,0.0
GABRA6,0.0
GABRA6-AS1,0.0
GABRB1,0.0
GABRB2,0.0
GABRB3,0.0
GABRD,0.0
GABRE,0.0
GABRG1,0.0
GABRG2,0.0
GABRG3,0.0
GABRG3-AS1,0.0
GABRP,0.0
GABRQ,0.0
GABRQ-2,0.0
GABRR1,0.0
GABRR2,0.0
GABRR3,0.0
GACAT1,0.0
GACAT2,0.0
GACAT3,0.0
GAD1,0.9030899653531033
GAD2,0.0
GADD45A,0.0
GADD45B,0.0
GADD45G,0.0
GADD45GIP1,0.0
GADL1,0.0
GAGE1,0.0
GAGE10,0.0
GAGE12B,0.0
GAGE12C,0.0
GAGE12D,0.0
GAGE12E,0.0
GAGE12F,0.0
GAGE12G,0.0
GAGE12H,0.0
GAGE12J,0.0
GAGE13,0.0
GAGE2A,0.0
GAK,2.2648178117480113
GAL,0.0
GAL3ST1,0.0
GAL3ST2,0.0
GAL3ST3,0.0
GAL3ST4,0.0
GALC,1.8260747862025855
GALE,0.0
GALK1,0.0
GALK2,0.0
GALM,2.24131022545852
GALNS,0.0
GALNT1,0.30102993379162646
GALNT10,0.0
GALNT11,0.0
GALNT12,0.0
GALNT13,1.4471580247664795
GALNT13-AS1,0.0
GALNT14,0.0
GALNT15,0.0
GALNT16,0.0
GALNT16-AS1,0.0
GALNT17,0.0
GALNT18,0.0
GALNT2,0.0
GALNT3,0.0
GALNT4,0.0
GALNT5,0.0
GALNT6,0.0
GALNT7,0.6357048294554508
GALNT7-DT,0.0
GALNT8,0.0
GALNT9,0.0
GALNT9-AS1,0.0
GALNTL5,0.0
GALNTL6,0.0
GALNTL6-AS1,0.0
GALP,0.0
GALR1,0.954242489088232
GALR2,0.0
GALR3,0.0
GALT,0.0
GAMT,1.0413926420596948
GAN,0.0
GANAB,0.0
GANC,0.0
GAP43,0.0
GAPDH,0.0
GAPDH-DT,0.0
GAPDHS,0.0
GAPLINC,0.0
GAPT,0.0
GAPVD1,0.4771213079129333
GAR1,0.0
GAR1-DT,0.0
GAREM1,0.0
GAREM2,0.0
GARIN1A,0.0
GARIN1B,0.0
GARIN2,0.0
GARIN3,0.0
GARIN4,0.0
GARIN5A,0.0
GARIN5B,0.0
GARIN6,0.0
GARNL3,1.869231700857033
GARRE1,1.6020599960598734
GARS1,0.0
GARS1-DT,0.0
GART,1.204119958845352
GAS1,0.0
GAS1RR,0.0
GAS2,0.0
GAS2L1,0.0
GAS2L1P1,0.0
GAS2L1P2,0.0
GAS2L2,0.0
GAS2L3,0.0
GAS5,0.0
GAS5-AS1,0.0
GAS6,0.0
GAS6-AS1,0.0
GAS6-DT,0.4607370500210909
GAS7,0.0
GAS8,0.0
GAS8-AS1,0.0
GASAL1,0.0
GASK1A,0.0
GASK1B,0.0
GASK1B-AS1,0.0
GAST,0.0
GATA1,0.0
GATA2,0.0
GATA2-AS1,0.0
GATA3,0.0
GATA3-AS1,0.0
GATA4,0.0
GATA5,0.0
GATA6,0.0
GATA6-AS1,0.0
GATAD1,0.4771212264958591
GATAD2A,0.6022530049116205
GATAD2B,0.0
GATB,0.0
GATC,0.0
GATD1,0.37764564523399086
GATD1-DT,0.0
GATD3,0.0
GATM,2.394451648220585
GAU1,0.0
GBA1,0.0
GBA1LP,0.0
GBA2,1.8061799475158302
GBA3,0.0
GBA3-2,0.0
GBE1,0.0
GBF1,2.361727835041229
GBGT1,0.0
GBP1,0.0
GBP1P1,0.0
GBP2,0.0
GBP3,0.0
GBP4,0.0
GBP5,0.0
GBP6,0.0
GBP7,0.0
GBX1,0.0
GBX2,0.0
GBX2-AS1,0.0
GC,0.0
GCA,0.0
GCAT,2.17897686957993
GCAWKR,0.3010298820940651
GCC1,0.0
GCC2,0.0
GCC2-AS1,0.0
GCDH,0.0
GCFC2,1.9442889933051704
GCG,0.0
GCGR,0.0
GCGR-2,0.0
GCH1,0.0
GCHFR,0.0
GCK,0.0
GCKR,0.0
GCLC,0.6020599747129073
GCLC-AS1,0.0
GCLM,0.0
GCM1,0.0
GCM2,0.0
GCN1,0.9542424882568229
GCNA,0.0
GCNT1,0.0
GCNT2,0.0
GCNT2-2,0.0
GCNT3,0.0
GCNT4,0.0
GCNT7,0.0
GCOM1,0.0
GCSAM,0.0
GCSAM-2,0.0
GCSAML,0.0
GCSAML-AS1,0.0
GCSH,0.0
GCSH-2,0.0
GCSHP3,0.0
GCSIR,0.0
GDA,0.0
GDAP1,1.6989699896245587
GDAP1L1,0.0
GDAP2,0.0
GDE1,0.0
GDF1,0.0
GDF10,0.0
GDF11,0.0
GDF15,0.0
GDF2,0.0
GDF3,0.0
GDF5,0.0
GDF5-AS1,0.0
GDF6,0.0
GDF7,0.0
GDF9,0.0
GDI1,0.0
GDI2,0.0
GDNF,0.0
GDNF-AS1,0.0
GDPD1,0.4771212585250679
GDPD2,0.0
GDPD3,0.0
GDPD4,0.0
GDPD5,0.0
GDPGP1,0.0
GEM,0.0
GEMIN2,1.505149892470809
GEMIN4,0.0
GEMIN5,0.0
GEMIN6,0.0
GEMIN7,0.0
GEMIN7-AS1,0.0
GEMIN8,0.0
GEMIN8P4,0.0
GEN1,2.164352872595152
GET1,0.0
GET1-SH3BGR,0.0
GET3,0.0
GET4,0.0
GFAP,0.0
GFER,0.0
GFI1,0.0
GFI1B,0.0
GFM1,0.0
GFM2,1.8976270693094839
GFOD1,0.30103006994779846
GFOD1-AS1,0.0
GFOD2,0.6873327741847375
GFOD3P,1.1139433451604208
GFPT1,0.0
GFPT2,0.0
GFRA1,0.0
GFRA2,0.0
GFRA3,0.0
GFRA4,0.0
GFRAL,0.0
GFUS,0.0
GFY,0.0
GGA1,0.0
GGA2,0.0
GGA3,0.0
GGACT,0.0
GGCT,0.0
GGCX,0.0
GGH,0.0
GGN,0.0
GGNBP1,0.0
GGNBP2,1.8512583231518422
GGNBP2-2,1.8512583231518422
GGPS1,0.0
GGT1,0.0
GGT2P,0.0
GGT3P,0.0
GGT5,0.0
GGT6,0.0
GGT7,0.0
GGT8P,0.0
GGTA1,0.0
GGTLC1,0.0
GGTLC2,0.0
GGTLC3,0.0
GH1,0.0
GH2,0.0
GHDC,0.0
GHET1,0.0
GHITM,2.796574301131715
GHR,0.0
GHRH,0.0
GHRHR,0.0
GHRL,0.0
GHRLOS,0.0
GHSR,0.0
GID4,0.0
GID8,0.0
GIGYF1,0.0
GIGYF2,0.0
GIHCG,0.0
GIMAP1,0.0
GIMAP1-GIMAP5,0.0
GIMAP2,0.0
GIMAP4,0.0
GIMAP5,0.0
GIMAP6,0.0
GIMAP7,0.0
GIMAP8,0.0
GIMD1,0.0
GIN1,0.0
GINM1,0.0
GINS1,0.0
GINS2,0.0
GINS3,0.0
GINS4,0.0
GIP,0.0
GIPC1,0.0
GIPC2,0.0
GIPC3,0.0
GIPR,0.0
GIRGL,0.0
GIT1,0.0
GIT2,0.0
GJA1,0.9030899835121655
GJA10,0.0
GJA3,0.0
GJA4,0.0
GJA5,0.0
GJA8,0.30103000631668403
GJA9,0.0
GJA9-MYCBP,0.0
GJB1,0.0
GJB2,0.0
GJB3,0.0
GJB4,0.0
GJB5,0.0
GJB6,0.0
GJB7,0.0
GJC1,0.0
GJC2,0.0
GJC3,0.0
GJD2,0.0
GJD2-DT,0.0
GJD3,0.0
GJD3-AS1,0.0
GJD4,0.0
GJE1,0.0
GK,1.4313637584461796
GK-AS1,0.0
GK2,0.0
GK3,0.0
GK5,0.6989700779177006
GKAP1,0.0
GKN1,0.0
GKN2,0.0
GLA,1.5051501743861173
GLB1,2.44715799257202
GLB1L,0.0
GLB1L2,0.0
GLB1L3,0.0
GLCCI1,1.9867717292358504
GLCCI1-DT,0.0
GLCE,0.0
GLDC,0.0
GLDN,0.0
GLE1,0.0
GLG1,0.3010300873955803
GLI1,0.0
GLI2,0.0
GLI3,0.0
GLI4,0.301029974493825
GLIDR,1.9590413554596204
GLIPR1,0.3010299947242537
GLIPR1-AS1,0.0
GLIPR1L1,2.1731860803742826
GLIPR1L2,0.0
GLIPR2,0.0
GLIS1,0.0
GLIS2,0.0
GLIS2-AS1,0.0
GLIS3,0.0
GLIS3-AS1,0.0
GLIS3-AS2,0.0
GLMN,0.0
GLMP,0.0
GLO1,0.0
GLOD4,0.47712120014498394
GLOD5,0.0
GLP1R,0.0
GLP2R,0.0
GLRA1,0.0
GLRA2,0.0
GLRA3,0.845098088555107
GLRA4,0.0
GLRB,1.7075701514189976
GLRX,0.0
GLRX2,0.0
GLRX3,0.0
GLRX5,0.0
GLS,0.30149886430059303
GLS2,0.0
GLT1D1,0.0
GLT6D1,0.0
GLT8D1,2.7435097042025793
GLT8D2,0.0
GLTP,0.0
GLTPD2,0.0
GLUD1,0.0
GLUD1P2,0.0
GLUD1P3,0.0
GLUD2,0.0
GLUL,1.9294189341169496
GLYAT,0.0
GLYATL1,0.0
GLYATL1B,0.0
GLYATL2,0.0
GLYATL3,0.0
GLYCAM1,0.0
GLYCTK,0.0
GLYCTK-AS1,0.0
GLYR1,0.0
GM2A,0.301029996989233
GMCL1,0.47712122541507085
GMCL2,0.0
GMDS,0.0
GMDS-DT,0.0
GMEB1,0.30103004013535817
GMEB2,2.184691420773869
GMFB,0.0
GMFG,0.0
GMIP,1.041392670647126
GML,0.0
GMNC,0.0
GMNN,0.0
GMPPA,0.0
GMPPB,0.0
GMPR,0.0
GMPR2,0.0
GMPS,0.0
GNA11,0.0
GNA12,0.47712120824654286
GNA13,1.0791812305619537
GNA14,0.0
GNA14-AS1,0.0
GNA15,0.0
GNA15-DT,0.0
GNAI1,0.0
GNAI2,0.47712120746358655
GNAI3,0.0
GNAL,1.1760912657695033
GNAO1,2.123851615568319
GNAO1-AS1,0.0
GNAO1-DT,0.0
GNAQ,0.0
GNAS,1.3802111784147333
GNAS-AS1,0.0
GNAT1,0.0
GNAT2,0.0
GNAT3,0.0
GNAZ,0.0
GNB1,1.886490703313835
GNB1-DT,0.0
GNB1L,0.0
GNB2,1.6627577760419623
GNB3,0.0
GNB4,0.0
GNB5,1.2552725201766008
GNE,0.30102993362000996
GNG10,0.0
GNG11,0.0
GNG12,0.0
GNG12-AS1,0.0
GNG13,0.0
GNG14,0.0
GNG2,2.0644579740674165
GNG3,0.0
GNG4,0.0
GNG5,2.2624511165475147
GNG5B,0.0
GNG7,1.0791812452402207
GNG8,0.0
GNGT1,0.0
GNGT2,0.0
GNL1,0.0
GNL2,0.0
GNL3,1.7853297912506072
GNL3L,0.4771212094098254
GNLY,0.0
GNMT,0.0
GNPAT,0.0
GNPDA1,0.0
GNPDA2,0.0
GNPNAT1,0.0
GNPTAB,2.5763413480889734
GNPTG,0.0
GNRH1,0.0
GNRH2,0.0
GNRHR,0.0
GNRHR2,0.0
GNS,0.0
GOLGA1,0.0
GOLGA2,0.0
GOLGA2P10,0.0
GOLGA2P11,0.0
GOLGA2P2Y,0.0
GOLGA2P3Y,0.0
GOLGA2P5,0.0
GOLGA2P6,0.0
GOLGA2P7,0.0
GOLGA2P9,0.0
GOLGA3,0.3010299728584766
GOLGA4,0.0
GOLGA4-AS1,0.0
GOLGA5,0.0
GOLGA6A,0.0
GOLGA6B,0.0
GOLGA6C,0.0
GOLGA6D,0.0
GOLGA6EP,0.0
GOLGA6FP,0.0
GOLGA6L1,0.0
GOLGA6L10,0.0
GOLGA6L10-2,0.0
GOLGA6L17P,0.0
GOLGA6L2,0.0
GOLGA6L22,0.0
GOLGA6L22-2,0.0
GOLGA6L24,0.0
GOLGA6L25,0.0
GOLGA6L26,0.0
GOLGA6L26-2,0.0
GOLGA6L3P,0.0
GOLGA6L4,0.0
GOLGA6L4-2,0.0
GOLGA6L5P,0.0
GOLGA6L6,0.0
GOLGA6L7,0.0
GOLGA6L7-2,0.0
GOLGA6L9,0.0
GOLGA7,1.8976270469624517
GOLGA7B,0.0
GOLGA7B-DT,0.0
GOLGA8A,2.045322977135196
GOLGA8A-2,0.0
GOLGA8B,1.880813588687269
GOLGA8CP,0.0
GOLGA8DP,0.0
GOLGA8EP,0.0
GOLGA8F,0.0
GOLGA8F-2,0.22184863642833558
GOLGA8F-3,0.22184863642833558
GOLGA8F-4,0.22184863642833558
GOLGA8G,0.0
GOLGA8G-2,0.0
GOLGA8G-3,0.0
GOLGA8G-4,0.0
GOLGA8H,0.0
GOLGA8IP,0.0
GOLGA8J,0.0
GOLGA8J-2,0.0
GOLGA8J-4,0.0
GOLGA8K,0.0
GOLGA8M,0.0
GOLGA8M-2,0.0
GOLGA8M-3,0.0
GOLGA8N,0.0
GOLGA8O,1.2304488595871137
GOLGA8O-2,0.0
GOLGA8Q,0.0
GOLGA8R,0.0
GOLGA8S,0.0
GOLGA8T,0.0
GOLGA8T-2,0.0
GOLGA8T-3,0.0
GOLGB1,1.0000000287764053
GOLIM4,2.1613679883378745
GOLM1,0.0
GOLM2,0.0
GOLPH3,0.0
GOLPH3L,2.2068258574995974
GOLT1A,0.0
GOLT1B,0.0
GON4L,0.0
GON7,0.0
GOPC,0.0
GORAB,0.0
GORAB-AS1,0.0
GORASP1,0.0
GORASP2,2.462397965816425
GOSR1,0.0
GOSR2,0.0
GOSR2-DT,0.0
GOT1,0.0
GOT1-DT,0.30102995241145675
GOT1L1,0.0
GOT2,0.0
GP1BA,0.0
GP1BB,0.30103014282827006
GP2,0.0
GP5,0.0
GP6,0.0
GP6-AS1,0.0
GP6-AS1-10,0.0
GP6-AS1-2,0.0
GP6-AS1-3,0.0
GP6-AS1-4,0.0
GP6-AS1-5,0.0
GP6-AS1-6,0.0
GP6-AS1-7,0.0
GP6-AS1-8,0.0
GP6-AS1-9,0.0
GP9,0.0
GPA33,0.0
GPAA1,0.0
GPALPP1,0.3010300224493097
GPAM,0.0
GPANK1,0.0
GPANK1-2,0.0
GPANK1-3,0.0
GPANK1-4,0.0
GPANK1-5,0.0
GPANK1-6,0.0
GPANK1-7,0.0
GPAT2,0.0
GPAT3,0.0
GPAT4,0.0
GPAT4-AS1,0.0
GPATCH1,0.0
GPATCH11,0.0
GPATCH2,0.30102996350593525
GPATCH2L,0.3010298242666057
GPATCH3,0.0
GPATCH4,0.0
GPATCH4-2,0.0
GPATCH8,0.0
GPBAR1,0.0
GPBP1,3.2372923313914845
GPBP1L1,1.6989699882836058
GPC1,0.0
GPC1-AS1,0.0
GPC2,0.0
GPC3,0.0
GPC3-AS1,0.0
GPC4,0.0
GPC5,0.0
GPC5-AS1,0.0
GPC5-AS2,0.0
GPC5-IT1,0.0
GPC6,0.0
GPC6-AS1,0.0
GPC6-AS2,0.0
GPCPD1,0.0
GPD1,0.0
GPD1L,0.0
GPD2,0.0
GPER1,0.0
GPHA2,0.0
GPHB5,0.0
GPHN,0.0
GPI,1.176091253240646
GPI-2,0.0
GPIHBP1,0.0
GPKOW,0.0
GPKOW-2,0.0
GPLD1,0.0
GPM6A,3.271144288690307
GPM6A-DT,0.0
GPM6B,3.4881725264940875
GPN1,0.0
GPN2,0.0
GPN3,0.0
GPNMB,3.0449315197210436
GPR101,0.0
GPR107,0.0
GPR108,0.0
GPR119,0.0
GPR12,0.0
GPR132,0.0
GPR135,0.0
GPR137,0.0
GPR137B,0.9999999618332981
GPR137C,3.282307005044944
GPR139,0.0
GPR141,0.0
GPR142,0.0
GPR143,0.0
GPR146,0.0
GPR148,0.0
GPR149,0.0
GPR15,0.0
GPR150,0.0
GPR151,0.0
GPR152,0.0
GPR153,0.0
GPR155,2.3617278404168864
GPR155-DT,0.0
GPR156,0.0
GPR157,0.0
GPR158,0.0
GPR158-AS1,0.0
GPR15LG,0.0
GPR160,0.0
GPR161,0.0
GPR162,0.0
GPR17,2.4623979556773867
GPR171,0.0
GPR173,0.0
GPR174,0.0
GPR176,0.0
GPR176-DT,0.0
GPR179,0.0
GPR18,0.0
GPR180,1.3010300109847914
GPR182,0.0
GPR183,0.0
GPR19,0.0
GPR199P,0.0
GPR20,0.0
GPR21,0.0
GPR22,0.0
GPR22-2,0.0
GPR25,0.0
GPR26,0.0
GPR27,0.0
GPR3,1.0791812090450674
GPR31,0.0
GPR32,0.0
GPR33,0.0
GPR34,0.0
GPR35,0.0
GPR37,0.0
GPR37L1,1.2304489230052178
GPR39,0.0
GPR4,0.0
GPR42,0.0
GPR45,0.0
GPR50,0.0
GPR50-AS1,0.0
GPR52,0.0
GPR55,0.0
GPR6,0.0
GPR61,0.0
GPR62,0.0
GPR63,0.0
GPR65,0.0
GPR68,0.0
GPR75,0.0
GPR75-ASB3,0.0
GPR78,0.0
GPR82,0.0
GPR83,0.0
GPR84,0.0
GPR84-AS1,0.0
GPR85,0.0
GPR87,0.0
GPR88,0.0
GPR89A,0.0
GPR89B,0.0
GPRACR,0.0
GPRASP1,1.955109342679462
GPRASP2,3.153455130187209
GPRASP3,0.0
GPRC5A,0.0
GPRC5B,2.700703701444426
GPRC5C,0.0
GPRC5C-2,0.0
GPRC5D,0.0
GPRC5D-AS1,1.2304490151185383
GPRC6A,0.0
GPRIN1,0.0
GPRIN2,0.0
GPRIN3,0.30103015071690514
GPS1,0.0
GPS2,0.0
GPSM1,0.0
GPSM2,0.0
GPSM3,0.0
GPT,0.0
GPT2,2.176091249095163
GPX1,0.0
GPX2,0.0
GPX3,0.0
GPX4,0.698969893651006
GPX5,0.0
GPX6,0.0
GPX7,0.0
GPX8,0.0
GRAMD1A,0.0
GRAMD1B,0.7781512661829197
GRAMD1C,0.0
GRAMD2A,0.0
GRAMD2B,2.8744817994474414
GRAMD4,0.0
GRAP,0.0
GRAP2,0.30102994392314175
GRAPL,0.0
GRAPL-AS1,0.0
GRASLND,0.0
GRB10,2.127104791708473
GRB14,0.0
GRB2,1.4771212348194955
GRB7,0.0
GREB1,0.0
GREB1L,0.0
GREB1L-DT,0.0
GREM1,0.0
GREM1-AS1,0.0
GREM2,0.0
GREP1,0.0
GRHL1,0.0
GRHL2,1.6696673345212987
GRHL2-DT,0.0
GRHL3,0.0
GRHL3-AS1,0.0
GRHPR,0.0
GRIA1,0.0
GRIA2,2.911690157229062
GRIA3,2.7664128436330433
GRIA4,0.0
GRID1,1.2787536051200787
GRID1-AS1,0.0
GRID2,0.30102992439931653
GRID2IP,0.0
GRIFIN,0.0
GRIK1,0.0
GRIK1-AS1,0.0
GRIK1-AS2,0.0
GRIK2,2.6190933253705255
GRIK3,0.0
GRIK4,0.0
GRIK5,0.0
GRIN1,0.0
GRIN2A,0.0
GRIN2B,0.845098207057631
GRIN2C,0.0
GRIN2D,0.0
GRIN3A,0.0
GRIN3B,0.0
GRINA,0.0
GRIP1,0.0
GRIP2,0.0
GRIPAP1,0.0
GRK1,0.0
GRK2,0.0
GRK3,1.6018566375029888
GRK3-AS1,0.0
GRK4,0.0
GRK5,0.0
GRK5-IT1,0.0
GRK6,0.0
GRK6P1,0.0
GRK7,0.0
GRM1,0.0
GRM2,0.0
GRM3,0.0
GRM3-AS1,0.0
GRM4,0.0
GRM5,0.6932049328113508
GRM5-AS1,1.3437223160111138
GRM5P1,0.0
GRM6,0.0
GRM7,1.643452664514465
GRM7-AS1,0.0
GRM7-AS2,0.0
GRM7-AS3,0.0
GRM8,0.0
GRM8-AS1,0.0
GRN,0.0
GRP,0.0
GRPEL1,0.0
GRPEL2,0.0
GRPEL2-AS1,0.0
GRPR,0.0
GRSF1,2.1072099729267
GRTP1,0.0
GRTP1-AS1,0.0
GRWD1,0.0
GRXCR1,0.0
GRXCR2,0.0
GS1-204I12.4,0.0
GS1-24F4.2,0.0
GS1-278J22.2,0.0
GS1-279B7.1,0.0
GS1-600G8.3,0.0
GSAP,0.0
GSC,0.0
GSC-DT,0.0
GSC2,0.0
GSCAR,0.0
GSDMA,0.0
GSDMB,0.0
GSDMC,0.0
GSDMC-2,0.0
GSDMD,0.0
GSDME,1.204119943991687
GSE1,0.0
GSEC,0.0
GSG1,0.0
GSG1L,0.0
GSG1L2,0.0
GSK3A,0.0
GSK3B,0.47712125698373364
GSK3B-DT,0.8450980138561106
GSKIP,2.9003670936531547
GSN,0.47712122420092673
GSN-AS1,0.0
GSPT1,0.0
GSPT2,0.0
GSR,0.0
GSS,0.0
GSTA1,0.0
GSTA2,0.0
GSTA3,0.0
GSTA4,0.0
GSTA5,0.0
GSTA7P,0.0
GSTCD,0.0
GSTCD-AS1,0.0
GSTK1,0.0
GSTM1,0.0
GSTM2,0.0
GSTM2P1,0.0
GSTM3,0.903089995442857
GSTM4,0.0
GSTM5,0.0
GSTO1,0.0
GSTO2,0.0
GSTP1,1.755874658721593
GSTT1,0.0
GSTT1-AS1,0.0
GSTT2,0.0
GSTT2-2,0.0
GSTT2B,0.0
GSTT4,0.0
GSTT4-2,0.0
GSTTP2,0.0
GSTZ1,0.0
GSX1,0.0
GSX2,0.0
GTDC1,0.8974757004204714
GTF2A1,2.9211660519401095
GTF2A1-AS1,0.0
GTF2A1L,0.0
GTF2A2,0.0
GTF2B,0.0
GTF2E1,0.8450980339417559
GTF2E2,0.0
GTF2F1,0.0
GTF2F2,0.0
GTF2H1,0.0
GTF2H1-2,0.0
GTF2H2,0.0
GTF2H2-2,0.0
GTF2H2B,0.0
GTF2H2C,0.0
GTF2H2C_2,0.0
GTF2H2C-2,0.0
GTF2H2C-3,0.0
GTF2H3,1.6989699822866633
GTF2H4,0.0
GTF2H5,0.0
GTF2I,0.0
GTF2I-AS1,0.0
GTF2IP1,0.0
GTF2IP12,0.0
GTF2IP13,0.0
GTF2IP20,0.0
GTF2IP23,0.0
GTF2IP4,1.9637878145760774
GTF2IP7,0.0
GTF2IP8,0.0
GTF2IRD1,0.0
GTF2IRD1P1,0.0
GTF2IRD2,0.30103000802721575
GTF2IRD2B,0.0
GTF3A,0.0
GTF3C1,0.0
GTF3C2,0.0
GTF3C2-AS1,0.0
GTF3C2-AS2,0.0
GTF3C3,0.0
GTF3C4,0.0
GTF3C5,0.0
GTF3C6,2.079181103664706
GTPBP1,0.408870468341642
GTPBP10,1.7666790169176632
GTPBP2,0.0
GTPBP3,0.0
GTPBP4,0.0
GTPBP6,0.0
GTPBP6-2,0.0
GTPBP8,0.0
GTSCR1,1.1461277328780217
GTSE1,0.0
GTSE1-DT,0.0
GTSF1,0.0
GTSF1L,0.0
GUCA1A,0.0
GUCA1ANB-GUCA1A,0.0
GUCA1B,0.0
GUCA1C,0.0
GUCA2A,0.0
GUCA2B,0.0
GUCD1,0.0
GUCY1A1,0.0
GUCY1A2,0.0
GUCY1B1,0.8450980116587565
GUCY1B2,0.0
GUCY2C,0.0
GUCY2C-AS1,0.0
GUCY2D,0.0
GUCY2EP,0.0
GUCY2F,0.0
GUCY2GP,0.0
GUF1,0.30102994678404155
GUK1,0.0
GULP1,0.7708082969179766
GUSB,2.658011349079436
GUSBP1,2.2430380405485786
GUSBP10,0.0
GUSBP11,0.0
GUSBP14,0.0
GUSBP14-2,0.0
GUSBP15,0.0
GUSBP16,0.0
GUSBP17,0.0
GUSBP19,0.0
GUSBP2,0.0
GUSBP3,0.3010299723164041
GUSBP4,2.8095597113273154
GUSBP5,0.0
GVINP1,0.0
GVQW3,0.6020600555040474
GXYLT1,0.0
GXYLT1P3,0.0
GXYLT2,0.0
GYG1,0.0
GYG2,0.0
GYG2P1,0.0
GYPA,0.0
GYPB,0.0
GYPC,0.0
GYPE,1.0413926389316688
GYS1,0.0
GYS2,0.0
GZF1,0.7781512552640416
GZMA,0.0
GZMB,0.0
GZMH,0.0
GZMK,0.0
GZMM,0.0
H1-0,0.0
H1-1,0.0
H1-10,0.0
H1-10-AS1,0.0
H1-2,0.0
H1-3,0.0
H1-4,0.0
H1-5,0.0
H1-6,0.0
H1-7,0.0
H1-8,0.0
H1-9P,0.0
H19,0.0
H2AB1,0.0
H2AB2,0.0
H2AB3,0.0
H2AC1,0.0
H2AC11,0.0
H2AC12,0.0
H2AC13,0.0
H2AC14,0.0
H2AC15,0.0
H2AC16,0.0
H2AC17,0.0
H2AC18,0.0
H2AC19,0.0
H2AC20,0.0
H2AC21,0.0
H2AC25,0.0
H2AC2P,0.0
H2AC4,0.0
H2AC6,0.0
H2AC7,0.0
H2AC8,0.0
H2AJ,0.0
H2AL3,0.0
H2AP,0.0
H2AX,0.7781511994179244
H2AZ1,0.0
H2AZ1-DT,0.0
H2AZ2,0.30102992702160897
H2AZ2-DT,0.0
H2BC1,0.0
H2BC10,0.0
H2BC11,0.0
H2BC12,0.0
H2BC12L,0.0
H2BC13,0.0
H2BC14,0.0
H2BC15,0.0
H2BC17,0.0
H2BC18,0.0
H2BC20P,0.0
H2BC21,0.0
H2BC26,0.0
H2BC3,0.0
H2BC4,0.0
H2BC5,0.0
H2BC6,0.0
H2BC6-AS1,0.0
H2BC7,0.0
H2BC8,0.0
H2BC9,0.0
H2BK1,0.0
H2BN1,0.0
H2BP1,0.0
H2BP2,0.0
H2BW1,0.0
H2BW2,0.0
H2BW3P,0.0
H2BW4P,0.0
H3-3A,0.0
H3-3A-DT,0.0
H3-3B,3.3912574061715293
H3-4,0.0
H3-5,0.5015467864271534
H3-7,0.0
H3C1,0.0
H3C10,0.0
H3C11,0.0
H3C12,0.0
H3C13,0.0
H3C14,0.0
H3C15,0.0
H3C2,0.0
H3C3,0.0
H3C4,0.0
H3C6,0.0
H3C7,0.0
H3C8,0.0
H3P14,0.0
H3P4,0.0
H3P6,0.0
H3Y1,0.30102994978169717
H3Y2,0.0
H4C1,0.0
H4C11,0.0
H4C12,0.0
H4C13,0.0
H4C14,0.0
H4C15,0.0
H4C16,0.0
H4C2,0.0
H4C3,0.0
H4C4,0.0
H4C5,0.0
H4C6,0.0
H4C7,0.0
H4C8,0.0
H4C9,0.0
H6PD,1.8388490996524989
HAAO,0.0
HABP2,0.0
HABP4,0.0
HACD1,0.0
HACD2,0.0
HACD3,0.0
HACD4,0.0
HACE1,0.47712121118640993
HACL1,0.0
HADH,0.0
HADHA,0.0
HADHB,0.0
HAFML,0.0
HAGH,0.0
HAGHL,0.0
HAGLR,0.0
HAGLROS,0.0
HAL,0.0
HAMP,0.0
HAND1,0.0
HAND2,0.0
HAND2-AS1,0.0
HAO1,0.0
HAO2,0.0
HAO2-IT1,0.0
HAP1,0.0
HAPLN1,0.0
HAPLN2,0.0
HAPLN2-2,0.0
HAPLN3,0.0
HAPLN4,0.0
HAPSTR1,2.910624405081985
HAPSTR2,0.0
HAR1A,0.0
HAR1B,0.0
HARBI1,1.903089944078176
HARS1,0.30102994676603506
HARS2,0.0
HAS1,0.0
HAS2,0.0
HAS2-AS1,0.0
HAS3,0.0
HASPIN,0.0
HAT1,0.0
HAT1-2,0.0
HAUS1,0.0
HAUS2,0.0
HAUS3,0.0
HAUS4,0.0
HAUS5,0.0
HAUS5-DT,0.0
HAUS6,0.0
HAUS7,0.0
HAUS8,0.0
HAVCR1,0.0
HAVCR1P1,0.0
HAVCR2,0.0
HAX1,2.7084207978672596
HBA1,0.0
HBA2,0.0
HBB,0.0
HBBP1,0.0
HBD,0.0
HBE1,0.0
HBEGF,2.65417650925586
HBG1,0.0
HBG2,0.0
HBM,0.0
HBP1,1.322219269339438
HBP1-2,0.0
HBQ1,0.0
HBS1L,0.0
HBZ,0.0
HCAR1,0.0
HCAR2,0.0
HCAR3,0.0
HCCAT5,0.0
HCCS,0.0
HCCS-DT,0.8835711637668237
HCFC1,0.0
HCFC1-AS1,0.0
HCFC1R1,0.0
HCFC2,0.0
HCG11,0.0
HCG14,1.4313633074202143
HCG15,0.0
HCG17,0.0
HCG17-2,0.0
HCG18,0.0
HCG20,0.0
HCG21,0.0
HCG22,0.0
HCG23,0.0
HCG24,0.0
HCG25,0.0
HCG26,0.0
HCG27,0.0
HCG4,0.0
HCG4B,0.0
HCG9,0.0
HCK,0.0
HCLS1,0.0
HCN1,0.0
HCN2,0.0
HCN3,0.18908757045665647
HCN3-2,0.18908757045665647
HCN4,0.0
HCP5,0.0
HCP5B,0.0
HCRT,0.0
HCRTR1,0.301030062629056
HCRTR2,0.0
HCST,0.0
HDAC1,0.0
HDAC10,0.0
HDAC11,0.0
HDAC11-AS1,0.0
HDAC2,2.0293837854286396
HDAC2-AS2,0.0
HDAC3,0.0
HDAC4,0.0
HDAC4-AS1,0.0
HDAC5,0.9030899931801405
HDAC6,2.9740508938582835
HDAC7,0.0
HDAC8,0.0
HDAC9,2.4297522703658023
HDAC9-AS1,0.0
HDC,0.0
HDDC2,0.0
HDDC3,0.3010299481069646
HDGF,0.30102995596266274
HDGFL1,0.0
HDGFL2,0.0
HDGFL3,0.3010300593271243
HDHD2,2.195899615283737
HDHD3,0.0
HDHD5,0.0
HDHD5-AS1,0.0
HDLBP,2.5185139412945574
HDLBP-AS1,0.0
HDX,0.0
HEAT2,0.0
HEATR1,0.0
HEATR3,1.755874853657317
HEATR3-AS1,0.0
HEATR4,0.0
HEATR5A,0.0
HEATR5A-DT,0.0
HEATR5B,0.0
HEATR6,0.0
HEATR6-DT,0.0
HEATR9,0.0
HEATR9-2,0.0
HEBP1,0.0
HEBP2,0.0
HECA,0.0
HECTD1,0.0
HECTD2,0.3010299654331425
HECTD2-AS1,0.0
HECTD3,0.0
HECTD4,0.0
HECW1,3.122215884772206
HECW1-IT1,0.0
HECW2,0.6047627058703136
HECW2-AS1,0.0
HEG1,0.0
HEIH,0.0
HELB,0.0
HELLS,0.0
HELQ,1.0791812248921522
HELT,0.0
HELZ,0.7781511970997796
HELZ-AS1,0.0
HELZ2,0.0
HEMGN,0.0
HEMK1,0.0
HENMT1,0.0
HEPACAM,0.0
HEPACAM2,0.0
HEPFAL,0.30102999705332184
HEPH,0.0
HEPHL1,0.0
HEPN1,0.0
HERC1,1.322219298521052
HERC2,0.0
HERC2-2,0.0
HERC2P10,0.0
HERC2P11,0.0
HERC2P2,0.0
HERC2P3,0.0
HERC2P4,0.0
HERC2P7,0.0
HERC2P9,0.0
HERC3,0.0
HERC4,0.3010299494327891
HERC5,0.0
HERC6,0.0
HERPUD1,2.1731862451193376
HERPUD2,0.0
HERPUD2-AS1,0.0
HES1,0.0
HES2,0.0
HES3,0.0
HES4,0.0
HES5,1.3617277595950732
HES5-2,0.0
HES6,0.0
HES7,0.0
HESX1,0.0
HEXA,1.4471580251167535
HEXA-AS1,0.0
HEXB,0.0
HEXD,0.0
HEXD-IT1,0.0
HEXIM1,2.4505195765264096
HEXIM2,0.0
HEXIM2-AS1,2.3688895904058964
HEY1,1.995635153103015
HEY2,0.0
HEY2-AS1,0.0
HEYL,0.0
HFE,0.0
HFE-AS1,0.0
HFM1,0.0
HGC6.3,0.0
HGD,0.0
HGF,0.0
HGFAC,0.0
HGH1,0.0
HGS,0.0
HGSNAT,0.30103004641339476
HHAT,0.0
HHAT-2,0.0
HHATL,0.0
HHATL-AS1,0.0
HHEX,0.3010299453171519
HHIP,1.7781512579118712
HHIP-AS1,0.0
HHIPL1,0.0
HHIPL2,0.0
HHLA1,0.0
HHLA2,0.0
HIBADH,0.0
HIBCH,0.33403016939801594
HIC1,0.0
HIC2,0.0
HID1,0.0
HID1-AS1,0.0
HIF1A,2.450184407511152
HIF1A-AS1,0.0
HIF1A-AS2,2.535347256438495
HIF1A-AS3,0.0
HIF1AN,0.0
HIF3A,0.3010300546840957
HIGD1A,0.0
HIGD1B,0.0
HIGD1C,0.0
HIGD2A,0.0
HIGD2AP2,0.0
HIGD2B,0.0
HIKESHI,0.0
HIKESHIP2,0.0
HILPDA,2.963738300232002
HINFP,0.35678559822796213
HINT1,0.0
HINT2,0.0
HINT3,0.47712128085113314
HIP1,0.0
HIP1R,1.4149733377803484
HIPK1,1.0791812383331216
HIPK1-AS1,0.0
HIPK2,1.7242758488550345
HIPK3,0.47712120391997626
HIPK4,0.0
HIRA,0.0
HIRIP3,0.0
HISLA,0.0
HIVEP1,0.30103005438464103
HIVEP2,0.30103006308843533
HIVEP2-DT,0.30103003354182395
HIVEP3,0.5832006566540786
HJURP,0.0
HJV,0.0
HK1,0.0
HK2,0.0
HK2-DT,0.0
HK3,0.0
HKDC1,0.30103004839513453
HLA-A,0.0
HLA-A-2,0.0
HLA-A-6,0.0
HLA-B,0.0
HLA-B-4,0.0
HLA-C,0.0
HLA-C-2,0.0
HLA-DMA,0.0
HLA-DMB,0.0
HLA-DOA,0.0
HLA-DOB,0.0
HLA-DPA1,0.0
HLA-DPA1-2,0.0
HLA-DPA1-3,0.0
HLA-DPA1-4,0.0
HLA-DPA1-8,0.0
HLA-DPB1,0.0
HLA-DPB1-2,0.0
HLA-DPB1-5,0.0
HLA-DPB1-6,0.0
HLA-DPB1-7,0.0
HLA-DPB2,0.0
HLA-DQA1,0.0
HLA-DQA1-2,0.0
HLA-DQA1-3,0.0
HLA-DQA1-4,0.0
HLA-DQA1-5,0.0
HLA-DQA1-6,0.0
HLA-DQA1-7,0.0
HLA-DQA1-AS1,0.0
HLA-DQA2,0.0
HLA-DQB1,0.0
HLA-DQB1-2,0.0
HLA-DQB1-AS1,0.0
HLA-DQB2,0.0
HLA-DQB2-2,0.0
HLA-DQB2-3,0.0
HLA-DQB2-4,0.0
HLA-DQB2-5,0.0
HLA-DQB2-6,0.0
HLA-DQB2-7,0.0
HLA-DQB2-8,0.0
HLA-DRA,0.0
HLA-DRB1,0.0
HLA-DRB1-2,0.0
HLA-DRB1-3,0.0
HLA-DRB1-5,0.0
HLA-DRB1-6,0.0
HLA-DRB3,0.0
HLA-DRB4,0.0
HLA-DRB4-2,0.0
HLA-DRB4-3,0.0
HLA-DRB5,0.0
HLA-DRB6,0.0
HLA-E,0.0
HLA-E-2,0.0
HLA-E-3,0.0
HLA-E-4,0.0
HLA-E-5,0.0
HLA-E-6,0.0
HLA-E-7,0.0
HLA-F,0.0
HLA-F-2,0.0
HLA-F-3,0.0
HLA-F-4,0.0
HLA-F-6,0.0
HLA-F-7,0.0
HLA-F-AS1,0.0
HLA-G,0.0
HLA-G-2,0.0
HLA-G-3,0.0
HLA-G-4,0.0
HLA-G-5,0.0
HLA-G-6,0.0
HLA-G-7,0.0
HLA-G-8,0.0
HLA-H,0.0
HLA-J,0.0
HLA-L,0.0
HLA-V,0.0
HLCS,0.0
HLCS-AS1,0.9030899516175578
HLF,0.0
HLMR1,0.0
HLTF,0.0
HLTF-AS1,0.0
HLX,0.0
HLX-AS1,0.0
HM13,0.477121215482709
HM13-AS1,0.0
HMBOX1,0.0
HMBS,0.0
HMCES,0.0
HMCN1,0.0
HMCN2,0.0
HMG20A,0.7781512156928982
HMG20B,0.0
HMGA1,0.0
HMGA1P7,0.0
HMGA2,0.0
HMGA2-AS1,0.0
HMGB1,2.359835464568529
HMGB2,1.9912260054494502
HMGB3,2.6599161854775932
HMGB3P1,0.0
HMGB4,0.0
HMGCL,2.3541083622340837
HMGCLL1,0.0
HMGCR,1.7708520055835404
HMGCS1,0.0
HMGCS2,0.0
HMGN1,1.5563024161741645
HMGN2,1.6532124706542317
HMGN2P46,0.0
HMGN3,0.0
HMGN3-AS1,0.0
HMGN4,0.0
HMGN5,0.0
HMGXB3,0.0
HMGXB4,0.0
HMHB1,0.0
HMMR,0.0
HMMR-AS1,0.0
HMOX1,0.0
HMOX2,0.0
HMOX2-2,0.0
HMSD,0.0
HMX1,0.8450978245336929
HMX2,0.0
HMX3,0.30103000269848557
HNF1A,0.0
HNF1A-AS1,0.0
HNF1B,0.0
HNF1B-2,0.0
HNF4A,0.0
HNF4A-AS1,0.0
HNF4G,0.0
HNMT,0.0
HNRNPA0,0.0
HNRNPA1,1.8344671335190217
HNRNPA1L2,0.0
HNRNPA1L3,0.9391540967087902
HNRNPA1P10,0.0
HNRNPA1P33,0.0
HNRNPA2B1,1.4313637534823913
HNRNPA3,0.0
HNRNPA3P1,0.0
HNRNPAB,0.0
HNRNPC,0.9030899600249074
HNRNPCL1,0.0
HNRNPCL2,0.30102993703049247
HNRNPCL3,0.0
HNRNPCL4,0.0
HNRNPD,0.0
HNRNPD-DT,0.0
HNRNPDL,2.754348327644747
HNRNPF,2.41497332042211
HNRNPH1,3.3834562467542346
HNRNPH2,1.4623979626935824
HNRNPH3,0.0
HNRNPK,0.4771212348988918
HNRNPK-AS1,1.0000005328911687
HNRNPKP3,0.0
HNRNPL,0.0
HNRNPL-2,0.9030899393816294
HNRNPLL,1.7481880085451977
HNRNPM,0.0
HNRNPR,2.4657814337421224
HNRNPR-2,1.9577599749987338
HNRNPU,2.330987466609772
HNRNPUL1,0.0
HNRNPUL2,0.0
HNRNPUL2-BSCL2,0.0
HOATZ,0.0
HOGA1,0.0
HOMER1,0.0
HOMER2,0.30102996181298286
HOMER3,0.0
HOMER3-AS1,0.0
HOMEZ,0.0
HOOK1,0.0
HOOK2,0.0
HOOK3,0.0
HOPX,0.0
HORMAD1,0.0
HORMAD2,0.0
HORMAD2-AS1,0.0
HOTAIR,0.0
HOTAIRM1,0.0
HOTTIP,0.0
HOXA-AS2,0.0
HOXA-AS3,0.0
HOXA1,0.0
HOXA10,0.0
HOXA10-AS,0.0
HOXA10-HOXA9,0.0
HOXA11,0.0
HOXA11-AS,0.0
HOXA13,0.0
HOXA2,0.0
HOXA3,0.0
HOXA4,0.0
HOXA5,0.0
HOXA6,0.0
HOXA7,0.0
HOXA9,0.0
HOXB-AS1,0.0
HOXB-AS2,0.0
HOXB-AS3,0.0
HOXB-AS4,0.0
HOXB1,0.0
HOXB13,0.0
HOXB2,0.0
HOXB3,0.0
HOXB4,0.0
HOXB5,0.0
HOXB6,0.0
HOXB7,0.0
HOXB8,0.0
HOXB9,0.0
HOXBLINC,0.0
HOXC-AS1,0.0
HOXC-AS2,0.0
HOXC-AS3,0.0
HOXC10,0.0
HOXC11,0.0
HOXC12,0.0
HOXC13,0.0
HOXC13-AS,0.0
HOXC4,0.0
HOXC5,0.0
HOXC6,0.0
HOXC8,0.0
HOXC9,0.0
HOXD-AS2,0.0
HOXD1,0.0
HOXD10,0.0
HOXD11,0.0
HOXD12,0.0
HOXD13,0.0
HOXD3,0.0
HOXD4,0.0
HOXD8,0.0
HOXD9,0.0
HP,0.0
HP09053,0.0
HP1BP3,1.1461280371455858
HPAT5,0.0
HPCA,0.0
HPCAL1,0.0
HPCAL4,0.0
HPD,0.0
HPDL,0.0
HPF1,0.0
HPGD,0.0
HPGDS,0.0
HPN,0.0
HPN-AS1,0.0
HPR,0.0
HPRT1,2.6159499778962236
HPS1,0.0
HPS1-AS1,0.0
HPS3,0.0
HPS4,0.0
HPS5,0.0
HPS5-2,0.0
HPS6,0.0
HPSE,0.0
HPSE2,0.0
HPX,0.0
HPYR1,0.0
HR,0.0
HRAS,0.0
HRAT17,0.0
HRC,0.0
HRCT1,0.0
HRG,0.0
HRG-AS1,0.0
HRH1,0.0
HRH2,0.0
HRH3,0.0
HRH4,0.0
HRK,0.30102998112158175
HRNR,1.986771744920925
HROB,0.0
HRURF,0.0
HS1BP3,0.0
HS1BP3-IT1,0.0
HS2ST1,0.0
HS3ST1,0.0
HS3ST2,0.0
HS3ST3A1,0.0
HS3ST3B1,0.30372062350399065
HS3ST4,0.0
HS3ST5,0.0
HS3ST6,0.0
HS3ST6-2,0.0
HS6ST1,0.0
HS6ST2,0.0
HS6ST2-AS1,0.0
HS6ST3,0.0
HSALR1,0.0
HSBP1,0.0
HSBP1L1,0.0
HSCB,0.0
HSD11B1,0.0
HSD11B1-AS1,0.0
HSD11B1L,0.0
HSD11B2,0.0
HSD17B1,0.0
HSD17B1-AS1,0.0
HSD17B10,2.152288294782602
HSD17B11,0.0
HSD17B12,0.0
HSD17B13,0.0
HSD17B14,0.0
HSD17B2,0.0
HSD17B2-AS1,0.0
HSD17B3,0.0
HSD17B3-AS1,0.0
HSD17B4,0.0
HSD17B6,0.0
HSD17B7,0.0
HSD17B7P2,0.0
HSD17B8,0.0
HSD3B1,0.0
HSD3B2,0.0
HSD3B7,0.0
HSD3BP4,0.0
HSD52,0.0
HSDL1,0.0
HSDL2,0.0
HSDL2-AS1,0.0
HSF1,0.0
HSF1-2,0.0
HSF2,0.0
HSF2BP,0.0
HSF4,0.0
HSF5,0.0
HSFX1,0.0
HSFX2,0.0
HSFX3,0.0
HSFX4,0.0
HSFY1,0.0
HSFY1P1,0.0
HSFY2,0.0
HSH2D,0.0
HSP90AA1,3.074450701400909
HSP90AB1,2.714329731745125
HSP90AB4P,0.0
HSP90B1,0.0
HSP90B2P,0.0
HSPA12A,2.232996109872288
HSPA12A-AS1,0.0
HSPA12B,0.0
HSPA13,0.0
HSPA14,0.0
HSPA1A,3.098515100043691
HSPA1B,2.497443206064204
HSPA1L,0.0
HSPA2,0.0
HSPA2-AS1,0.0
HSPA4,0.0
HSPA4L,0.3010299312326553
HSPA5,0.0
HSPA5-DT,0.0
HSPA6,0.0
HSPA7,0.0
HSPA8,1.146128008406898
HSPA9,0.0
HSPB1,0.0
HSPB2,0.0
HSPB2-C11orf52,0.0
HSPB3,0.0
HSPB6,0.0
HSPB7,0.0
HSPB8,0.0
HSPB9,0.0
HSPBAP1,0.0
HSPBP1,1.8976270247595135
HSPC102,0.0
HSPD1,2.8169038038301855
HSPE1,2.350248534482109
HSPE1-MOB4,0.0
HSPG2,0.0
HSPH1,2.7379873212107464
HTATIP2,0.0
HTATSF1,0.0
HTATSF1P2,0.0
HTD2,0.0
HTN1,0.0
HTN1-2,0.0
HTN3,0.0
HTR1A,0.0
HTR1B,0.0
HTR1D,0.0
HTR1E,0.0
HTR1F,0.0
HTR2A,0.0
HTR2A-AS1,0.0
HTR2B,0.0
HTR2C,0.0
HTR3A,0.0
HTR3B,0.0
HTR3C,0.0
HTR3D,0.0
HTR3E,0.0
HTR3E-AS1,0.0
HTR4,0.0
HTR5A,0.0
HTR5A-AS1,0.0
HTR6,0.0
HTR7,0.0
HTR7P1,0.47712125778899084
HTRA1,2.1931245583828254
HTRA2,0.0
HTRA3,0.0
HTRA4,0.0
HTT,0.0
HTT-AS,0.0
HULC,0.0
HUNK,0.9030899732258473
HUS1,0.0
HUS1B,0.0
HUWE1,0.0
HVCN1,0.0
HYAL1,0.0
HYAL2,0.0
HYAL3,0.0
HYAL4,0.30103000524550966
HYAL6P,0.0
HYCC1,2.4607975926091887
HYCC2,1.6812412485777446
HYDIN,0.0
HYDIN2,0.0
HYI,0.0
HYI-AS1,0.0
HYKK,0.3010299075629819
HYLS1,0.0
HYMAI,0.0
HYOU1,0.0
HYOU1-2,0.0
HYOU1-AS1,0.0
HYPK,0.0
IADEN,0.0
IAH1,2.6739210209867146
IAPP,0.0
IARS1,3.062205801457981
IARS2,0.0
IATPR,0.0
IBA57,0.0
IBA57-DT,0.0
IBSP,0.0
IBTK,1.7853298370398727
IBTK-2,0.0
ICA1,0.0
ICA1-AS1,0.0
ICA1L,1.0413927047895393
ICAM1,0.0
ICAM2,0.0
ICAM3,0.0
ICAM4,0.0
ICAM4-AS1,0.0
ICAM5,0.0
ICE1,0.0
ICE2,0.30102992251418087
ICMT,0.0
ICMT-DT,0.0
ICOS,0.0
ICOSLG,0.5798966171313862
ID1,0.0
ID2,0.0
ID2-AS1,0.0
ID3,0.0
ID4,0.0
IDE,0.0
IDH1,1.7403626552494686
IDH1-AS1,0.0
IDH2,0.8450980222724968
IDH2-DT,0.0
IDH3A,0.0
IDH3B,0.0
IDH3B-DT,0.0
IDH3G,0.0
IDI1,0.0
IDI2,0.0
IDI2-AS1,0.0
IDNK,0.0
IDO1,0.0
IDO2,0.0
IDS,0.0
IDUA,0.0
IER2,0.0
IER3,0.0
IER3-AS1,0.0
IER3IP1,0.0
IER5,0.0
IER5L,0.0
IER5L-AS1,0.0
IFFO1,0.0
IFFO2,0.7781512164579616
IFI16,0.0
IFI27,0.0
IFI27-2,0.0
IFI27L1,0.0
IFI27L2,0.0
IFI30,0.0
IFI35,0.0
IFI44,0.0
IFI44L,0.0
IFI6,0.0
IFIH1,0.0
IFIT1,0.0
IFIT1B,0.0
IFIT2,1.9395192360692475
IFIT3,0.3010299727749299
IFIT5,0.0
IFITM1,0.0
IFITM10,0.0
IFITM2,0.0
IFITM3,0.0
IFITM4P,0.0
IFITM5,0.0
IFNA1,0.0
IFNA10,0.0
IFNA13,0.0
IFNA14,0.0
IFNA16,0.0
IFNA17,0.0
IFNA2,0.0
IFNA21,0.0
IFNA22P,0.0
IFNA4,0.0
IFNA5,0.0
IFNA6,0.0
IFNA7,0.0
IFNA8,0.0
IFNAR1,2.48855070595705
IFNAR2,0.0
IFNAR2-IL10RB,0.0
IFNB1,0.0
IFNE,0.0
IFNG,0.0
IFNG-AS1,0.0
IFNGR1,0.0
IFNGR2,0.477121233915788
IFNK,0.0
IFNL1,0.0
IFNL2,0.0
IFNL3,0.0
IFNL4,0.0
IFNL4-2,0.0
IFNLR1,0.0
IFNW1,0.0
IFRD1,0.0
IFRD2,0.0
IFT122,0.0
IFT122P3,0.0
IFT140,0.0
IFT172,0.0
IFT20,0.0
IFT22,0.3010299432712381
IFT25,0.0
IFT27,0.0
IFT43,0.0
IFT46,0.0
IFT52,0.0
IFT56,0.0
IFT57,0.0
IFT70A,0.0
IFT70B,0.0
IFT74,2.2944662243101517
IFT74-AS1,0.0
IFT80,0.0
IFT81,1.146128014175353
IFT88,0.0
IFTAP,0.0
IGBP1,0.0
IGBP1C,0.0
IGBP1P1,0.0
IGDCC3,0.0
IGDCC4,0.0
IGF1,2.901458325395844
IGF1R,0.0
IGF2,0.0
IGF2-AS,0.0
IGF2BP1,0.0
IGF2BP2,0.0
IGF2BP2-AS1,0.0
IGF2BP3,0.0
IGF2R,0.0
IGFALS,0.0
IGFBP-AS1,0.0
IGFBP1,0.0
IGFBP2,0.0
IGFBP3,0.0
IGFBP4,0.0
IGFBP5,0.0
IGFBP6,0.0
IGFBP7,0.0
IGFBP7-AS1,0.0
IGFBPL1,0.3010299355764889
IGFL1,0.0
IGFL2,0.0
IGFL2-AS1,0.0
IGFL3,0.0
IGFL4,0.0
IGFLR1,0.0
IGFN1,0.0
IGHMBP2,0.0
IGHV1OR15-1,0.0
IGHV1OR15-3,0.0
IGIP,0.0
IGLL1,0.0
IGLL3P,0.0
IGLL5,0.0
IGLON5,0.0
IGSF1,0.0
IGSF10,0.0
IGSF11,0.0
IGSF11-AS1,0.0
IGSF21,0.30102997309290225
IGSF21-AS1,0.0
IGSF22,0.0
IGSF22-AS1,0.0
IGSF23,0.0
IGSF3,0.0
IGSF5,0.0
IGSF6,0.0
IGSF8,0.0
IGSF9,0.0
IGSF9B,0.0
IHH,0.0
IHO1,0.0
IK,0.30102997631956446
IKBIP,0.0
IKBKB,0.0
IKBKB-DT,0.0
IKBKE,0.0
IKBKE-AS1,0.0
IKBKG,0.0
IKZF1,0.0
IKZF2,0.6031742780783658
IKZF3,0.0
IKZF4,0.0
IKZF5,0.0
IL10,0.0
IL10RA,0.0
IL10RB,0.0
IL10RB-DT,0.0
IL11,0.0
IL11RA,0.0
IL12A,1.8325088352221963
IL12A-AS1,0.0
IL12B,0.0
IL12RB1,0.0
IL12RB2,0.0
IL13,0.0
IL13RA1,0.0
IL13RA2,0.0
IL15,0.0
IL15RA,0.0
IL16,0.0
IL17A,0.0
IL17B,0.0
IL17C,0.0
IL17D,0.0
IL17F,0.0
IL17RA,0.0
IL17RB,0.0
IL17RC,0.0
IL17RD,0.0
IL17RE,0.0
IL17REL,0.0
IL18,0.0
IL18BP,0.0
IL18R1,0.0
IL18RAP,0.0
IL19,0.0
IL1A,0.0
IL1B,0.0
IL1F10,0.0
IL1R1,0.30102991047687766
IL1R1-AS1,0.0
IL1R2,0.0
IL1RAP,0.5086358362110472
IL1RAPL1,2.778874458725821
IL1RAPL2,0.0
IL1RL1,0.0
IL1RL2,0.0
IL1RN,0.0
IL2,0.0
IL20,0.0
IL20RA,0.0
IL20RB,0.0
IL20RB-AS1,0.0
IL21,0.0
IL21-AS1,0.0
IL21R,0.0
IL21R-AS1,0.0
IL22,0.0
IL22RA1,0.0
IL22RA2,0.0
IL23A,0.0
IL23R,0.0
IL24,0.0
IL25,0.0
IL26,0.0
IL27,0.0
IL27RA,0.0
IL2RA,0.0
IL2RB,0.0
IL2RG,0.0
IL3,0.0
IL31,0.0
IL31RA,0.0
IL32,0.0
IL33,0.0
IL34,0.0
IL36A,0.0
IL36B,0.0
IL36G,0.0
IL36RN,0.0
IL37,0.0
IL3RA,0.0
IL3RA-2,0.0
IL4,0.0
IL4I1,0.0
IL4R,0.0
IL5,0.0
IL5RA,0.0
IL6,0.0
IL6-AS1,0.0
IL6R,0.0
IL6R-AS1,0.0
IL6ST,0.0
IL6ST-DT,0.0
IL7,0.30102996152018524
IL7R,0.0
IL9,0.0
IL9R,0.0
IL9R-2,0.0
ILDR1,0.0
ILDR2,0.0
ILF2,0.0
ILF3,0.3010299926207362
ILF3-DT,1.2787535601234428
ILK,0.0
ILKAP,1.9344983379185732
ILRUN,0.6020599168602434
ILRUN-AS1,0.0
ILVBL,0.0
ILVBL-AS1,0.0
IMMP1L,0.0
IMMP2L,1.4629577805302114
IMMT,1.176091237483246
IMP3,0.0
IMP4,0.0
IMPA1,0.0
IMPA1P1,0.0
IMPA2,0.0
IMPACT,0.0
IMPDH1,0.0
IMPDH2,0.0
IMPG1,0.0
IMPG2,0.0
INA,0.0
INAFM1,0.30103003216326046
INAFM2,0.0
INAVA,0.0
INCA1,0.0
INCENP,0.0
INE1,0.0
INE2,0.0
INF2,0.0
ING1,0.30103006970833945
ING2,0.0
ING2-DT,0.0
ING3,3.0542298250965385
ING4,0.0
ING5,0.0
INGX,0.3010298874731878
INHA,0.0
INHBA,0.0
INHBA-AS1,0.0
INHBB,0.0
INHBC,0.0
INHBE,0.0
INIP,0.301029967415479
INKA1,0.0
INKA2,0.0
INKA2-AS1,0.0
INKILN,0.0
INMT,0.6813316929095641
INMT-MINDY4,0.0
INO80,0.0
INO80-AS1,0.0
INO80B,0.0
INO80B-WBP1,0.0
INO80C,0.0
INO80D,0.17609158438883993
INO80D-2,0.17609158438883993
INO80D-AS1,0.0
INO80E,0.0
INPP1,0.0
INPP4A,0.0
INPP4B,0.0
INPP5A,0.30102999970752986
INPP5B,0.0
INPP5D,0.0
INPP5D-2,0.0
INPP5E,0.0
INPP5F,1.7242758528486584
INPP5J,0.0
INPP5K,0.0
INPPL1,0.0
INS,0.0
INS-IGF2,0.0
INSC,0.0
INSIG1,0.0
INSIG1-DT,0.0
INSIG2,0.0
INSL3,0.0
INSL4,0.0
INSL5,0.0
INSL6,0.0
INSM1,0.0
INSM2,0.0
INSR,0.0
INSRR,0.0
INSYN1,0.0
INSYN1-AS1,0.0
INSYN2A,0.0
INSYN2B,0.0
INTS1,0.0
INTS10,1.4771212235217974
INTS11,0.0
INTS12,2.2648177603832953
INTS13,0.0
INTS14,0.0
INTS15,0.0
INTS2,0.30103005705719765
INTS3,0.0
INTS4,0.0
INTS4P1,0.0
INTS4P2,0.0
INTS5,0.0
INTS6,0.30103023764882314
INTS6-AS1,0.0
INTS6L,0.3010299669031897
INTS6L-AS1,0.0
INTS7,0.0
INTS8,0.0
INTS9,0.0
INTU,0.0
INVS,0.0
IP6K1,1.0791812440428599
IP6K2,2.2855572559366606
IP6K3,0.0
IPCEF1,0.0
IPMK,0.0
IPO11,0.0
IPO11-LRRC70,0.0
IPO13,2.6095943783472055
IPO4,0.0
IPO5,0.0
IPO5P1,0.0
IPO7,0.3010300495883411
IPO8,0.0
IPO9,0.4771211890342052
IPO9-AS1,0.0
IPP,0.0
IPPK,0.0
IPW,1.9637878223732006
IQANK1,0.30102996381042413
IQANK1-2,0.0
IQCA1,0.0
IQCA1-AS1,0.0
IQCA1L,0.0
IQCB1,0.0
IQCC,0.0
IQCD,0.0
IQCE,0.0
IQCF1,0.0
IQCF2,0.0
IQCF3,0.0
IQCF4P,0.0
IQCF5,0.0
IQCF5-AS1,0.0
IQCF6,0.0
IQCG,0.30102997790413644
IQCH,0.0
IQCH-AS1,0.0
IQCJ,0.0
IQCJ-SCHIP1,0.0
IQCJ-SCHIP1-AS1,0.0
IQCK,0.0
IQCM,0.0
IQCN,0.0
IQGAP1,0.0
IQGAP2,0.0
IQGAP3,0.0
IQGAP3-2,0.0
IQSEC1,0.0
IQSEC2,0.30102998525377445
IQSEC3,0.0
IQSEC3-AS1,0.0
IQSEC3-AS2,0.0
IQUB,0.0
IRAG1,0.0
IRAG1-AS1,0.0
IRAG2,0.0
IRAIN,0.0
IRAK1,0.0
IRAK1BP1,0.0
IRAK2,0.0
IRAK3,0.0
IRAK4,0.3010300111792056
IREB2,0.6989699912010425
IRF1,0.30103000681745157
IRF2,0.0
IRF2-DT,0.0
IRF2BP1,0.0
IRF2BP2,0.778151267019696
IRF2BPL,0.47712123148510965
IRF3,0.0
IRF4,0.0
IRF5,0.0
IRF6,1.2792182256548184
IRF7,0.0
IRF7-2,0.0
IRF8,0.0
IRF9,2.8813845976453734
IRGC,0.0
IRGM,0.0
IRGQ,0.6989700760637655
IRS1,1.0000000224999037
IRS2,0.0
IRS4,0.3010299635183947
IRS4-AS1,0.0
IRX1,0.0
IRX2,0.0
IRX2-DT,0.0
IRX3,0.0
IRX4,0.0
IRX4-AS1,0.0
IRX5,0.0
IRX6,0.0
ISCA1,0.0
ISCA2,0.0
ISCU,0.0
ISG15,0.0
ISG20,0.0
ISG20L2,0.30102997951712596
ISL1,0.0
ISL1-DT,0.0
ISL2,0.0
ISLR,0.0
ISLR2,0.0
ISM1,0.0
ISM1-AS1,0.0
ISM2,0.0
ISOC1,0.0
ISOC2,0.0
IST1,0.6989700196492263
ISX,0.0
ISY1,0.0
ISY1-RAB43,0.0
ISYNA1,0.0
ITCH,0.3010299409114479
ITFG1,0.0
ITFG1-AS1,0.0
ITFG2,0.0
ITFG2-AS1,0.0
ITGA1,0.0
ITGA10,0.0
ITGA11,0.0
ITGA2,0.0
ITGA2-AS1,0.0
ITGA2B,0.0
ITGA3,0.0
ITGA4,0.0
ITGA5,0.0
ITGA6,0.0
ITGA6-AS1,0.0
ITGA7,0.0
ITGA8,0.0
ITGA9,0.0
ITGA9-AS1,0.0
ITGAD,0.0
ITGAE,0.0
ITGAL,0.0
ITGAL-AS1,0.0
ITGAM,0.0
ITGAV,1.0791812316776308
ITGAX,0.0
ITGB1,0.0
ITGB1-DT,0.0
ITGB1BP1,0.0
ITGB1BP2,0.0
ITGB2,0.0
ITGB2-AS1,0.0
ITGB3,0.0
ITGB3BP,0.0
ITGB4,0.0
ITGB5,0.0
ITGB6,0.0
ITGB7,0.0
ITGB8,3.1640552978964966
ITGB8-AS1,0.0
ITGBL1,0.0
ITIH1,0.0
ITIH2,0.0
ITIH3,0.0
ITIH4,0.0
ITIH4-AS1,0.0
ITIH5,0.0
ITIH6,0.0
ITK,0.0
ITLN1,0.0
ITLN2,0.0
ITM2A,0.0
ITM2B,2.3242824651005733
ITM2C,1.342422637902819
ITPA,0.0
ITPK1,0.0
ITPK1-2,0.0
ITPK1-AS1,0.0
ITPKA,0.0
ITPKB,0.0
ITPKB-IT1,0.0
ITPKC,0.0
ITPR1,0.0
ITPR1-DT,0.0
ITPR2,0.0
ITPR2-AS1,0.0
ITPR3,0.0
ITPR3-AS1,0.0
ITPRID1,0.0
ITPRID2,1.0791812276776844
ITPRIP,0.0
ITPRIP-AS1,0.0
ITPRIPL1,0.0
ITPRIPL2,0.0
ITSN1,0.7781512840406997
ITSN2,0.0
IUR1,0.0
IVD,2.511883344753047
IVL,0.0
IVNS1ABP,0.7781512378701632
IWS1,2.056904827602629
IYD,0.0
IZUMO1,0.0
IZUMO1R,0.0
IZUMO2,0.3010299265450769
IZUMO3,0.0
IZUMO4,0.0
JADE1,0.0
JADE2,1.0413926783020677
JADE3,0.0
JAG1,0.0
JAG2,0.0
JAGN1,0.0
JAK1,0.0
JAK2,0.0
JAK3,0.0
JAKMIP1,0.0
JAKMIP1-DT,0.0
JAKMIP2,1.0413926643957752
JAKMIP2-AS1,0.0
JAKMIP3,0.0
JAKMIP3-AS1,0.0
JAM2,0.0
JAM3,0.0
JAML,0.0
JARID2,0.47712124439557047
JARID2-AS1,0.0
JARID2-DT,0.0
JAZF1,0.8450980319055953
JAZF1-AS1,0.0
JCAD,0.0
JCHAIN,0.0
JDP2,0.47712127755693867
JDP2-AS1,0.0
JHY,0.0
JKAMP,0.0
JMJD1C,2.5945528860082634
JMJD1C-AS1,0.0
JMJD1C-AS2,0.0
JMJD4,0.0
JMJD6,0.47712118361160194
JMJD7,0.0
JMJD7-PLA2G4B,0.0
JMJD8,0.0
JMY,0.0
JOSD1,0.0
JOSD2,0.0
JPH1,0.0
JPH2,0.0
JPH3,0.845098029730625
JPH4,1.531478909216207
JPT1,0.0
JPT2,0.0
JPX,0.0
JRK,0.6020600135412745
JRKL,0.0
JRKL-AS1,0.0
JSRP1,0.0
JTB,0.0
JTB-DT,0.0
JUN,2.46239798051054
JUN-DT,0.0
JUNB,0.0
JUND,1.7634279493062741
JUP,0.0
KAAG1,0.0
KALRN,0.0
KANK1,1.3617278301470002
KANK2,0.0
KANK3,0.0
KANK4,0.0
KANSL1,0.6989699997216486
KANSL1-2,0.0
KANSL1-3,0.0
KANSL1-AS1,0.0
KANSL1L,0.0
KANSL1L-AS1,0.0
KANSL2,0.0
KANSL3,0.0
KANTR,0.7782106626370109
KARS1,0.0
KASH5,0.0
KAT14,0.0
KAT2A,0.9030899637283792
KAT2B,1.3424226812200555
KAT5,0.0
KAT6A,0.3010301845739705
KAT6A-AS1,0.0
KAT6B,0.0
KAT6B-2,0.0
KAT7,2.50215919914841
KAT8,0.0
KATNA1,0.0
KATNAL1,2.894316066587254
KATNAL2,0.0
KATNB1,0.0
KATNBL1,0.4771212589754284
KATNBL1P6,0.0
KATNIP,0.0
KAZALD1,0.0
KAZN,1.3222192917812896
KAZN-AS1,0.0
KBTBD11,0.0
KBTBD11-2,0.0
KBTBD11-AS1,0.0
KBTBD11-OT1,0.0
KBTBD12,0.0
KBTBD13,0.0
KBTBD2,2.799340534540922
KBTBD3,0.0
KBTBD4,0.0
KBTBD6,0.0
KBTBD6-DT,0.0
KBTBD7,1.38021124260911
KBTBD8,0.0
KC6,0.0
KCMF1,0.0
KCNA1,2.238046109771535
KCNA10,2.5198279496200806
KCNA2,0.47712132112896133
KCNA3,0.3010300296420944
KCNA4,0.0
KCNA5,1.4149733230820503
KCNA6,0.8450980656692527
KCNA7,0.3010299684495299
KCNAB1,1.0791812230931233
KCNAB1-AS1,0.0
KCNAB1-AS2,0.0
KCNAB2,0.0
KCNAB3,0.0
KCNB1,0.0
KCNB2,0.0
KCNC1,0.0
KCNC2,0.0
KCNC3,0.0
KCNC4,0.0
KCNC4-DT,0.0
KCND1,0.0
KCND2,0.47712132502376864
KCND3,0.0
KCND3-AS1,0.0
KCND3-IT1,0.0
KCNE1,0.0
KCNE2,0.0
KCNE3,0.0
KCNE4,0.0
KCNE5,0.0
KCNF1,0.0
KCNG1,0.0
KCNG2,0.0
KCNG3,0.0
KCNG4,0.0
KCNH1,0.0
KCNH1-IT1,0.0
KCNH2,0.3010299768923588
KCNH3,0.0
KCNH4,0.0
KCNH5,0.3010299413762034
KCNH6,0.0
KCNH7,0.0
KCNH7-AS1,0.0
KCNH8,0.0
KCNIP1,0.0
KCNIP1-AS1,0.0
KCNIP1-OT1,0.0
KCNIP2,0.0
KCNIP2-AS1,0.0
KCNIP3,0.0
KCNIP4,1.952566321632517
KCNIP4-IT1,0.0
KCNJ1,0.0
KCNJ10,0.0
KCNJ11,0.0
KCNJ12,0.0
KCNJ13,0.0
KCNJ14,0.0
KCNJ15,0.9542425284726618
KCNJ16,2.2405492367124853
KCNJ18,0.0
KCNJ2,0.0
KCNJ2-AS1,0.0
KCNJ3,0.0
KCNJ4,0.0
KCNJ5,0.0
KCNJ5-AS1,0.0
KCNJ6,2.041392703842059
KCNJ6-AS1,0.0
KCNJ8,0.0
KCNJ9,0.0
KCNK1,0.0
KCNK10,0.0
KCNK12,0.0
KCNK13,0.0
KCNK15,0.0
KCNK15-AS1,0.0
KCNK16,0.0
KCNK17,0.0
KCNK18,0.0
KCNK2,0.0
KCNK3,0.0
KCNK4,0.0
KCNK4-CATSPERZ,0.0
KCNK5,0.0
KCNK6,0.0
KCNK7,0.0
KCNK9,0.0
KCNMA1,0.0
KCNMA1-AS1,0.0
KCNMA1-AS2,0.0
KCNMA1-AS3,0.0
KCNMB1,0.0
KCNMB2,0.0
KCNMB2-AS1,0.0
KCNMB3,0.0
KCNMB4,0.0
KCNN1,0.0
KCNN2,0.0
KCNN3,0.301029899396991
KCNN4,0.0
KCNQ1,0.0
KCNQ1-AS1,0.0
KCNQ1DN,0.0
KCNQ1OT1,2.7124740746701774
KCNQ2,2.3673558506402346
KCNQ2-AS1,0.0
KCNQ3,0.47712098484379917
KCNQ4,0.0
KCNQ5,0.0
KCNQ5-AS1,0.0
KCNQ5-DT,0.0
KCNQ5-IT1,0.0
KCNRG,0.0
KCNS1,0.0
KCNS2,0.0
KCNS3,0.0
KCNT1,0.0
KCNT2,0.39794004078824885
KCNT2-2,0.39794004078824885
KCNU1,0.0
KCNV1,0.0
KCNV2,0.0
KCP,0.0
KCTD1,0.0
KCTD10,0.0
KCTD11,0.0
KCTD12,0.0
KCTD13,0.0
KCTD13-DT,0.0
KCTD14,0.0
KCTD15,0.0
KCTD16,1.5797836090252284
KCTD17,0.0
KCTD18,0.0
KCTD19,0.0
KCTD2,0.30103000002976993
KCTD20,0.0
KCTD21,0.0
KCTD21-AS1,0.0
KCTD3,0.0
KCTD4,2.763427954593253
KCTD5,0.0
KCTD6,0.0
KCTD7,0.0
KCTD8,0.0
KCTD9,0.0
KDELR1,0.0
KDELR2,0.0
KDELR3,0.0
KDF1,0.0
KDM1A,1.8864907054638267
KDM1B,0.0
KDM2A,1.3010300034182223
KDM2B,0.0
KDM2B-DT,0.0
KDM3A,1.5314788942005337
KDM3B,0.0
KDM4A,0.0
KDM4A-AS1,0.0
KDM4B,0.3010297886673175
KDM4C,0.0
KDM4D,0.0
KDM4E,0.0
KDM4F,0.0
KDM5A,0.0
KDM5B,0.0
KDM5C,0.0
KDM5D,0.0
KDM6A,0.0
KDM6B,0.0
KDM7A,0.0
KDM7A-DT,0.0
KDM8,0.0
KDR,0.0
KDSR,0.0
KDSR-DT,0.0
KEAP1,0.0
KEL,0.0
KEL-2,0.0
KERA,0.0
KGD4,0.0
KHDC1,0.0
KHDC1-AS1,1.4471741576371149
KHDC1L,0.0
KHDC3L,0.0
KHDC4,1.5797835731262724
KHDRBS1,1.6127838313149587
KHDRBS2,1.2304488947732781
KHDRBS3,2.4183012496065026
KHK,0.0
KHNYN,0.0
KHSRP,0.0
KIAA0040,0.0
KIAA0087,0.0
KIAA0232,0.6020600267701604
KIAA0319,0.0
KIAA0319L,0.0
KIAA0408,0.3010298291841735
KIAA0513,0.4771212289082189
KIAA0586,0.0
KIAA0753,0.0
KIAA0825,0.3010300209915504
KIAA0930,0.3010299679321203
KIAA1143,0.6676357863873925
KIAA1191,0.0
KIAA1210,0.0
KIAA1217,0.3010299032136866
KIAA1328,0.4891290452308543
KIAA1549,1.2041200130996548
KIAA1549L,0.0
KIAA1586,0.0
KIAA1614,0.0
KIAA1614-AS1,0.0
KIAA1656,0.0
KIAA1671,0.0
KIAA1671-AS1,0.0
KIAA1755,0.0
KIAA1958,1.4471580781446316
KIAA2012,0.0
KIAA2012-AS1,0.0
KIAA2013,0.0
KICS2,0.0
KIDINS220,0.47712120329939256
KIF11,0.0
KIF12,0.0
KIF13A,1.748188028548183
KIF13B,0.30102997944177196
KIF14,0.0
KIF15,0.0
KIF15-2,0.0
KIF16B,1.81954393387644
KIF17,0.0
KIF18A,0.0
KIF18B,0.0
KIF19,0.0
KIF1A,0.0
KIF1B,2.6766936197015574
KIF1C,0.0
KIF1C-AS1,0.0
KIF20A,0.0
KIF20B,0.0
KIF21A,1.414973341745651
KIF21B,0.0
KIF22,0.0
KIF23,0.0
KIF23-AS1,0.0
KIF24,0.30492650692667794
KIF25,0.0
KIF25-AS1,0.0
KIF26A,0.0
KIF26A-DT,0.0
KIF26B,0.0
KIF26B-2,0.0
KIF26B-AS1,0.0
KIF27,2.348304862908651
KIF2A,2.4116197108794992
KIF2B,0.0
KIF2C,0.0
KIF3A,0.30102996645917157
KIF3B,0.0
KIF3C,0.0
KIF4A,0.0
KIF4B,0.0
KIF5A,0.0
KIF5B,0.30103003908449594
KIF5C,2.232996101396795
KIF5C-AS1,0.6989699432015182
KIF6,0.0
KIF7,0.0
KIF9,0.0
KIF9-AS1,0.0
KIFAP3,2.06445796684049
KIFBP,0.0
KIFC1,0.0
KIFC1-2,0.0
KIFC1-3,0.0
KIFC2,0.0
KIFC3,0.0
KILH,0.0
KIN,0.0
KIR2DL1,0.0
KIR2DL1-12,0.0
KIR2DL2,0.0
KIR2DL2-3,0.0
KIR2DL2-4,0.0
KIR2DL2-5,0.0
KIR2DL2-8,0.0
KIR2DL3,0.0
KIR2DL4,0.0
KIR2DL4-5,0.0
KIR2DL5A,0.0
KIR2DL5A-2,0.0
KIR2DL5A-3,0.0
KIR2DL5A-4,0.0
KIR2DL5A-5,0.0
KIR2DL5A-6,0.0
KIR2DL5A-7,0.0
KIR2DL5A-8,0.0
KIR2DL5B,0.0
KIR2DL5B-2,0.0
KIR2DL5B-3,0.0
KIR2DL5B-4,0.0
KIR2DL5B-5,0.0
KIR2DL5B-6,0.0
KIR2DL5B-7,0.0
KIR2DS1,0.0
KIR2DS1-6,0.0
KIR2DS2,0.0
KIR2DS2-11,0.0
KIR2DS2-2,0.0
KIR2DS3,0.0
KIR2DS3-4,0.0
KIR2DS3-5,0.0
KIR2DS4,0.0
KIR2DS4-5,0.0
KIR2DS5,0.0
KIR2DS5-2,0.0
KIR2DS5-3,0.0
KIR2DS5-5,0.0
KIR2DS5-7,0.0
KIR3DL1,0.0
KIR3DL1-11,0.0
KIR3DL1-2,0.0
KIR3DL2,0.0
KIR3DL2-13,0.0
KIR3DL2-15,0.0
KIR3DL2-16,0.0
KIR3DL2-19,0.0
KIR3DL2-20,0.0
KIR3DL2-21,0.0
KIR3DL2-22,0.0
KIR3DL2-23,0.0
KIR3DL2-24,0.0
KIR3DL2-25,0.0
KIR3DL2-26,0.0
KIR3DL2-28,0.0
KIR3DL2-29,0.0
KIR3DL2-3,0.0
KIR3DL2-30,0.0
KIR3DL2-32,0.0
KIR3DL2-34,0.0
KIR3DL2-35,0.0
KIR3DL2-36,0.0
KIR3DL2-37,0.0
KIR3DL2-38,0.0
KIR3DL2-39,0.0
KIR3DL2-40,0.0
KIR3DL2-41,0.0
KIR3DL2-42,0.0
KIR3DL2-43,0.0
KIR3DL2-45,0.0
KIR3DL2-46,0.0
KIR3DL2-6,0.0
KIR3DL2-8,0.0
KIR3DL3,0.0
KIR3DS1,0.0
KIR3DS1-10,0.0
KIR3DS1-2,0.0
KIR3DS1-3,0.0
KIR3DS1-4,0.0
KIR3DS1-5,0.0
KIR3DS1-6,0.0
KIR3DS1-7,0.0
KIR3DS1-8,0.0
KIR3DS1-9,0.0
KIR3DX1,0.0
KIR3DX1-2,0.0
KIRREL1,0.0
KIRREL1-IT1,0.0
KIRREL2,0.0
KIRREL3,0.0
KIRREL3-AS1,0.0
KIRREL3-AS2,0.0
KIRREL3-AS3,0.0
KISS1,0.0
KISS1R,0.0
KIT,0.0
KITLG,0.0
KIZ,0.0
KIZ-AS1,0.0
KL,0.0
KLB,0.30103009087945304
KLC1,2.498310524808799
KLC2,0.0
KLC2-AS1,0.0
KLC2-AS2,0.0
KLC3,0.0
KLC4,0.0
KLC4-AS1,0.0
KLF1,0.0
KLF10,0.0
KLF11,0.0
KLF11-DT,0.0
KLF12,0.0
KLF13,0.6989700582158987
KLF14,0.0
KLF15,2.1038036923747114
KLF16,0.0
KLF17,0.0
KLF18,0.0
KLF2,0.0
KLF2-DT,0.0
KLF3,1.6232492851678657
KLF3-AS1,0.0
KLF4,0.0
KLF5,0.0
KLF6,2.7860412042005334
KLF7,0.0
KLF8,0.30102985389925235
KLF9,0.0
KLF9-DT,0.0
KLHDC1,0.0
KLHDC10,0.0
KLHDC2,1.707570162360844
KLHDC3,0.0
KLHDC4,0.0
KLHDC7A,0.0
KLHDC7B,0.0
KLHDC7B-DT,0.0
KLHDC8A,0.0
KLHDC8B,0.0
KLHDC9,0.0
KLHL1,0.0
KLHL10,0.0
KLHL11,1.9956351870974847
KLHL12,0.0
KLHL13,0.0
KLHL14,0.7781512255255563
KLHL15,0.0
KLHL17,0.30102994881570394
KLHL18,0.3010301492829565
KLHL2,0.0
KLHL20,0.0
KLHL21,0.0
KLHL22,0.0
KLHL23,0.0
KLHL24,2.2988530813399137
KLHL25,0.47712142667875435
KLHL26,0.0
KLHL28,0.0
KLHL29,0.0
KLHL3,0.0
KLHL30,0.0
KLHL31,0.0
KLHL32,1.7558748020428492
KLHL33,1.2787535910344778
KLHL33-2,0.0
KLHL34,0.0
KLHL35,0.0
KLHL36,0.0
KLHL38,0.0
KLHL4,0.0
KLHL40,0.0
KLHL41,0.0
KLHL42,2.6473829726383187
KLHL5,2.0492180247826597
KLHL6,0.0
KLHL6-AS1,0.0
KLHL7,1.447158035672889
KLHL7-DT,0.0
KLHL8,0.0
KLHL9,2.613841821490982
KLK1,0.0
KLK10,0.0
KLK11,0.0
KLK12,0.0
KLK13,0.0
KLK14,0.0
KLK15,0.0
KLK2,0.0
KLK3,0.0
KLK4,0.0
KLK5,0.0
KLK6,0.0
KLK7,0.0
KLK8,0.0
KLK9,0.0
KLKB1,0.0
KLKP1,0.0
KLLN,0.0
KLRA1P,0.0
KLRB1,0.0
KLRC1,0.0
KLRC2,0.0
KLRC3,0.0
KLRC4,0.0
KLRC4-KLRK1,0.0
KLRD1,0.3011844435500875
KLRF1,0.0
KLRF2,0.0
KLRG1,1.4913616240941874
KLRG2,0.0
KLRK1,0.0
KLRK1-AS1,0.0
KMO,0.0
KMT2A,0.0
KMT2B,0.3010300051005184
KMT2C,2.2600714014932173
KMT2CP1,0.0
KMT2CP4,0.0
KMT2CP5,0.0
KMT2D,0.0
KMT2E,1.4149733471888188
KMT2E-AS1,0.0
KMT5A,0.0
KMT5B,0.9542424976733964
KMT5C,0.0
KNCN,0.0
KNDC1,0.0
KNG1,0.0
KNL1,0.0
KNOP1,0.0
KNSTRN,0.0
KNTC1,0.0
KPLCE,0.0
KPNA1,2.557507204643389
KPNA2,0.0
KPNA3,0.0
KPNA4,0.30102982656119753
KPNA5,2.4241399278673916
KPNA6,1.9084850238297537
KPNA7,0.0
KPNA7-2,0.0
KPNB1,0.9542424971747332
KPNB1-DT,0.47712111698561105
KPRP,0.0
KPTN,0.30102993949303064
KRAS,0.0
KRBA1,0.0
KRBA2,0.0
KRBOX1,0.0
KRBOX1-AS1,0.0
KRBOX4,0.0
KRBOX5,0.0
KRCC1,0.0
KREMEN1,0.3096181216358848
KREMEN2,0.0
KRI1,0.0
KRIT1,0.0
KRR1,0.0
KRT1,0.0
KRT10,0.0
KRT10-AS1,0.0
KRT12,0.0
KRT13,0.0
KRT14,0.0
KRT15,0.0
KRT16,0.0
KRT16P1,0.0
KRT16P2,0.0
KRT16P3,0.0
KRT17,0.0
KRT17P1,0.0
KRT17P2,0.0
KRT17P5,0.0
KRT18,0.0
KRT18P55,0.0
KRT19,0.0
KRT19P2,0.0
KRT2,0.0
KRT20,0.0
KRT222,0.0
KRT23,0.0
KRT23-2,0.0
KRT24,0.0
KRT25,0.0
KRT26,0.0
KRT27,0.0
KRT28,0.0
KRT3,0.0
KRT31,0.0
KRT32,0.0
KRT33A,0.0
KRT33A-2,0.0
KRT33A-3,0.0
KRT33B,0.0
KRT34,0.0
KRT34-2,0.0
KRT35,0.0
KRT36,0.0
KRT37,0.0
KRT38,0.0
KRT39,0.0
KRT4,0.0
KRT40,0.0
KRT40-2,0.0
KRT42P,0.0
KRT5,0.0
KRT6A,0.0
KRT6B,0.0
KRT6C,0.0
KRT7,0.0
KRT7-AS,0.0
KRT71,0.0
KRT72,0.0
KRT73,0.0
KRT73-AS1,0.0
KRT74,0.0
KRT75,0.0
KRT76,0.0
KRT77,0.0
KRT78,0.0
KRT79,0.0
KRT8,1.1139433232056746
KRT80,0.0
KRT81,0.0
KRT82,0.0
KRT83,0.0
KRT84,0.0
KRT85,0.0
KRT86,0.0
KRT87P,0.0
KRT8P41,0.0
KRT9,0.0
KRTAP1-1,0.0
KRTAP1-3,0.0
KRTAP1-4,0.0
KRTAP1-5,0.0
KRTAP10-1,0.0
KRTAP10-10,0.0
KRTAP10-11,0.0
KRTAP10-12,0.0
KRTAP10-2,0.0
KRTAP10-3,0.0
KRTAP10-4,0.0
KRTAP10-5,0.0
KRTAP10-6,0.0
KRTAP10-7,0.0
KRTAP10-8,0.0
KRTAP10-9,0.0
KRTAP11-1,0.0
KRTAP12-1,0.0
KRTAP12-2,0.0
KRTAP12-3,0.0
KRTAP12-4,0.0
KRTAP13-1,0.0
KRTAP13-2,0.0
KRTAP13-3,0.0
KRTAP13-4,0.0
KRTAP15-1,0.0
KRTAP16-1,0.0
KRTAP17-1,0.0
KRTAP19-1,0.0
KRTAP19-2,0.0
KRTAP19-3,0.0
KRTAP19-4,0.0
KRTAP19-5,0.0
KRTAP19-6,0.0
KRTAP19-7,0.0
KRTAP19-8,0.0
KRTAP2-1,0.0
KRTAP2-2,0.0
KRTAP2-2-3,0.0
KRTAP2-3,0.0
KRTAP2-4,0.0
KRTAP20-1,0.0
KRTAP20-2,0.0
KRTAP20-3,0.0
KRTAP20-4,0.0
KRTAP21-1,0.0
KRTAP21-2,0.0
KRTAP21-3,0.0
KRTAP22-1,0.0
KRTAP22-2,0.0
KRTAP23-1,0.0
KRTAP24-1,0.0
KRTAP25-1,0.0
KRTAP26-1,0.0
KRTAP27-1,0.0
KRTAP29-1,0.0
KRTAP3-1,0.0
KRTAP3-2,0.0
KRTAP3-3,0.0
KRTAP4-1,0.0
KRTAP4-1-2,0.0
KRTAP4-11,0.0
KRTAP4-12,0.0
KRTAP4-16,0.0
KRTAP4-2,0.0
KRTAP4-3,0.0
KRTAP4-4,0.0
KRTAP4-5,0.0
KRTAP4-6,0.0
KRTAP4-7,0.0
KRTAP4-8,0.0
KRTAP4-8-3,0.0
KRTAP4-9,0.0
KRTAP5-1,0.0
KRTAP5-10,0.0
KRTAP5-11,0.0
KRTAP5-2,0.0
KRTAP5-3,0.0
KRTAP5-4,0.0
KRTAP5-4-2,0.0
KRTAP5-5,0.0
KRTAP5-5-4,0.0
KRTAP5-6,0.0
KRTAP5-7,0.0
KRTAP5-8,0.0
KRTAP5-9,0.0
KRTAP5-AS1,0.0
KRTAP6-1,0.0
KRTAP6-2,0.0
KRTAP6-3,0.0
KRTAP7-1,0.0
KRTAP8-1,0.0
KRTAP9-1,0.0
KRTAP9-2,0.0
KRTAP9-2-4,0.0
KRTAP9-3,0.0
KRTAP9-4,0.0
KRTAP9-6,0.0
KRTAP9-6-2,0.0
KRTAP9-7,0.0
KRTAP9-7-2,0.0
KRTAP9-8,0.0
KRTAP9-8-2,0.0
KRTAP9-8-3,0.0
KRTAP9-9,0.0
KRTAP9-9-2,0.0
KRTCAP2,0.0
KRTCAP3,0.0
KRTDAP,0.0
KSR1,0.0
KSR2,0.0
KTI12,0.0
KTN1,0.301029969225516
KTN1-AS1,0.0
KU-MEL-3,0.0
KXD1,0.0
KY,0.0
KYAT1,0.0
KYAT1-SPOUT1,0.0
KYAT3,0.0
KYNU,0.0
L1CAM,0.0
L1CAM-AS1,0.0
L1TD1,0.0
L2HGDH,0.0
L3HYPDH,0.0
L3MBTL1,0.0
L3MBTL2,0.0
L3MBTL2-AS1,0.0
L3MBTL3,0.0
L3MBTL4,1.819543915260447
L3MBTL4-AS1,0.0
LACAT1,0.0
LACC1,0.0
LACRT,0.0
LACTB,0.0
LACTB2,0.0
LACTB2-AS1,0.0
LACTBL1,0.0
LAD1,0.0
LAG3,0.0
LAGE3,0.0
LAIR1,0.0
LAIR1-2,0.0
LAIR1-4,0.0
LAIR1-5,0.0
LAIR2,0.0
LAIR2-2,0.0
LAIR2-3,0.0
LAIR2-4,0.0
LALBA,0.0
LAMA1,0.0
LAMA2,0.0
LAMA3,0.0
LAMA4,1.9395189350777642
LAMA4-AS1,0.0
LAMA5,0.0
LAMA5-AS1,0.0
LAMB1,0.0
LAMB2,0.0
LAMB2P1,0.0
LAMB3,0.0
LAMB4,0.0
LAMC1,0.0
LAMC1-AS1,0.0
LAMC2,0.0
LAMC3,0.0
LAMP1,0.0
LAMP2,3.2214142286471663
LAMP3,0.0
LAMP5,0.0
LAMP5-AS1,0.0
LAMTOR1,0.0
LAMTOR2,0.0
LAMTOR3,0.0
LAMTOR4,0.6020598026305715
LAMTOR5,0.0
LAMTOR5-AS1,0.0
LANCL1,0.0
LANCL1-AS1,0.0
LANCL2,0.0
LANCL3,0.0
LAP3,2.397886455496855
LAPTM4A,1.1139432795659026
LAPTM4A-DT,0.0
LAPTM4B,0.0
LAPTM5,0.0
LARGE-AS1,0.0
LARGE1,2.230107255579777
LARGE1-AS1,0.0
LARGE2,0.0
LARP1,1.4913616823591225
LARP1B,0.3010300399121982
LARP4,0.3010300671813713
LARP4B,1.1760912282301932
LARP4B-DT,0.0
LARP6,0.0
LARP7,0.0
LARRPM,0.0
LARS1,0.301030027360218
LARS2,0.30103003630799735
LARS2-AS1,0.0
LAS1L,2.037426446133038
LASP1,0.0
LASP1NB,0.0
LASTR,0.0
LAT,0.0
LAT2,0.0
LATS1,3.015778744348103
LATS2,0.0
LAX1,0.0
LAYN,0.0
LBH,1.7781512305722647
LBHD1,0.0
LBHD2,0.0
LBP,0.0
LBR,0.0
LBX1,0.0
LBX1-AS1,0.0
LBX2,0.0
LBX2-AS1,0.0
LCA5,0.47712127724698855
LCA5L,0.0
LCAL1,0.0
LCAT,0.0
LCDR,0.0
LCE1A,0.0
LCE1B,0.0
LCE1C,0.0
LCE1D,0.0
LCE1E,0.0
LCE1F,0.0
LCE2A,0.0
LCE2B,0.0
LCE2C,0.0
LCE2D,0.0
LCE3A,0.0
LCE3B,0.0
LCE3C,0.0
LCE3D,0.0
LCE3E,0.0
LCE4A,0.0
LCE5A,0.0
LCE6A,0.0
LCE7A,0.0
LCIIAR,0.0
LCK,0.0
LCLAT1,2.895974728355692
LCMT1,0.0
LCMT1-AS1,0.0
LCMT1-AS2,0.0
LCMT2,0.0
LCN1,0.0
LCN10,0.0
LCN12,0.0
LCN15,0.0
LCN2,0.0
LCN6,0.0
LCN8,0.0
LCN9,0.0
LCNL1,0.0
LCOR,2.5092025351496203
LCORL,1.4149733120760217
LCP1,0.0
LCP2,0.0
LCT,0.0
LCT-AS1,0.0
LCTL,0.0
LDAF1,0.0
LDAH,0.0
LDB1,0.0
LDB2,0.0
LDB3,0.30102990687958836
LDC1P,0.0
LDHA,0.0
LDHAL6A,0.0
LDHAL6B,0.0
LDHB,0.0
LDHC,0.0
LDHD,0.0
LDLR,0.0
LDLR-AS1,0.0
LDLRAD1,0.0
LDLRAD2,0.0
LDLRAD3,0.8450980353579176
LDLRAD4,0.6020599935412617
LDLRAD4-AS1,0.0
LDLRAP1,0.0
LDOC1,0.0
LEAP2,0.0
LECT2,0.0
LEF1,0.0
LEF1-AS1,0.0
LEFTY1,0.0
LEFTY2,0.0
LEISA1,0.0
LEKR1,0.0
LELP1,0.0
LEMD1,0.0
LEMD1-AS1,0.0
LEMD1-DT,0.0
LEMD2,1.8061799427990206
LEMD3,3.062957829504702
LENEP,0.0
LENG1,0.0
LENG8,0.4393326559753268
LENG8-2,0.4393326559753268
LENG8-3,0.4393326559753268
LENG8-4,0.4393326559753268
LENG8-AS1,0.0
LENG9,0.0
LENG9-3,0.0
LENG9-4,0.0
LEO1,0.0
LEP,0.0
LEPR,0.0
LEPROT,2.8881785984216126
LEPROTL1,1.770851994963149
LERFS,0.0
LETM1,0.0
LETM2,0.0
LETMD1,0.0
LETR1,0.0
LEUTX,0.0
LFNG,0.0
LGALS1,0.0
LGALS12,0.0
LGALS13,0.0
LGALS14,0.0
LGALS16,0.0
LGALS17A,0.0
LGALS2,0.0
LGALS3,0.0
LGALS3BP,0.6989699857890913
LGALS4,0.0
LGALS4-2,0.0
LGALS7,0.0
LGALS7B,0.0
LGALS8,0.0
LGALS8-AS1,0.0
LGALS9,0.0
LGALS9B,0.0
LGALS9C,0.0
LGALS9C-2,0.0
LGALSL,0.0
LGALSL-DT,0.0
LGI1,0.0
LGI2,0.0
LGI3,0.0
LGI4,0.0
LGMN,0.0
LGR4,0.0
LGR4-AS1,0.0
LGR5,0.0
LGR6,0.0
LGSN,0.3010299233811383
LHB,0.0
LHCGR,0.0
LHFPL1,0.0
LHFPL2,0.0
LHFPL3,0.6989699728340035
LHFPL3-AS1,0.0
LHFPL3-AS2,0.0
LHFPL4,0.0
LHFPL5,0.0
LHFPL6,2.9894497740378525
LHFPL7,0.0
LHPP,0.0
LHX1,0.0
LHX1-2,0.0
LHX1-DT,0.0
LHX2,0.0
LHX2-AS1,0.3010299404136662
LHX3,0.0
LHX4,0.0
LHX4-AS1,0.0
LHX5,0.0
LHX5-AS1,0.0
LHX6,0.47712120042398487
LHX8,0.0
LHX8-AS1,0.0
LHX9,0.0
LIAS,0.0
LIAT1,0.0
LIF,0.0
LIF-AS1,0.0
LIF-AS2,0.0
LIFR,0.778151313756196
LIFR-AS1,0.0
LIG1,0.0
LIG3,1.2067404520662837
LIG4,0.0
LILRA1,0.0
LILRA2,0.0
LILRA2-2,0.0
LILRA2-3,0.0
LILRA2-4,0.0
LILRA3,0.0
LILRA4,0.0
LILRA5,0.30102995952735234
LILRA6,0.0
LILRA6-2,0.0
LILRA6-5,0.0
LILRB1,0.0
LILRB1-2,0.0
LILRB1-3,0.0
LILRB1-4,0.0
LILRB2,0.0
LILRB3,0.0
LILRB4,0.0
LILRB4-2,0.0
LILRB4-3,0.0
LILRB4-4,0.0
LILRB4-5,0.0
LILRB5,0.0
LILRB5-4,0.0
LILRP2,0.0
LIM2,0.0
LIM2-AS1,0.0
LIMA1,1.7160033279247964
LIMASI,0.0
LIMCH1,0.0
LIMD1,0.0
LIMD1-AS1,0.0
LIMD2,0.0
LIME1,0.0
LIMK1,0.0
LIMK2,0.0
LIMS1,0.0
LIMS1-AS1,0.0
LIMS2,0.0
LIMS3,0.0
LIMS3-LOC440895,0.0
LIMS4,1.230448973768821
LIN28A,0.0
LIN28B,0.0
LIN28B-AS1,0.0
LIN37,0.0
LIN52,0.0
LIN54,0.8691966999987686
LIN7A,0.0
LIN7B,0.0
LIN7C,2.204119977712462
LIN9,0.0
LINC-PINT,0.0
LINC-ROR,0.0
LINC00028,0.0
LINC00029,0.0
LINC00051,0.0
LINC00052,0.0
LINC00092,0.30102996431076595
LINC00102,0.301029974493825
LINC00106,0.0
LINC00111,0.0
LINC00112,0.0
LINC00113,0.0
LINC00114,0.0
LINC00115,0.0
LINC00158,0.0
LINC00159,0.0
LINC00160,0.0
LINC00161,0.0
LINC00163,0.3010299546335953
LINC00165,0.0
LINC00173,0.0
LINC00174,0.0
LINC00184,0.0
LINC00189,0.0
LINC00200,0.0
LINC00205,0.0
LINC00207,0.0
LINC00208,0.0
LINC00210,0.0
LINC00216,0.0
LINC00221,0.0
LINC00222,0.0
LINC00226,0.0
LINC00229,0.0
LINC00235,0.0
LINC00237,1.8061798753272478
LINC00239,0.0
LINC00240,0.0
LINC00242,0.0
LINC00243,0.0
LINC00243-6,0.0
LINC00244,0.0
LINC00251,0.0
LINC00254,0.0
LINC00260,0.0
LINC00261,0.0
LINC00265,0.0
LINC00269,0.0
LINC00272,0.0
LINC00273,0.0
LINC00276,0.0
LINC00278,0.0
LINC00279,0.0
LINC00280,0.0
LINC00290,0.0
LINC00293,0.0
LINC00294,0.0
LINC00297,0.0
LINC00298,0.0
LINC00299,0.0
LINC00301,0.0
LINC00302,0.0
LINC00303,0.0
LINC00304,0.0
LINC00305,0.0
LINC00307,0.0
LINC00308,0.0
LINC00309,0.0
LINC00310,0.0
LINC00311,0.301029980318714
LINC00312,0.0
LINC00313,0.0
LINC00314,0.0
LINC00316,0.0
LINC00317,0.0
LINC00319,0.0
LINC00320,0.0
LINC00322,0.0
LINC00323,0.0
LINC00324,0.0
LINC00326,0.0
LINC00327,0.0
LINC00330,0.3010299927157186
LINC00331,0.0
LINC00332,0.0
LINC00333,0.0
LINC00334,1.9822714266650734
LINC00336,0.30103001449222966
LINC00339,0.4771211930697091
LINC00342,2.1962747683198676
LINC00343,0.0
LINC00345,1.5685634186361925
LINC00347,0.0
LINC00348,0.0
LINC00349,0.0
LINC00351,0.0
LINC00353,0.0
LINC00354,0.0
LINC00355,0.0
LINC00358,0.0
LINC00359,0.0
LINC00362,0.0
LINC00363,0.0
LINC00364,0.0
LINC00365,0.0
LINC00366,0.0
LINC00367,0.0
LINC00368,0.0
LINC00370,0.0
LINC00373,0.0
LINC00374,0.0
LINC00375,0.0
LINC00376,0.0
LINC00377,0.0
LINC00378,0.0
LINC00379,0.0
LINC00380,0.0
LINC00381,0.0
LINC00382,0.0
LINC00383,0.0
LINC00384,0.0
LINC00385,0.0
LINC00390,0.0
LINC00391,0.0
LINC00392,0.0
LINC00393,0.0
LINC00395,0.0
LINC00396,0.0
LINC00397,0.0
LINC00398,0.0
LINC00399,0.0
LINC00400,0.0
LINC00402,0.0
LINC00404,0.0
LINC00407,0.0
LINC00408,0.0
LINC00410,0.0
LINC00411,0.0
LINC00412,0.0
LINC00415,0.0
LINC00417,0.0
LINC00421,0.0
LINC00423,0.0
LINC00424,0.0
LINC00426,0.0
LINC00427,0.0
LINC00428,0.0
LINC00430,0.0
LINC00431,0.0
LINC00433,0.0
LINC00434,0.0
LINC00437,0.0
LINC00440,0.0
LINC00442,0.0
LINC00443,0.0
LINC00445,0.0
LINC00446,0.0
LINC00448,0.0
LINC00449,0.0
LINC00452,0.0
LINC00454,0.0
LINC00456,0.0
LINC00457,0.0
LINC00458,0.0
LINC00459,0.0
LINC00460,0.0
LINC00462,0.0
LINC00463,0.0
LINC00466,0.0
LINC00467,2.0334239185606124
LINC00469,0.0
LINC00470,0.0
LINC00471,0.0
LINC00472,0.0
LINC00473,0.0
LINC00474,0.0
LINC00475,0.0
LINC00477,0.0
LINC00479,0.0
LINC00482,0.0
LINC00484,1.0413927376272927
LINC00485,0.0
LINC00486,0.8450979948729204
LINC00487,0.0
LINC00488,0.0
LINC00489,0.0
LINC00491,0.0
LINC00492,0.0
LINC00494,0.0
LINC00499,0.0
LINC00501,0.0
LINC00502,0.0
LINC00504,0.37229511817214433
LINC00506,0.3010299643664069
LINC00507,0.0
LINC00508,0.3010299443043503
LINC00511,0.0
LINC00513,1.7242759299268335
LINC00515,0.0
LINC00517,0.0
LINC00518,0.0
LINC00519,0.0
LINC00520,0.0
LINC00523,0.0
LINC00524,0.0
LINC00525,0.0
LINC00526,0.0
LINC00528,0.0
LINC00529,0.0
LINC00533,0.0
LINC00534,0.0
LINC00536,0.0
LINC00537,0.0
LINC00538,0.0
LINC00539,0.0
LINC00540,0.0
LINC00543,0.0
LINC00544,0.0
LINC00545,0.0
LINC00547,0.0
LINC00548,0.0
LINC00550,0.0
LINC00552,0.0
LINC00554,0.0
LINC00557,0.0
LINC00558,0.0
LINC00559,0.0
LINC00560,0.0
LINC00561,0.0
LINC00562,0.30103001389357853
LINC00563,0.0
LINC00564,0.0
LINC00566,0.0
LINC00567,0.0
LINC00570,0.0
LINC00571,0.0
LINC00572,0.0
LINC00574,0.0
LINC00575,0.0
LINC00578,0.0
LINC00581,0.0
LINC00582,0.0
LINC00583,0.0
LINC00587,0.0
LINC00588,0.0
LINC00589,0.0
LINC00592,0.0
LINC00593,0.0
LINC00595,0.0
LINC00596,0.0
LINC00596-2,0.0
LINC00597,0.0
LINC00598,0.0
LINC00601,0.0
LINC00602,0.0
LINC00603,0.0
LINC00604,0.3010299188427748
LINC00605,0.0
LINC00606,0.0
LINC00607,0.0
LINC00608,0.0
LINC00609,0.0
LINC00612,0.0
LINC00613,0.0
LINC00615,0.0
LINC00616,0.0
LINC00618,0.0
LINC00619,0.0
LINC00620,0.0
LINC00621,0.0
LINC00622,1.6627577722831306
LINC00623,0.0
LINC00624,0.0
LINC00626,0.0
LINC00628,0.0
LINC00629,0.0
LINC00630,0.0
LINC00632,0.0
LINC00635,0.0
LINC00636,0.0
LINC00639,0.0
LINC00640,0.0
LINC00641,0.0
LINC00642,0.0
LINC00644,0.0
LINC00645,0.0
LINC00648,0.0
LINC00649,0.0
LINC00652,0.0
LINC00654,0.0
LINC00656,0.0
LINC00658,0.0
LINC00659,0.0
LINC00661,0.0
LINC00662,0.0
LINC00663,0.0
LINC00664,0.0
LINC00665,0.0
LINC00667,1.8388490797655905
LINC00668,0.0
LINC00670,0.0
LINC00671,0.3010299651704695
LINC00673,0.0
LINC00674,0.3010300808334507
LINC00676,0.0
LINC00677,0.0
LINC00678,0.0
LINC00680,0.0
LINC00680-GUSBP4,0.0
LINC00681,0.0
LINC00682,0.0
LINC00683,0.0
LINC00685,0.0
LINC00687,0.0
LINC00689,0.0
LINC00690,0.0
LINC00691,0.0
LINC00692,0.0
LINC00693,0.0
LINC00696,0.0
LINC00698,0.0
LINC00700,0.0
LINC00701,0.0
LINC00702,0.0
LINC00703,0.0
LINC00705,0.0
LINC00706,0.0
LINC00707,0.0
LINC00708,0.0
LINC00709,0.0
LINC00710,0.0
LINC00824,0.30102994136818156
LINC00836,0.0
LINC00837,0.0
LINC00838,0.0
LINC00839,0.9030899538000354
LINC00840,0.0
LINC00841,0.0
LINC00842,1.2552724887379485
LINC00844,0.0
LINC00845,0.0
LINC00847,0.0
LINC00850,0.0
LINC00851,0.0
LINC00852,0.0
LINC00853,0.0
LINC00856,0.0
LINC00857,0.0
LINC00858,0.0
LINC00861,0.0
LINC00862,0.0
LINC00863,0.0
LINC00865,0.0
LINC00867,0.0
LINC00868,0.0
LINC00869,0.0
LINC00870,0.0
LINC00871,0.0
LINC00877,0.0
LINC00879,0.0
LINC00880,0.0
LINC00881,0.0
LINC00882,1.1461278608610743
LINC00885,0.0
LINC00886,0.0
LINC00887,0.0
LINC00891,0.0
LINC00892,0.0
LINC00895,0.0
LINC00896,0.0
LINC00898,0.0
LINC00899,0.0
LINC00900,0.0
LINC00901,0.0
LINC00903,0.0
LINC00904,0.0
LINC00905,0.0
LINC00906,0.0
LINC00907,0.0
LINC00908,0.0
LINC00910,0.0
LINC00911,0.0
LINC00917,0.0
LINC00919,0.0
LINC00920,0.0
LINC00921,0.0
LINC00922,0.0
LINC00923,0.0
LINC00924,0.0
LINC00926,0.0
LINC00927,0.0
LINC00928,0.0
LINC00929,0.0
LINC00930,0.0
LINC00933,0.0
LINC00934,0.0
LINC00937,0.0
LINC00938,0.0
LINC00939,0.0
LINC00940,0.0
LINC00941,0.0
LINC00942,0.0
LINC00943,0.0
LINC00944,0.0
LINC00945,0.0
LINC00951,0.0
LINC00954,0.0
LINC00955,0.0
LINC00957,0.0
LINC00958,0.0
LINC00960,0.0
LINC00963,0.0
LINC00964,0.0
LINC00965,0.0
LINC00967,0.0
LINC00968,0.0
LINC00970,0.0
LINC00971,0.301029879603578
LINC00972,0.0
LINC00973,0.0
LINC00974,0.0
LINC00976,0.0
LINC00977,0.0
LINC00987,0.0
LINC00989,0.0
LINC00992,0.0
LINC00993,0.0
LINC00994,0.0
LINC00996,0.0
LINC00997,0.0
LINC00999,0.0
LINC01000,0.6020600172357631
LINC01001,0.0
LINC01002,0.0
LINC01003,0.0
LINC01004,0.0
LINC01005,0.0
LINC01007,0.0
LINC01010,0.0
LINC01011,0.0
LINC01012,0.0
LINC01013,0.0
LINC01014,0.0
LINC01015,0.0
LINC01016,0.0
LINC01017,0.0
LINC01018,0.0
LINC01019,0.0
LINC01020,0.0
LINC01022,0.0
LINC01023,0.0
LINC01028,0.0
LINC01029,0.0
LINC01030,0.0
LINC01031,0.0
LINC01033,0.0
LINC01035,0.0
LINC01036,0.0
LINC01037,0.0
LINC01038,0.0
LINC01039,0.0
LINC01040,0.0
LINC01043,0.0
LINC01044,0.0
LINC01046,0.0
LINC01047,0.0
LINC01048,0.0
LINC01049,0.0
LINC01050,0.0
LINC01052,0.0
LINC01053,0.0
LINC01054,0.0
LINC01055,0.0
LINC01056,0.0
LINC01058,0.0
LINC01060,0.0
LINC01061,0.0
LINC01063,0.0
LINC01065,0.0
LINC01066,0.0
LINC01068,0.0
LINC01069,0.0
LINC01070,0.0
LINC01072,0.0
LINC01074,0.0
LINC01075,0.0
LINC01077,0.0
LINC01078,0.0
LINC01080,0.0
LINC01081,0.0
LINC01082,0.0
LINC01085,0.0
LINC01087,0.0
LINC01088,0.0
LINC01089,1.9294188603834646
LINC01090,0.0
LINC01091,0.0
LINC01093,0.0
LINC01094,0.0
LINC01095,0.0
LINC01096,0.0
LINC01097,0.0
LINC01098,0.0
LINC01099,0.0
LINC01100,0.0
LINC01101,0.0
LINC01102,1.3424226178963958
LINC01103,0.0
LINC01104,0.0
LINC01106,0.0
LINC01107,0.0
LINC01108,0.0
LINC01109,0.0
LINC01111,0.0
LINC01114,0.0
LINC01115,0.0
LINC01116,0.0
LINC01117,0.0
LINC01118,0.0
LINC01119,0.0
LINC01120,0.0
LINC01121,0.0
LINC01122,0.0
LINC01123,0.0
LINC01124,0.0
LINC01126,0.0
LINC01127,0.0
LINC01128,0.0
LINC01132,0.0
LINC01133,0.0
LINC01134,0.0
LINC01138,0.0
LINC01139,0.0
LINC01140,0.0
LINC01141,0.0
LINC01142,0.0
LINC01143,0.0
LINC01144,0.0
LINC01145,0.0
LINC01147,0.0
LINC01148,0.0
LINC01149,0.0
LINC01150,0.0
LINC01151,0.0
LINC01152,0.0
LINC01153,0.0
LINC01159,0.0
LINC01160,0.0
LINC01162,0.0
LINC01163,0.0
LINC01164,0.0
LINC01166,0.0
LINC01167,0.0
LINC01168,0.0
LINC01169,0.0
LINC01170,0.0
LINC01173,0.0
LINC01176,0.0
LINC01177,0.0
LINC01179,0.3010299509286087
LINC01180,0.0
LINC01181,0.0
LINC01182,0.0
LINC01186,0.0
LINC01187,0.0
LINC01189,0.0
LINC01191,0.0
LINC01192,0.0
LINC01193,0.0
LINC01194,0.0
LINC01195,0.0
LINC01198,0.0
LINC01201,0.0
LINC01202,0.0
LINC01203,0.0
LINC01204,0.0
LINC01205,0.0
LINC01206,0.0
LINC01208,0.0
LINC01209,0.0
LINC01210,0.0
LINC01213,0.0
LINC01214,0.0
LINC01215,0.0
LINC01216,0.0
LINC01217,0.0
LINC01218,0.0
LINC01219,0.0
LINC01220,0.0
LINC01221,0.0
LINC01222,0.0
LINC01224,0.0
LINC01226,0.0
LINC01227,0.0
LINC01228,0.0
LINC01229,0.0
LINC01230,0.0
LINC01231,0.0
LINC01232,0.0
LINC01233,0.0
LINC01234,1.3617277968297914
LINC01235,0.0
LINC01237,0.0
LINC01238,0.0
LINC01239,0.0
LINC01241,0.0
LINC01242,0.0
LINC01243,0.0
LINC01246,0.0
LINC01247,0.0
LINC01248,0.0
LINC01249,0.0
LINC01250,0.0
LINC01252,0.0
LINC01254,0.0
LINC01255,0.0
LINC01256,0.0
LINC01257,0.0
LINC01258,0.0
LINC01259,0.0
LINC01260,0.0
LINC01262,0.0
LINC01264,0.0
LINC01265,0.0
LINC01266,0.0
LINC01267,0.0
LINC01269,0.0
LINC01270,0.0
LINC01271,0.0
LINC01273,0.0
LINC01275,0.0
LINC01276,0.0
LINC01277,0.0
LINC01278,0.0
LINC01280,0.0
LINC01281,0.0
LINC01282,0.0
LINC01283,0.0
LINC01284,0.0
LINC01285,0.0
LINC01287,0.0
LINC01288,0.0
LINC01289,0.0
LINC01290,0.0
LINC01291,0.0
LINC01297,0.0
LINC01297-DUXAP10-NBEAP6,0.9009145612401981
LINC01298,0.0
LINC01299,0.3010299529519079
LINC01300,0.0
LINC01301,0.0
LINC01303,0.0
LINC01304,0.0
LINC01305,0.0
LINC01307,0.0
LINC01309,0.0
LINC01310,0.0
LINC01311,0.0
LINC01312,0.0
LINC01315,0.0
LINC01317,0.0
LINC01318,0.0
LINC01320,0.0
LINC01322,0.0
LINC01323,0.0
LINC01324,0.0
LINC01327,0.0
LINC01331,0.0
LINC01333,0.0
LINC01335,0.0
LINC01337,0.0
LINC01338,0.0
LINC01339,0.0
LINC01340,0.0
LINC01341,0.0
LINC01342,0.0
LINC01343,0.0
LINC01344,0.0
LINC01345,0.0
LINC01346,0.0
LINC01347,0.0
LINC01348,0.0
LINC01349,0.0
LINC01350,0.0
LINC01352,0.0
LINC01353,0.0
LINC01354,0.0
LINC01355,0.0
LINC01356,0.0
LINC01357,0.0
LINC01358,0.0
LINC01359,0.0
LINC01360,0.0
LINC01361,0.0
LINC01362,0.0
LINC01363,0.0
LINC01364,0.0
LINC01365,0.0
LINC01366,0.0
LINC01370,0.0
LINC01372,0.0
LINC01374,0.0
LINC01375,0.0
LINC01376,0.0
LINC01377,0.0
LINC01378,0.0
LINC01381,0.0
LINC01386,0.0
LINC01387,0.0
LINC01388,0.0
LINC01389,0.0
LINC01391,0.0
LINC01392,0.0
LINC01393,0.0
LINC01394,0.0
LINC01395,0.0
LINC01396,0.0
LINC01397,0.0
LINC01398,0.0
LINC01399,0.0
LINC01402,0.0
LINC01404,0.0
LINC01405,0.0
LINC01409,0.0
LINC01410,0.0
LINC01411,0.9999999006121525
LINC01412,0.0
LINC01413,0.0
LINC01414,0.0
LINC01415,0.0
LINC01416,0.0
LINC01418,0.0
LINC01419,0.0
LINC01422,0.0
LINC01423,0.0
LINC01424,0.0
LINC01425,0.0
LINC01426,0.0
LINC01427,0.0
LINC01428,0.0
LINC01429,0.0
LINC01430,0.0
LINC01431,0.0
LINC01432,0.0
LINC01433,0.0
LINC01435,0.0
LINC01436,0.0
LINC01440,0.0
LINC01441,0.0
LINC01442,0.0
LINC01443,0.0
LINC01444,0.3010300834846725
LINC01445,0.0
LINC01446,0.0
LINC01447,0.0
LINC01448,0.0
LINC01449,0.0
LINC01450,0.0
LINC01451,0.0
LINC01455,0.0
LINC01456,0.0
LINC01460,0.0
LINC01461,0.0
LINC01465,0.0
LINC01467,0.0
LINC01470,0.0
LINC01471,0.0
LINC01473,0.0
LINC01474,0.0
LINC01475,0.0
LINC01476,0.0
LINC01477,0.0
LINC01478,0.0
LINC01479,0.0
LINC01480,0.0
LINC01482,0.0
LINC01483,0.0
LINC01484,0.0
LINC01485,0.0
LINC01486,0.0
LINC01487,0.0
LINC01488,0.0
LINC01489,0.0
LINC01490,0.0
LINC01491,0.0
LINC01492,0.0
LINC01493,0.0
LINC01494,0.0
LINC01495,0.0
LINC01496,0.0
LINC01497,0.0
LINC01498,0.0
LINC01499,0.0
LINC01500,0.0
LINC01501,0.0
LINC01502,0.0
LINC01503,0.0
LINC01504,0.0
LINC01505,0.0
LINC01506,0.0
LINC01507,0.0
LINC01508,0.0
LINC01509,0.0
LINC01511,0.0
LINC01512,0.0
LINC01514,0.0
LINC01515,0.0
LINC01516,0.0
LINC01517,0.0
LINC01518,0.0
LINC01519,0.0
LINC01520,0.0
LINC01521,2.36897071100785
LINC01522,0.0
LINC01523,0.0
LINC01524,0.0
LINC01525,0.0
LINC01526,0.0
LINC01527,0.0
LINC01530,0.0
LINC01531,0.0
LINC01532,0.0
LINC01533,0.0
LINC01535,0.0
LINC01537,0.0
LINC01538,0.0
LINC01539,0.0
LINC01541,0.0
LINC01543,0.0
LINC01544,0.0
LINC01545,0.0
LINC01546,0.0
LINC01547,0.0
LINC01548,0.0
LINC01549,0.0
LINC01550,0.8450980201015491
LINC01551,0.0
LINC01553,0.0
LINC01554,0.0
LINC01555,0.0
LINC01556,0.0
LINC01558,0.47712119726485397
LINC01559,0.0
LINC01560,0.0
LINC01561,0.0
LINC01562,0.0
LINC01563,0.9542426044343947
LINC01564,0.0
LINC01565,0.0
LINC01566,0.0
LINC01567,0.0
LINC01569,0.0
LINC01570,0.0
LINC01571,0.0
LINC01572,0.0
LINC01574,0.0
LINC01579,0.0
LINC01580,0.0
LINC01581,0.0
LINC01582,0.0
LINC01583,0.0
LINC01584,0.0
LINC01585,0.0
LINC01586,0.0
LINC01587,0.0
LINC01588,0.0
LINC01589,0.0
LINC01590,0.0
LINC01591,0.0
LINC01592,0.0
LINC01593,0.0
LINC01594,0.0
LINC01595,0.0
LINC01596,0.0
LINC01597,0.0
LINC01599,0.0
LINC01600,0.0
LINC01601,0.0
LINC01602,0.0
LINC01603,0.0
LINC01605,0.0
LINC01606,0.0
LINC01607,0.0
LINC01608,0.0
LINC01609,0.0
LINC01610,0.0
LINC01611,0.0
LINC01612,0.0
LINC01613,0.0
LINC01614,0.0
LINC01615,0.0
LINC01616,0.0
LINC01617,0.0
LINC01618,0.0
LINC01619,0.0
LINC01620,0.0
LINC01621,0.0
LINC01622,0.0
LINC01623,0.0
LINC01624,0.0
LINC01625,0.0
LINC01626,0.0
LINC01627,0.0
LINC01628,0.0
LINC01629,0.0
LINC01630,0.0
LINC01632,0.0
LINC01632-2,0.0
LINC01633,0.0
LINC01634,0.0
LINC01635,0.0
LINC01637,0.0
LINC01638,0.0
LINC01639,0.0
LINC01640,0.0
LINC01641,0.0
LINC01643,0.0
LINC01644,0.0
LINC01645,0.0
LINC01646,0.0
LINC01647,0.0
LINC01648,0.0
LINC01649,0.0
LINC01650,0.0
LINC01651,0.0
LINC01653,0.0
LINC01654,0.0
LINC01655,0.0
LINC01656,0.0
LINC01657,0.0
LINC01659,0.3010298828263153
LINC01661,0.0
LINC01664,0.0
LINC01665,0.0
LINC01666,0.0
LINC01667,0.0
LINC01668,0.0
LINC01670,0.0
LINC01671,0.0
LINC01672,0.0
LINC01673,0.0
LINC01674,0.0
LINC01675,0.0
LINC01676,0.0
LINC01677,0.0
LINC01678,0.0
LINC01679,0.0
LINC01680,0.0
LINC01681,0.0
LINC01682,0.0
LINC01683,0.0
LINC01684,0.7550313171364977
LINC01685,0.0
LINC01686,0.0
LINC01687,0.0
LINC01688,0.0
LINC01689,0.0
LINC01690,0.0
LINC01692,0.0
LINC01694,0.0
LINC01695,0.0
LINC01696,0.0
LINC01697,0.0
LINC01698,0.0
LINC01699,0.0
LINC01700,0.0
LINC01701,0.0
LINC01702,0.0
LINC01703,0.0
LINC01704,0.0
LINC01705,0.0
LINC01706,0.0
LINC01707,0.0
LINC01708,0.0
LINC01709,0.0
LINC01710,0.0
LINC01711,0.0
LINC01712,0.0
LINC01713,0.0
LINC01714,0.0
LINC01716,0.0
LINC01717,0.0
LINC01718,0.0
LINC01719,0.0
LINC01720,0.0
LINC01721,0.0
LINC01722,0.0
LINC01723,0.0
LINC01724,0.0
LINC01725,0.0
LINC01726,0.0
LINC01727,0.0
LINC01728,0.0
LINC01729,0.0
LINC01730,0.0
LINC01731,0.0
LINC01732,0.0
LINC01733,0.0
LINC01734,0.0
LINC01735,0.0
LINC01736,0.0
LINC01737,0.0
LINC01738,0.0
LINC01739,0.0
LINC01740,0.0
LINC01741,0.0
LINC01742,0.0
LINC01743,0.0
LINC01744,0.0
LINC01745,0.0
LINC01746,0.0
LINC01747,0.0
LINC01748,0.0
LINC01749,0.0
LINC01750,0.0
LINC01751,0.0
LINC01752,0.0
LINC01753,0.3010299181573757
LINC01754,0.0
LINC01755,0.0
LINC01756,0.0
LINC01757,0.0
LINC01758,0.0
LINC01760,0.0
LINC01761,0.30102996048912123
LINC01762,0.0
LINC01763,0.0
LINC01765,0.0
LINC01766,0.0
LINC01767,0.0
LINC01768,0.0
LINC01770,0.0
LINC01772,0.0
LINC01773,0.0
LINC01774,0.0
LINC01775,0.0
LINC01776,0.0
LINC01777,0.0
LINC01778,0.0
LINC01779,0.0
LINC01780,0.0
LINC01781,0.0
LINC01782,0.0
LINC01783,0.0
LINC01784,0.0
LINC01785,0.0
LINC01786,0.7781512373455
LINC01787,0.0
LINC01788,0.0
LINC01789,0.0
LINC01790,0.0
LINC01791,0.0
LINC01792,0.0
LINC01793,0.0
LINC01794,0.0
LINC01795,0.0
LINC01796,0.0
LINC01797,0.0
LINC01798,0.0
LINC01799,0.0
LINC01800,0.0
LINC01801,0.0
LINC01802,0.0
LINC01803,0.0
LINC01804,0.0
LINC01805,0.0
LINC01806,0.0
LINC01807,0.0
LINC01808,0.3010300105576824
LINC01809,0.0
LINC01810,0.0
LINC01811,0.0
LINC01812,0.0
LINC01813,0.0
LINC01814,0.0
LINC01815,0.0
LINC01816,0.0
LINC01817,0.0
LINC01818,0.0
LINC01819,0.0
LINC01820,0.0
LINC01821,0.0
LINC01822,0.0
LINC01823,0.0
LINC01824,0.0
LINC01825,0.0
LINC01826,0.0
LINC01827,0.0
LINC01828,0.0
LINC01829,0.0
LINC01830,0.0
LINC01831,0.0
LINC01832,0.0
LINC01833,0.0
LINC01834,0.0
LINC01836,0.0
LINC01837,0.0
LINC01838,0.0
LINC01839,0.0
LINC01839-2,0.0
LINC01840,0.747892585542572
LINC01841,0.0
LINC01842,0.0
LINC01843,0.0
LINC01844,0.0
LINC01845,0.0
LINC01846,0.0
LINC01847,0.0
LINC01848,0.0
LINC01849,0.0
LINC01851,0.0
LINC01852,0.0
LINC01853,0.0
LINC01854,0.0
LINC01855,0.0
LINC01856,0.0
LINC01857,0.0
LINC01858,0.0
LINC01859,0.0
LINC01861,0.0
LINC01863,0.0
LINC01864,0.0
LINC01865,0.0
LINC01866,0.0
LINC01867,0.0
LINC01868,0.0
LINC01870,0.30102998241190526
LINC01871,0.0
LINC01872,0.0
LINC01873,1.9216647788610153
LINC01874,0.0
LINC01875,0.0
LINC01876,0.0
LINC01877,0.0
LINC01878,0.0
LINC01879,0.0
LINC01880,0.0
LINC01881,0.0
LINC01882,0.0
LINC01883,0.0
LINC01884,0.0
LINC01885,0.0
LINC01886,0.0
LINC01887,0.0
LINC01888,0.0
LINC01889,0.0
LINC01890,0.0
LINC01891,0.0
LINC01892,0.0
LINC01893,0.0
LINC01894,0.0
LINC01895,0.0
LINC01896,0.0
LINC01897,0.0
LINC01898,0.0
LINC01899,0.0
LINC01900,0.0
LINC01901,0.0
LINC01902,0.0
LINC01903,0.0
LINC01904,0.0
LINC01905,0.0
LINC01906,0.0
LINC01907,0.0
LINC01908,0.0
LINC01909,0.0
LINC01910,0.0
LINC01911,0.0
LINC01912,0.0
LINC01913,0.0
LINC01914,0.0
LINC01915,0.0
LINC01916,0.0
LINC01917,0.0
LINC01918,0.0
LINC01919,0.0
LINC01920,0.0
LINC01922,0.0
LINC01923,0.0
LINC01924,0.0
LINC01925,0.0
LINC01926,0.0
LINC01927,0.0
LINC01928,0.0
LINC01929,0.0
LINC01930,0.0
LINC01931,0.0
LINC01932,0.0
LINC01933,0.0
LINC01934,0.0
LINC01935,0.0
LINC01936,0.0
LINC01937,0.0
LINC01938,0.0
LINC01939,0.0
LINC01940,0.0
LINC01941,0.0
LINC01942,0.0
LINC01943,0.0
LINC01944,0.0
LINC01945,0.0
LINC01946,0.0
LINC01947,0.0
LINC01948,0.0
LINC01949,0.0
LINC01950,0.0
LINC01951,0.0
LINC01953,0.0
LINC01954,0.0
LINC01955,0.0
LINC01956,0.0
LINC01957,0.0
LINC01958,0.0
LINC01960,0.0
LINC01961,0.0
LINC01962,0.0
LINC01963,0.0
LINC01964,0.0
LINC01965,0.0
LINC01966,0.0
LINC01967,0.0
LINC01968,0.0
LINC01970,0.0
LINC01971,0.0
LINC01972,0.0
LINC01973,0.0
LINC01974,0.0
LINC01975,0.0
LINC01976,0.0
LINC01977,0.0
LINC01978,0.0
LINC01979,0.0
LINC01980,0.0
LINC01981,0.0
LINC01982,0.0
LINC01983,0.0
LINC01985,0.0
LINC01986,0.0
LINC01987,0.0
LINC01988,0.0
LINC01989,0.0
LINC01990,0.0
LINC01991,0.0
LINC01992,0.0
LINC01993,0.0
LINC01994,0.0
LINC01995,0.0
LINC01996,0.0
LINC01997,0.49790160691130464
LINC01998,0.0
LINC01999,0.0
LINC02000,0.0
LINC02002,0.0
LINC02003,0.0
LINC02004,0.0
LINC02005,0.0
LINC02006,0.0
LINC02008,0.0
LINC02009,0.0
LINC02010,0.0
LINC02011,0.0
LINC02012,0.0
LINC02013,0.0
LINC02014,0.0
LINC02015,0.0
LINC02016,0.0
LINC02017,0.0
LINC02018,0.0
LINC02019,0.0
LINC02020,0.0
LINC02021,0.0
LINC02022,0.0
LINC02023,0.0
LINC02024,0.4771211670989294
LINC02025,0.0
LINC02026,0.0
LINC02027,0.0
LINC02028,0.0
LINC02029,0.0
LINC02030,0.0
LINC02031,0.0
LINC02032,0.0
LINC02033,0.0
LINC02034,0.0
LINC02035,0.0
LINC02036,0.0
LINC02037,0.0
LINC02038,0.0
LINC02039,0.0
LINC02040,0.0
LINC02041,0.0
LINC02042,0.0
LINC02043,0.0
LINC02044,0.0
LINC02045,0.0
LINC02046,0.0
LINC02047,0.0
LINC02048,0.0
LINC02049,0.0
LINC02050,0.0
LINC02051,0.0
LINC02052,0.0
LINC02053,0.0
LINC02054,0.0
LINC02055,0.0
LINC02057,0.0
LINC02058,0.0
LINC02059,0.0
LINC02060,0.0
LINC02061,0.0
LINC02063,0.0
LINC02064,0.0
LINC02065,0.0
LINC02066,0.0
LINC02067,0.0
LINC02068,0.0
LINC02069,0.0
LINC02070,0.0
LINC02071,0.0
LINC02072,0.0
LINC02073,0.0
LINC02074,0.0
LINC02075,0.0
LINC02076,0.0
LINC02077,0.0
LINC02078,0.0
LINC02079,0.0
LINC02080,0.0
LINC02082,0.0
LINC02083,0.0
LINC02084,0.0
LINC02086,0.0
LINC02087,0.0
LINC02088,0.0
LINC02089,0.0
LINC02090,0.0
LINC02091,0.0
LINC02092,0.0
LINC02093,0.0
LINC02094,2.396199247681701
LINC02096,0.0
LINC02097,0.0
LINC02098,0.0
LINC02099,0.0
LINC02100,0.3010299683455871
LINC02101,0.0
LINC02102,0.0
LINC02103,0.0
LINC02104,0.0
LINC02105,0.0
LINC02106,0.0
LINC02107,0.0
LINC02108,0.0
LINC02109,0.0
LINC02110,0.0
LINC02111,0.0
LINC02112,0.0
LINC02113,0.0
LINC02114,0.0
LINC02115,0.0
LINC02116,0.0
LINC02117,0.0
LINC02118,0.0
LINC02119,0.0
LINC02120,0.0
LINC02121,0.0
LINC02122,0.0
LINC02123,0.0
LINC02124,0.0
LINC02125,0.0
LINC02126,0.0
LINC02127,0.0
LINC02128,0.0
LINC02129,0.0
LINC02130,0.0
LINC02131,0.0
LINC02132,0.0
LINC02133,0.0
LINC02134,0.0
LINC02135,0.0
LINC02136,0.0
LINC02137,0.0
LINC02138,0.0
LINC02139,0.0
LINC02140,0.0
LINC02141,0.0
LINC02142,0.0
LINC02143,0.0
LINC02144,0.0
LINC02145,0.0
LINC02146,0.0
LINC02147,0.0
LINC02148,0.0
LINC02149,0.0
LINC02150,0.0
LINC02151,0.0
LINC02152,0.0
LINC02153,0.0
LINC02154,0.0
LINC02155,0.0
LINC02156,0.0
LINC02159,0.0
LINC02160,0.0
LINC02161,0.0
LINC02162,0.0
LINC02164,0.0
LINC02165,0.0
LINC02166,0.0
LINC02167,0.0
LINC02168,0.0
LINC02169,0.0
LINC02171,0.0
LINC02172,0.0
LINC02173,0.0
LINC02174,0.0
LINC02175,0.0
LINC02176,0.0
LINC02177,0.0
LINC02178,0.0
LINC02179,0.0
LINC02180,0.0
LINC02181,0.0
LINC02182,0.0
LINC02183,0.0
LINC02184,0.0
LINC02185,0.0
LINC02186,0.0
LINC02188,0.0
LINC02189,0.0
LINC02190,0.0
LINC02191,0.0
LINC02192,0.0
LINC02193,0.0
LINC02194,0.0
LINC02195,0.0
LINC02196,0.0
LINC02197,0.0
LINC02198,0.0
LINC02199,0.0
LINC02200,0.0
LINC02201,0.0
LINC02202,0.0
LINC02203,0.0
LINC02204,0.0
LINC02205,0.0
LINC02207,0.0
LINC02208,0.0
LINC02209,0.0
LINC02210,0.0
LINC02210-CRHR1,0.0
LINC02211,0.0
LINC02212,0.0
LINC02213,0.0
LINC02214,0.0
LINC02215,0.0
LINC02216,0.0
LINC02217,0.0
LINC02218,0.0
LINC02219,0.0
LINC02220,0.0
LINC02221,0.0
LINC02222,0.0
LINC02223,0.0
LINC02224,0.0
LINC02225,0.0
LINC02226,0.0
LINC02227,0.0
LINC02228,0.0
LINC02229,0.0
LINC02230,0.0
LINC02231,0.0
LINC02232,0.0
LINC02233,0.0
LINC02234,0.0
LINC02235,0.0
LINC02236,0.0
LINC02237,0.0
LINC02238,0.0
LINC02239,0.0
LINC02240,0.0
LINC02241,0.0
LINC02242,0.0
LINC02243,0.0
LINC02244,0.0
LINC02245,0.4771212440918785
LINC02247,0.0
LINC02248,0.0
LINC02249,0.0
LINC02250,0.0
LINC02251,0.0
LINC02252,0.0
LINC02253,0.0
LINC02254,0.0
LINC02255,0.0
LINC02256,0.0
LINC02257,0.0
LINC02258,0.0
LINC02259,0.0
LINC02260,0.0
LINC02261,0.4771212714413301
LINC02262,0.0
LINC02263,0.0
LINC02264,0.0
LINC02265,0.0
LINC02266,0.0
LINC02267,0.0
LINC02268,0.0
LINC02269,0.0
LINC02270,0.0
LINC02271,0.0
LINC02272,0.0
LINC02273,0.0
LINC02274,0.0
LINC02275,0.0
LINC02276,0.0
LINC02277,0.0
LINC02278,0.3010299692290149
LINC02279,0.0
LINC02280,0.47712122933041834
LINC02281,0.0
LINC02282,0.0
LINC02283,0.0
LINC02284,0.0
LINC02285,0.0
LINC02286,0.0
LINC02287,0.0
LINC02288,0.0
LINC02289,0.0
LINC02290,0.0
LINC02291,0.0
LINC02292,0.0
LINC02293,0.0
LINC02294,0.0
LINC02295,0.0
LINC02296,0.0
LINC02297,0.0
LINC02298,0.0
LINC02299,0.0
LINC02300,0.0
LINC02301,0.0
LINC02302,0.0
LINC02303,0.0
LINC02304,0.0
LINC02305,0.0
LINC02306,0.0
LINC02307,0.0
LINC02308,0.0
LINC02309,0.0
LINC02310,0.0
LINC02311,0.0
LINC02312,0.0
LINC02313,0.0
LINC02314,0.0
LINC02315,0.0
LINC02316,0.0
LINC02317,0.0
LINC02318,0.0
LINC02319,0.0
LINC02320,0.0
LINC02321,0.0
LINC02322,0.0
LINC02323,0.0
LINC02324,0.0
LINC02325,0.0
LINC02326,0.0
LINC02327,0.0
LINC02328,0.0
LINC02329,0.0
LINC02330,0.0
LINC02331,0.0
LINC02332,0.0
LINC02333,0.0
LINC02334,0.0
LINC02335,0.3010299439134131
LINC02336,0.0
LINC02337,0.0
LINC02338,0.0
LINC02339,0.0
LINC02341,0.0
LINC02342,0.0
LINC02343,0.0
LINC02344,0.0
LINC02345,0.0
LINC02346,0.0
LINC02347,0.0
LINC02348,0.0
LINC02349,0.0
LINC02350,0.0
LINC02351,0.0
LINC02352,0.0
LINC02353,0.0
LINC02354,0.0
LINC02355,0.0
LINC02356,0.0
LINC02357,0.0
LINC02358,0.0
LINC02359,0.0
LINC02360,0.0
LINC02361,0.0
LINC02362,0.3010298840910375
LINC02363,0.0
LINC02364,0.0
LINC02365,0.0
LINC02366,0.0
LINC02367,0.0
LINC02368,0.0
LINC02369,0.0
LINC02370,0.0
LINC02371,0.0
LINC02372,0.0
LINC02373,0.0
LINC02374,0.0
LINC02375,0.0
LINC02376,0.0
LINC02377,0.8450980464496765
LINC02378,0.0
LINC02379,0.0
LINC02380,0.0
LINC02381,0.0
LINC02382,0.0
LINC02383,0.0
LINC02384,0.0
LINC02385,0.0
LINC02386,0.0
LINC02387,0.0
LINC02388,0.0
LINC02389,0.0
LINC02390,0.0
LINC02391,0.0
LINC02392,0.0
LINC02393,0.0
LINC02394,0.0
LINC02395,0.0
LINC02396,0.0
LINC02397,0.0
LINC02398,0.0
LINC02399,0.0
LINC02400,0.0
LINC02401,0.0
LINC02402,0.0
LINC02403,0.0
LINC02404,0.0
LINC02405,0.0
LINC02406,0.0
LINC02408,0.0
LINC02409,0.0
LINC02410,0.0
LINC02411,0.0
LINC02412,0.0
LINC02413,0.0
LINC02414,0.0
LINC02415,0.0
LINC02416,0.3150504583923093
LINC02417,0.0
LINC02418,0.0
LINC02419,0.0
LINC02420,0.0
LINC02421,0.0
LINC02422,0.0
LINC02423,0.0
LINC02424,0.0
LINC02425,0.0
LINC02426,0.0
LINC02427,0.0
LINC02428,0.0
LINC02429,0.0
LINC02430,0.0
LINC02431,0.0
LINC02432,0.0
LINC02433,0.0
LINC02434,0.0
LINC02435,0.0
LINC02436,0.0
LINC02437,0.0
LINC02438,0.0
LINC02439,0.0
LINC02440,0.0
LINC02441,0.0
LINC02442,0.0
LINC02443,0.0
LINC02444,0.0
LINC02445,0.0
LINC02446,0.0
LINC02447,0.0
LINC02448,0.0
LINC02449,0.0
LINC02450,0.0
LINC02451,0.0
LINC02452,0.0
LINC02453,0.30102997974890633
LINC02454,0.0
LINC02455,0.30103004198874656
LINC02456,0.0
LINC02457,0.0
LINC02458,0.0
LINC02459,0.0
LINC02460,0.0
LINC02461,0.0
LINC02462,0.0
LINC02463,0.0
LINC02464,0.0
LINC02465,0.0
LINC02466,0.0
LINC02468,0.0
LINC02469,0.0
LINC02470,0.0
LINC02471,0.0
LINC02472,0.0
LINC02473,0.0
LINC02474,0.0
LINC02475,0.0
LINC02476,0.0
LINC02477,0.0
LINC02478,0.0
LINC02479,0.0
LINC02480,0.0
LINC02481,0.0
LINC02482,0.0
LINC02483,0.0
LINC02484,0.0
LINC02485,0.0
LINC02487,0.0
LINC02488,0.0
LINC02489,0.0
LINC02490,0.0
LINC02491,0.0
LINC02492,0.0
LINC02493,0.0
LINC02494,0.0
LINC02496,0.0
LINC02497,0.0
LINC02498,0.0
LINC02499,0.0
LINC02500,0.0
LINC02501,0.0
LINC02502,0.0
LINC02503,0.3257684814252452
LINC02504,0.0
LINC02505,0.0
LINC02506,0.0
LINC02507,0.0
LINC02508,0.0
LINC02509,0.0
LINC02510,0.0
LINC02511,0.0
LINC02512,0.0
LINC02513,0.0
LINC02514,0.0
LINC02515,0.0
LINC02516,0.0
LINC02517,0.0
LINC02518,0.0
LINC02519,0.0
LINC02520,0.0
LINC02521,0.0
LINC02522,0.0
LINC02523,0.0
LINC02524,0.0
LINC02525,0.0
LINC02526,0.0
LINC02527,0.0
LINC02529,0.0
LINC02530,0.0
LINC02531,0.0
LINC02532,0.0
LINC02533,0.0
LINC02534,0.0
LINC02535,0.0
LINC02536,0.0
LINC02536-2,0.0
LINC02537,0.0
LINC02538,0.0
LINC02539,0.0
LINC02540,0.0
LINC02541,0.0
LINC02542,0.0
LINC02543,0.0
LINC02544,0.0
LINC02545,0.0
LINC02546,0.0
LINC02547,0.0
LINC02548,0.0
LINC02549,0.0
LINC02550,0.0
LINC02551,0.0
LINC02552,0.0
LINC02553,0.0
LINC02554,0.0
LINC02556,0.0
LINC02557,0.0
LINC02557-2,0.0
LINC02558,0.0
LINC02559,0.0
LINC02560,0.0
LINC02561,0.0
LINC02562,0.0
LINC02563,0.0
LINC02564,0.0
LINC02565,0.0
LINC02567,0.0
LINC02568,0.0
LINC02569,0.0
LINC02570,0.0
LINC02571,0.0
LINC02572,0.0
LINC02573,0.0
LINC02574,0.0
LINC02575,0.0
LINC02576,0.0
LINC02577,0.0
LINC02578,0.0
LINC02579,0.0
LINC02580,0.0
LINC02582,0.0
LINC02583,0.0
LINC02584,0.0
LINC02585,0.0
LINC02587,0.0
LINC02589,0.0
LINC02591,0.0
LINC02593,0.0
LINC02594,0.0
LINC02595,0.0
LINC02596,0.0
LINC02597,0.0
LINC02598,0.0
LINC02601,0.0
LINC02602,0.0
LINC02603,0.0
LINC02604,0.0
LINC02605,0.0
LINC02606,0.0
LINC02607,0.0
LINC02608,0.0
LINC02609,0.0
LINC02610,0.0
LINC02611,0.0
LINC02612,0.0
LINC02613,0.0
LINC02614,0.0
LINC02615,0.0
LINC02616,0.0
LINC02617,0.0
LINC02619,0.0
LINC02619-2,0.3010299649185494
LINC02620,0.0
LINC02621,0.0
LINC02622,0.0
LINC02623,0.0
LINC02624,0.0
LINC02625,0.0
LINC02626,0.0
LINC02627,0.0
LINC02628,0.0
LINC02629,0.0
LINC02630,0.0
LINC02631,0.0
LINC02632,0.0
LINC02633,0.0
LINC02634,0.0
LINC02635,0.0
LINC02636,0.0
LINC02637,0.0
LINC02639,0.0
LINC02640,0.0
LINC02641,0.0
LINC02642,0.0
LINC02643,0.0
LINC02644,0.0
LINC02645,0.0
LINC02647,0.0
LINC02648,0.0
LINC02649,0.0
LINC02650,0.0
LINC02651,0.0
LINC02652,0.0
LINC02653,0.0
LINC02654,0.0
LINC02655,0.0
LINC02656,0.0
LINC02658,0.0
LINC02659,0.0
LINC02660,0.0
LINC02661,0.0
LINC02662,0.0
LINC02663,0.0
LINC02664,0.0
LINC02665,0.0
LINC02667,0.0
LINC02668,0.0
LINC02669,0.0
LINC02670,0.0
LINC02671,0.0
LINC02672,0.0
LINC02673,0.0
LINC02674,0.0
LINC02675,0.0
LINC02676,0.0
LINC02677,0.0
LINC02678,0.0
LINC02679,0.0
LINC02680,0.0
LINC02681,0.0
LINC02682,0.0
LINC02683,0.0
LINC02684,0.0
LINC02685,0.0
LINC02686,0.0
LINC02687,0.0
LINC02688,0.0
LINC02689,0.0
LINC02689-2,0.0
LINC02690,0.0
LINC02691,0.0
LINC02692,0.0
LINC02693,0.0
LINC02694,0.0
LINC02695,0.0
LINC02696,0.0
LINC02697,0.0
LINC02698,0.0
LINC02699,0.0
LINC02700,0.0
LINC02701,0.0
LINC02702,0.0
LINC02703,0.0
LINC02704,0.0
LINC02705,0.0
LINC02706,0.0
LINC02707,0.0
LINC02708,0.0
LINC02709,0.0
LINC02710,0.0
LINC02711,0.0
LINC02712,0.0
LINC02713,0.0
LINC02714,0.0
LINC02715,0.0
LINC02716,0.0
LINC02717,0.0
LINC02718,0.0
LINC02719,0.0
LINC02720,0.0
LINC02721,0.0
LINC02722,0.0
LINC02723,0.0
LINC02724,0.0
LINC02725,0.0
LINC02726,0.4771212400279851
LINC02727,0.0
LINC02728,0.0
LINC02729,0.0
LINC02730,0.0
LINC02731,0.0
LINC02732,0.0
LINC02733,0.0
LINC02734,0.0
LINC02735,0.0
LINC02736,0.0
LINC02737,0.0
LINC02739,0.0
LINC02740,0.0
LINC02741,0.0
LINC02742,0.0
LINC02743,0.0
LINC02744,0.0
LINC02745,0.0
LINC02746,0.0
LINC02747,0.0
LINC02748,0.0
LINC02749,0.0
LINC02750,0.0
LINC02751,0.0
LINC02752,0.0
LINC02753,0.0
LINC02754,0.0
LINC02755,0.0
LINC02756,0.0
LINC02757,0.0
LINC02758,0.0
LINC02759,0.0
LINC02760,0.0
LINC02761,0.0
LINC02762,0.0
LINC02763,0.0
LINC02764,0.0
LINC02765,0.5408747392139972
LINC02766,0.0
LINC02767,0.0
LINC02768,0.0
LINC02769,0.0
LINC02770,0.0
LINC02771,0.0
LINC02772,0.0
LINC02773,0.0
LINC02774,0.0
LINC02775,0.0
LINC02777,0.0
LINC02778,0.0
LINC02779,0.0
LINC02780,0.0
LINC02781,0.0
LINC02782,0.0
LINC02783,0.0
LINC02784,0.0
LINC02785,0.0
LINC02785-2,0.0
LINC02786,0.0
LINC02787,0.0
LINC02788,0.0
LINC02789,0.0
LINC02790,0.0
LINC02791,0.0
LINC02792,0.0
LINC02793,0.30103002487890707
LINC02794,0.0
LINC02795,0.0
LINC02796,0.0
LINC02797,0.0
LINC02798,0.0
LINC02799,0.0
LINC02800,0.0
LINC02801,0.0
LINC02802,0.0
LINC02803,0.0
LINC02805,0.0
LINC02806,0.0
LINC02808,0.0
LINC02809,0.0
LINC02810,0.0
LINC02811,0.0
LINC02812,0.0
LINC02813,0.0
LINC02815,0.0
LINC02816,0.0
LINC02817,0.0
LINC02818,0.0
LINC02819,0.0
LINC02819-2,0.0
LINC02820,0.0
LINC02821,0.0
LINC02822,0.0
LINC02823,0.0
LINC02824,0.0
LINC02825,0.0
LINC02826,0.0
LINC02827,0.0
LINC02828,0.0
LINC02829,0.0
LINC02830,0.0
LINC02831,0.0
LINC02832,0.0
LINC02833,0.0
LINC02834,0.0
LINC02835,0.0
LINC02836,0.0
LINC02837,0.0
LINC02838,0.0
LINC02839,0.0
LINC02840,0.3010300371431216
LINC02841,0.0
LINC02842,0.0
LINC02843,0.0
LINC02844,0.0
LINC02845,0.0
LINC02846,0.0
LINC02847,0.0
LINC02848,0.0
LINC02849,0.0
LINC02850,0.0
LINC02851,0.0
LINC02852,0.0
LINC02853,0.0
LINC02854,0.0
LINC02855,0.0
LINC02856,0.0
LINC02857,0.0
LINC02858,0.0
LINC02859,0.0
LINC02860,0.0
LINC02861,0.3010299341184744
LINC02862,0.0
LINC02863,0.0
LINC02864,0.0
LINC02865,0.0
LINC02868,0.0
LINC02869,0.0
LINC02870,0.0
LINC02871,0.0
LINC02872,0.0
LINC02873,0.0
LINC02874,0.0
LINC02875,0.0
LINC02876,0.0
LINC02877,0.0
LINC02878,0.0
LINC02879,0.0
LINC02880,0.0
LINC02881,0.0
LINC02882,0.0
LINC02883,0.0
LINC02884,0.0
LINC02885,0.0
LINC02887,0.0
LINC02888,0.0
LINC02889,0.0
LINC02890,1.1760912272459862
LINC02891,0.0
LINC02893,0.5354714782710004
LINC02894,0.0
LINC02896,0.0
LINC02897,0.30102996429156464
LINC02898,0.3010299700080734
LINC02899,0.0
LINC02900,0.0
LINC02901,0.0
LINC02902,0.0
LINC02903,0.0
LINC02905,0.0
LINC02906,0.0
LINC02907,0.0
LINC02908,0.0
LINC02909,0.0
LINC02910,0.0
LINC02911,0.0
LINC02912,0.0
LINC02913,0.0
LINC02914,0.0
LINC02915,0.0
LINC02916,0.0
LINC02917,0.3010299812781786
LINC02918,0.0
LINC02919,0.0
LINC02920,0.0
LINC02923,0.0
LINC02925,0.0
LINC02926,0.0
LINC02927,0.0
LINC02928,0.0
LINC02930,0.0
LINC02931,0.0
LINC02932,0.0
LINC02934,0.0
LINC02935,0.0
LINC02936,0.0
LINC02937,0.0
LINC02939,0.0
LINC02940,0.30103006604201077
LINC02941,0.0
LINC02942,0.0
LINC02943,0.0
LINC02944,0.0
LINC02945,0.0
LINC02946,0.0
LINC02947,0.0
LINC02948,0.0
LINC02949,0.3010299531688393
LINC02950,0.0
LINC02951,0.0
LINC02952,0.0
LINC02953,0.0
LINC02954,0.0
LINC02955,0.0
LINC02957,0.0
LINC02958,0.0
LINC02961,0.0
LINC02963,0.0
LINC02964,0.0
LINC02965,0.0
LINC02966,0.0
LINC02967,0.0
LINC02968,0.0
LINC02968-2,0.0
LINC02970,0.0
LINC02971,0.0
LINC02972,0.0
LINC02975,0.0
LINC02976,0.0
LINC02977,0.0
LINC02980,0.0
LINC02981,0.0
LINC02982,0.3010300126538611
LINC02983,0.0
LINC02984,0.0
LINC02985,0.0
LINC02986,0.0
LINC02987,0.7781511927871234
LINC02988,0.0
LINC02989,0.0
LINC02991,0.0
LINC02992,0.0
LINC02993,0.0
LINC02994,0.0
LINC02995,0.0
LINC02996,0.0
LINC02997,0.0
LINC02998,0.0
LINC02999,0.0
LINC03000,0.0
LINC03001,0.0
LINC03002,0.0
LINC03003,0.0
LINC03004,0.0
LINC03005,0.0
LINC03006,0.0
LINC03007,0.0
LINC03008,0.0
LINC03009,0.0
LINC03010,0.0
LINC03011,0.0
LINC03012,0.0
LINC03013,0.0
LINC03014,0.0
LINC03015,0.0
LINC03016,0.0
LINC03017,0.0
LINC03018,0.0
LINC03019,0.0
LINC03020,0.0
LINC03021,0.0
LINC03022,0.6020599804342377
LINC03023,0.0
LINC03024,0.0
LINC03025,0.30102996064051235
LINC03026,0.0
LINC03027,0.0
LINC03028,0.0
LINC03029,0.0
LINC03030,0.0
LINC03031,0.0
LINC03032,0.0
LINC03033,0.0
LINC03034,0.0
LINC03035,0.0
LINC03036,0.0
LINC03039,0.0
LINC03040,0.0
LINC03041,0.0
LINC03042,0.0
LINC03043,0.0
LINC03044,0.0
LINC03046,0.0
LINC03047,2.025305402265319
LINC03048,0.0
LINC03049,0.33970519670652116
LINC03050,0.0
LINC03051,0.4771211723540978
LINC03052,0.0
LINC03053,0.0
LINC03054,0.0
LINC03055,0.0
LINC03056,0.0
LINC03057,0.0
LINC03060,0.0
LINC03061,0.0
LINC03062,0.0
LINC03063,0.0
LINC03064,0.0
LINC03065,0.0
LINC03066,0.0
LINC03068,0.0
LINC03069,0.0
LINC03070,0.0
LINC03071,0.0
LINC03073,0.0
LINC03074,0.0
LINC03075,0.0
LINC03076,0.0
LINC03077,0.0
LINC03078,1.0791809325489816
LINC03080,0.0
LINC03082,0.0
LINC03083,0.0
LINC03084,0.0
LINC03085,0.0
LINC03086,0.0
LINC03088,0.0
LINC03090,0.0
LINC03091,0.0
LINC03092,0.0
LINC03093,0.0
LINC03094,0.0
LINC03095,0.0
LINC03098,0.0
LINC03099,0.47712126206105443
LINC03100,0.0
LINC03102,0.0
LINC03103,0.0
LINC03104,0.0
LINC03105,0.0
LINC03106,0.0
LINC03107,0.0
LINC03108,0.0
LINC03109,0.0
LINC03110,0.0
LINC03111,0.0
LINC03112,0.0
LINC03112-2,0.0
LINC03113,0.0
LINC03114,0.0
LINC03117,0.0
LINC03121,0.30102993568632
LINC03122,2.1522882299351935
LINC03123,0.0
LINC03124,0.3037415969219305
LINC03125,0.0
LINC03126,0.0
LINC03129,0.0
LINCADL,0.0
LINCMD1,0.0
LINGO1,1.2787535848226996
LINGO1-AS1,0.0
LINGO1-AS2,0.0
LINGO2,0.0
LINGO3,0.0
LINGO4,0.0
LINP1,0.0
LINS1,0.0
LIPA,0.47712121243804667
LIPC,0.0
LIPC-AS1,0.0
LIPE,0.0
LIPE-AS1,0.0
LIPF,0.0
LIPG,0.0
LIPH,0.0
LIPI,0.0
LIPJ,0.0
LIPK,0.0
LIPM,0.0
LIPN,0.0
LIPT1,0.0
LIPT2,0.0
LIPT2-AS1,0.0
LIRIL2R,0.0
LITAF,1.6812412053845867
LITAFD,0.0
LITATS1,0.0
LIVAR,0.0
LIX1,0.0
LIX1-AS1,0.0
LIX1L,1.4313637600767317
LIX1L-AS1,1.8273286162531888
LKAAEAR1,0.0
LL0XNC01-250H12.3,0.0
LL22NC01-81G9.3,0.0
LL22NC03-102D1.18,0.0
LL22NC03-13G6.2,0.0
LL22NC03-63E9.3,0.4771212120525988
LLCFC1,0.0
LLGL1,0.0
LLGL2,0.0
LLPH,0.30103014069215417
LLPH-DT,0.0
LMAN1,1.0413926811387308
LMAN1L,0.0
LMAN2,0.0
LMAN2L,0.0
LMBR1,0.0
LMBR1L,0.0
LMBRD1,1.2304489036936082
LMBRD2,0.0
LMCD1,0.3010300072703446
LMCD1-AS1,1.8195438989101087
LMF1,0.0
LMF1-AS1,0.0
LMF2,0.0
LMLN,0.0
LMLN-AS1,0.0
LMNA,0.6989699830490309
LMNB1,0.0
LMNB1-DT,0.0
LMNB2,0.0
LMNTD1,0.0
LMNTD2,0.0
LMNTD2-2,0.0
LMNTD2-AS1,0.0
LMO1,0.0
LMO2,0.30102995498024177
LMO3,0.0
LMO4,3.128722279319358
LMO7,0.0
LMO7-AS1,0.0
LMO7DN,0.0
LMO7DN-IT1,0.0
LMOD1,0.0
LMOD2,0.0
LMOD3,0.0
LMTK2,2.2405492541823477
LMTK3,0.0
LMX1A,0.0
LMX1A-AS1,0.0
LMX1A-AS2,0.0
LMX1B,0.0
LMX1B-DT,0.0
LNC-LBCS,0.0
LNC-RHL1,0.0
LNCAROD,0.0
LNCARSR,0.0
LNCATV,0.0
LNCBRM,0.0
LNCDAT,0.0
LNCEGFL7OS,0.0
LNCNEF,0.0
LNCOC1,0.0
LNCOG,0.0
LNCPOIR,0.0
LNCPRESS1,0.0
LNCPRESS2,0.0
LNCRI,0.0
LNCRNA-ATB,0.0
LNCRNA-IUR,0.0
LNCSRLR,0.0
LNCTAM34A,0.0
LNMICC,0.0
LNP1,0.0
LNPEP,0.0
LNPK,1.176091247739623
LNROP,0.0
LNX1,0.0
LNX1-AS1,0.0
LNX1-AS2,0.0
LNX2,1.0405953274417579
LOC100126447,0.0
LOC100126584,0.0
LOC100127955,0.0
LOC100128002,0.0
LOC100128059,0.0
LOC100128076,0.0
LOC100128079,0.0
LOC100128253,0.0
LOC100128276,0.0
LOC100128288,0.0
LOC100128310,0.0
LOC100128317,0.0
LOC100128340,0.0
LOC100128361,0.0
LOC100128494,0.0
LOC100128593,0.0
LOC100128653,0.0
LOC100128770,0.0
LOC100128885,0.0
LOC100128966,0.0
LOC100128988,0.0
LOC100128993,0.0
LOC100129034,0.0
LOC100129098,0.0
LOC100129148,0.0
LOC100129175,0.0
LOC100129203,0.47712120020034055
LOC100129215,0.0
LOC100129291,0.0
LOC100129307,0.0
LOC100129316,0.0
LOC100129434,1.49246962266311
LOC100129455,0.0
LOC100129534,0.0
LOC100129540,0.0
LOC100129603,0.0
LOC100129617,0.0
LOC100129697,0.0
LOC100129931,0.0
LOC100129935,0.0
LOC100130027,0.0
LOC100130207,0.0
LOC100130256,0.0
LOC100130268,0.0
LOC100130283,0.0
LOC100130298,0.0
LOC100130331,0.0
LOC100130357,0.0
LOC100130452,0.0
LOC100130548,0.0
LOC100130587,0.0
LOC100130673,0.0
LOC100130691,0.0
LOC100130698,0.0
LOC100130744,0.0
LOC100130849,0.0
LOC100130872,0.0
LOC100130964,0.0
LOC100130987,0.0
LOC100130992,0.0
LOC100131107,0.0
LOC100131257,0.0
LOC100131289,0.0
LOC100131395,0.0
LOC100131395-2,0.0
LOC100131472,0.0
LOC100131496,0.0
LOC100131532,0.0
LOC100131626,0.0
LOC100131635,0.0
LOC100131943,0.0
LOC100132004,0.0
LOC100132062,0.6532125097586708
LOC100132077,0.0
LOC100132078,0.0
LOC100132154,0.0
LOC100132249,0.30102998703471107
LOC100132287,0.6532125097586708
LOC100132356,0.0
LOC100132686,0.0
LOC100132741,0.0
LOC100132781,0.0
LOC100133077,0.0
LOC100133920,0.0
LOC100134040,0.0
LOC100134317,0.0
LOC100134368,0.0
LOC100134391,0.0
LOC100134423,0.0
LOC100134868,0.0
LOC100190986,0.0
LOC100192426,0.0
LOC100233156,0.0
LOC100240728,0.0
LOC100240734,0.0
LOC100240735,0.0
LOC100271832,0.0
LOC100272217,0.0
LOC100286922,0.0
LOC100287010,0.0
LOC100287036,0.0
LOC100287072,0.0
LOC100287175,0.0
LOC100287290,0.0
LOC100287329,0.0
LOC100287387,0.0
LOC100287467,0.0
LOC100287610,0.0
LOC100287704,0.0
LOC100287792,0.0
LOC100287808,0.0
LOC100287834,0.0
LOC100287846,0.0
LOC100287944,0.0
LOC100288069,0.0
LOC100288123,0.0
LOC100288162,0.0
LOC100288175,0.0
LOC100288208,0.0
LOC100288254,0.0
LOC100288570,0.0
LOC100288637,0.0
LOC100288728,0.0
LOC100288966,0.0
LOC100289230,0.0
LOC100289333,0.0
LOC100289361,0.0
LOC100289470,0.0
LOC100289473,0.0
LOC100289495,0.0
LOC100289511,0.0
LOC100289561,0.0
LOC100289656,0.0
LOC100293612,0.0
LOC100294145,0.0
LOC100303749,0.0
LOC100310756,0.0
LOC100335030,0.3010299978135196
LOC100419170,0.0
LOC100419583,0.0
LOC100420587,0.0
LOC100421746,0.0
LOC100422212,0.0
LOC100422556,0.0
LOC100422781,0.0
LOC100502572,0.0
LOC100505498,0.0
LOC100505555,0.0
LOC100505711,0.0
LOC100505715,0.0
LOC100505716,0.0
LOC100505736,0.0
LOC100505774,0.0
LOC100505782,0.0
LOC100505851,0.0
LOC100505874,0.0
LOC100505909,0.0
LOC100505909-2,0.0
LOC100505912,0.0
LOC100505915,0.0
LOC100505918,0.0
LOC100505942,0.0
LOC100505978,0.0
LOC100505985,0.0
LOC100506016,0.0
LOC100506023,0.0
LOC100506071,0.0
LOC100506076,0.0
LOC100506124,0.0
LOC100506207,0.0
LOC100506235,0.0
LOC100506236,0.0
LOC100506253,0.0
LOC100506271,0.0
LOC100506274,0.0
LOC100506281,0.0
LOC100506321,0.0
LOC100506358,0.0
LOC100506403,0.0
LOC100506405,0.0
LOC100506444,0.0
LOC100506446,0.0
LOC100506472,0.0
LOC100506474,0.0
LOC100506489,0.0
LOC100506532,0.0
LOC100506551,0.3010299720263373
LOC100506563,0.0
LOC100506606,0.0
LOC100506639,0.0
LOC100506664,0.0
LOC100506730,0.0
LOC100506790,0.0
LOC100506851,0.0
LOC100506851-2,0.0
LOC100506858,0.0
LOC100506869,0.0
LOC100506929,0.0
LOC100506937,0.0
LOC100506974,0.0
LOC100507002,0.0
LOC100507006,0.0
LOC100507053,0.0
LOC100507221,0.0
LOC100507250,0.0
LOC100507334,0.0
LOC100507336,0.0
LOC100507346,0.0
LOC100507351,0.0
LOC100507384,0.0
LOC100507395,0.0
LOC100507403,0.0
LOC100507412,0.30103000087991655
LOC100507443,0.0
LOC100507464,0.0
LOC100507472,0.0
LOC100507513,0.0
LOC100507547,0.0
LOC100507548,0.0
LOC100507560,0.0
LOC100507562,0.0
LOC100507634,0.0
LOC100508046,0.0
LOC100533997,0.0
LOC100630923,0.0
LOC100652758,0.0
LOC100652768,0.0
LOC100652777,0.0
LOC100652871,0.0
LOC100652931,0.0
LOC100652999,0.0
LOC100653049,0.0
LOC100653133,0.0
LOC100653133-2,0.0
LOC100996294,0.0
LOC100996318,0.0
LOC100996349,0.0
LOC100996385,0.0
LOC100996437,0.0
LOC100996549,0.0
LOC100996583,0.0
LOC100996598,0.0
LOC100996637,0.0
LOC100996643,0.0
LOC100996660,0.0
LOC100996662,0.0
LOC100996662-2,0.0
LOC100996664,0.0
LOC100996671,0.0
LOC100996681,0.0
LOC100996696,0.0
LOC100996701,0.0
LOC100996709,0.0
LOC100996720,0.0
LOC100996740,0.0
LOC100996750,0.0
LOC100996756,0.0
LOC101059915,0.0
LOC101059997,0.0
LOC101059997-2,0.0
LOC101059997-3,0.0
LOC101059997-4,0.0
LOC101060187,0.0
LOC101060212,0.0
LOC101060212-2,0.0
LOC101060224,0.0
LOC101060224-2,0.0
LOC101060274,0.0
LOC101060341,0.30102997210775057
LOC101060445,0.0
LOC101060524,0.0
LOC101060553,0.0
LOC101060588,0.0
LOC101060588-2,0.0
LOC101060632,0.0
LOC101409256,0.0
LOC101448202,0.0
LOC101593348,0.0
LOC101926887,0.0
LOC101926889,0.0
LOC101926907,0.0
LOC101926908,0.0
LOC101926915,0.0
LOC101926923,0.0
LOC101926935,0.0
LOC101926944,0.0
LOC101926948,0.0
LOC101926953,0.0
LOC101926956,0.0
LOC101926959,0.0
LOC101926959-2,0.0
LOC101926964,0.0
LOC101926968,0.0
LOC101926974,0.0
LOC101926984,0.0
LOC101926994,0.0
LOC101927010,0.0
LOC101927013,0.0
LOC101927018,0.0
LOC101927019,0.0
LOC101927020,0.0
LOC101927023,0.0
LOC101927025,0.0
LOC101927026,0.0
LOC101927040,0.0
LOC101927042,0.0
LOC101927045,0.0
LOC101927046,0.0
LOC101927048,0.0
LOC101927053,0.0
LOC101927055,0.0
LOC101927057,0.0
LOC101927057-2,0.0
LOC101927060,1.9454704639795066
LOC101927066,0.0
LOC101927069,0.0
LOC101927072,0.0
LOC101927073,0.0
LOC101927078,0.0
LOC101927080,2.3560258735340835
LOC101927082,0.0
LOC101927088,0.0
LOC101927089,0.0
LOC101927093,0.0
LOC101927098,0.0
LOC101927108,0.0
LOC101927118,0.0
LOC101927131,0.0
LOC101927141,0.0
LOC101927143,0.0
LOC101927145,0.0
LOC101927157,0.0
LOC101927159,0.0
LOC101927164,0.0
LOC101927166,0.0
LOC101927178,0.0
LOC101927179,0.0
LOC101927180,0.0
LOC101927182,0.0
LOC101927183,0.0
LOC101927188,0.0
LOC101927189,0.0
LOC101927190,0.0
LOC101927191,0.0
LOC101927200,0.0
LOC101927202,0.0
LOC101927209,0.0
LOC101927209-2,0.0
LOC101927213,0.0
LOC101927226,0.0
LOC101927227,0.0
LOC101927234,0.0
LOC101927235,0.0
LOC101927237,0.0
LOC101927238,0.0
LOC101927241,0.0
LOC101927243,0.0
LOC101927245,0.0
LOC101927247,0.0
LOC101927253,0.0
LOC101927259,0.0
LOC101927262,0.0
LOC101927263,0.0
LOC101927268,0.0
LOC101927269,0.0
LOC101927272,0.0
LOC101927281,0.0
LOC101927283,0.0
LOC101927284,0.0
LOC101927293,2.958085848782824
LOC101927296,0.0
LOC101927297,0.0
LOC101927310,0.0
LOC101927314,0.0
LOC101927325,0.0
LOC101927329,0.0
LOC101927330,0.0
LOC101927342,0.0
LOC101927344,0.0
LOC101927345,0.0
LOC101927357,0.0
LOC101927358,0.0
LOC101927369,0.0
LOC101927369-2,0.0
LOC101927369-3,0.0
LOC101927372,0.0
LOC101927374,0.6020599698736819
LOC101927375,0.0
LOC101927377,0.0
LOC101927383,0.0
LOC101927385,0.0
LOC101927388,0.0
LOC101927389,0.0
LOC101927393,0.0
LOC101927394,0.0
LOC101927397,0.0
LOC101927401,0.0
LOC101927404,0.0
LOC101927405,0.0
LOC101927410,0.0
LOC101927413,0.0
LOC101927414,0.0
LOC101927418,0.0
LOC101927421,0.0
LOC101927432,0.0
LOC101927434,0.0
LOC101927436,0.0
LOC101927439,0.0
LOC101927445,0.0
LOC101927446,0.0
LOC101927450,0.0
LOC101927452,0.0
LOC101927454,0.0
LOC101927461,0.0
LOC101927467,0.0
LOC101927468,0.0
LOC101927469,0.0
LOC101927473,0.0
LOC101927474,0.0
LOC101927480,0.0
LOC101927483,0.0
LOC101927484,0.0
LOC101927486,0.0
LOC101927488,0.0
LOC101927495,0.0
LOC101927499,0.0
LOC101927506,0.0
LOC101927510,0.0
LOC101927511,0.0
LOC101927513,0.0
LOC101927514,0.0
LOC101927516,0.0
LOC101927518,0.0
LOC101927521,0.0
LOC101927522,0.0
LOC101927531,0.0
LOC101927536,0.0
LOC101927539,0.0
LOC101927543,0.0
LOC101927548,0.0
LOC101927550,0.0
LOC101927551,0.0
LOC101927552,0.477121252007227
LOC101927555,0.0
LOC101927556,0.0
LOC101927557,0.0
LOC101927558,0.0
LOC101927560,0.0
LOC101927566,0.0
LOC101927571,0.0
LOC101927572,0.0
LOC101927573,0.0
LOC101927575,0.30102995788944353
LOC101927583,0.0
LOC101927584,0.0
LOC101927588,0.3010299428133097
LOC101927598,0.0
LOC101927602,0.0
LOC101927603,0.0
LOC101927604,0.0
LOC101927605,0.0
LOC101927608,0.0
LOC101927609,0.0
LOC101927610,0.0
LOC101927613,0.3010299598786923
LOC101927615,0.0
LOC101927623,0.0
LOC101927627,0.0
LOC101927636,0.0
LOC101927647,1.4149733427825306
LOC101927657,0.0
LOC101927661,0.0
LOC101927664,0.0
LOC101927668,0.0
LOC101927687,0.0
LOC101927690,0.0
LOC101927691,0.0
LOC101927692,0.0
LOC101927702,0.0
LOC101927708,0.0
LOC101927709,0.0
LOC101927711,0.0
LOC101927712,0.0
LOC101927723,0.0
LOC101927727,0.0
LOC101927741,0.0
LOC101927745,0.0
LOC101927756,0.0
LOC101927759,0.0
LOC101927764,0.0
LOC101927769,0.0
LOC101927786,0.0
LOC101927786-2,0.0
LOC101927787,0.0
LOC101927788,0.0
LOC101927790,0.0
LOC101927793,0.0
LOC101927798,0.0
LOC101927814,0.0
LOC101927817,0.0
LOC101927822,0.0
LOC101927823,0.0
LOC101927825,0.0
LOC101927827,0.0
LOC101927829,0.0
LOC101927830,0.30102995605440197
LOC101927834,0.0
LOC101927839,0.0
LOC101927840,0.0
LOC101927845,0.0
LOC101927846,0.0
LOC101927846-2,0.0
LOC101927846-3,0.0
LOC101927847,0.0
LOC101927855,0.0
LOC101927857,0.0
LOC101927863,0.0
LOC101927864,0.0
LOC101927871,0.0
LOC101927872,0.0
LOC101927879,0.0
LOC101927881,0.0
LOC101927882,0.0
LOC101927888,0.0
LOC101927890,0.0
LOC101927896,0.0
LOC101927897,0.0
LOC101927898,0.0
LOC101927902,0.0
LOC101927908,0.0
LOC101927911,0.0
LOC101927914,0.0
LOC101927915,0.0
LOC101927919,0.0
LOC101927932,0.0
LOC101927942,0.0
LOC101927947,0.0
LOC101927947-2,0.0
LOC101927948,0.30102995241145675
LOC101927949,0.0
LOC101927950,0.0
LOC101927954,0.6020599741315791
LOC101927960,0.0
LOC101927961,0.0
LOC101927967,0.0
LOC101927971,0.0
LOC101927975,0.0
LOC101927993,0.0
LOC101927995,0.0
LOC101927999,0.0
LOC101928002,0.0
LOC101928004,0.0
LOC101928007,0.0
LOC101928008,0.0
LOC101928009,0.0
LOC101928012,0.0
LOC101928014,0.0
LOC101928030,0.0
LOC101928032,0.0
LOC101928032-2,0.0
LOC101928034,0.0
LOC101928037,0.0
LOC101928037-2,0.0
LOC101928037-3,0.0
LOC101928039,0.0
LOC101928039-2,0.0
LOC101928044,0.0
LOC101928045,0.0
LOC101928046,0.0
LOC101928047,0.0
LOC101928048,0.0
LOC101928051,0.0
LOC101928052,0.0
LOC101928053,0.0
LOC101928059,0.0
LOC101928068,0.0
LOC101928077,0.0
LOC101928080,0.0
LOC101928081,0.0
LOC101928084,0.0
LOC101928087,0.0
LOC101928093,0.0
LOC101928095,0.0
LOC101928105,0.0
LOC101928107,0.0
LOC101928119,0.0
LOC101928126,0.0
LOC101928128,0.0
LOC101928131,0.0
LOC101928135,0.0
LOC101928143,0.0
LOC101928146,0.0
LOC101928146-2,0.0
LOC101928156,0.0
LOC101928160,0.0
LOC101928163,0.0
LOC101928166,0.0
LOC101928177,0.0
LOC101928180,0.0
LOC101928188,0.4771212599200725
LOC101928191,0.0
LOC101928195,0.0
LOC101928196,0.0
LOC101928198,0.0
LOC101928201,0.0
LOC101928202,0.0
LOC101928211,0.0
LOC101928212,0.0
LOC101928214,0.0
LOC101928215,0.0
LOC101928217,0.0
LOC101928219,0.0
LOC101928230,0.0
LOC101928234,0.0
LOC101928236,0.0
LOC101928251,0.0
LOC101928253,0.0
LOC101928254,0.0
LOC101928255,2.478566490869835
LOC101928257,0.0
LOC101928263,0.0
LOC101928264,0.0
LOC101928266,0.0
LOC101928269,0.0
LOC101928272,0.0
LOC101928273,0.0
LOC101928274,0.0
LOC101928277,0.0
LOC101928279,0.0
LOC101928283,0.0
LOC101928295,0.0
LOC101928306,0.0
LOC101928317,0.0
LOC101928326,0.0
LOC101928331,0.4771214531573982
LOC101928334,0.0
LOC101928335,0.0
LOC101928338,0.0
LOC101928343,0.0
LOC101928344,0.0
LOC101928347,0.0
LOC101928350,0.0
LOC101928351,0.0
LOC101928352,0.0
LOC101928354,0.0
LOC101928357,0.0
LOC101928359,0.0
LOC101928361,0.3010297910807014
LOC101928362,0.0
LOC101928368,0.0
LOC101928369,0.0
LOC101928371,0.0
LOC101928372,0.0
LOC101928373,0.0
LOC101928380,0.6020599171278666
LOC101928381,0.0
LOC101928384,0.0
LOC101928385,0.0
LOC101928386,0.0
LOC101928387,0.0
LOC101928389,0.0
LOC101928391,0.0
LOC101928392,0.0
LOC101928398,0.0
LOC101928401,0.30103002447235316
LOC101928409,0.0
LOC101928415,0.0
LOC101928416,0.0
LOC101928417,0.0
LOC101928419,0.0
LOC101928421,0.0
LOC101928437,0.0
LOC101928438,0.0
LOC101928446,0.0
LOC101928447,0.0
LOC101928450,0.0
LOC101928453,0.0
LOC101928462,0.0
LOC101928463,0.0
LOC101928466,0.0
LOC101928466-2,0.0
LOC101928473,0.0
LOC101928475,0.0
LOC101928487,0.0
LOC101928491,0.0
LOC101928495,0.0
LOC101928499,0.0
LOC101928502,0.0
LOC101928505,0.0
LOC101928510,0.0
LOC101928512,0.0
LOC101928516,0.0
LOC101928517,0.0
LOC101928519,0.0
LOC101928525,0.0
LOC101928526,0.0
LOC101928529,0.0
LOC101928529-2,0.0
LOC101928532,0.0
LOC101928535,0.0
LOC101928540,0.0
LOC101928543,0.0
LOC101928551,0.0
LOC101928553,0.0
LOC101928557,0.0
LOC101928563,0.0
LOC101928565,0.0
LOC101928570,0.0
LOC101928572,0.0
LOC101928573,0.0
LOC101928576,0.0
LOC101928596,0.0
LOC101928608,0.0
LOC101928618,0.0
LOC101928622,0.0
LOC101928626,0.0
LOC101928627,0.0
LOC101928628,0.0
LOC101928636,0.0
LOC101928651,0.0
LOC101928658,0.0
LOC101928663,0.0
LOC101928669,0.30102995019580403
LOC101928682,0.0
LOC101928688,0.0
LOC101928692,0.0
LOC101928697,0.0
LOC101928708,0.0
LOC101928718,0.0
LOC101928721,0.0
LOC101928728,0.0
LOC101928730,0.0
LOC101928733,0.0
LOC101928735,0.0
LOC101928743,0.0
LOC101928748,0.0
LOC101928760,0.0
LOC101928764,0.0
LOC101928775,0.0
LOC101928782,0.0
LOC101928786,0.0
LOC101928796,0.0
LOC101928797,0.0
LOC101928804,0.0
LOC101928807,0.0
LOC101928808,0.0
LOC101928816,0.0
LOC101928817,0.0
LOC101928819,0.0
LOC101928824,0.0
LOC101928832,0.0
LOC101928833,0.0
LOC101928834,0.30102997870350534
LOC101928842,0.0
LOC101928844,0.0
LOC101928847,0.0
LOC101928849,0.0
LOC101928850,0.0
LOC101928855,0.0
LOC101928859,0.0
LOC101928861,0.0
LOC101928863,0.0
LOC101928864,0.0
LOC101928866,0.0
LOC101928868,0.0
LOC101928881,0.0
LOC101928882,0.0
LOC101928893,0.0
LOC101928894,0.0
LOC101928896,0.0
LOC101928902,0.0
LOC101928906,0.0
LOC101928911,0.0
LOC101928912,0.0
LOC101928923,0.0
LOC101928924,0.0
LOC101928929,0.0
LOC101928932,0.0
LOC101928933,0.0
LOC101928936,0.0
LOC101928937,0.0
LOC101928940,0.0
LOC101928953,0.0
LOC101928957,0.0
LOC101928957-2,0.0
LOC101928961,0.0
LOC101928965,0.0
LOC101928972,0.0
LOC101928977,0.0
LOC101928985,0.0
LOC101928988,0.0
LOC101928994,0.0
LOC101929003,0.0
LOC101929004,0.0
LOC101929007,0.0
LOC101929014,0.0
LOC101929018,0.0
LOC101929021,0.0
LOC101929028,0.0
LOC101929031,0.0
LOC101929045,0.0
LOC101929048,0.0
LOC101929050,0.0
LOC101929073,0.0
LOC101929098,0.0
LOC101929106,0.0
LOC101929109,0.0
LOC101929116,0.0
LOC101929124,0.0
LOC101929128,0.0
LOC101929129,0.0
LOC101929130,0.0
LOC101929141,0.0
LOC101929142,0.0
LOC101929148,0.0
LOC101929154,0.0
LOC101929161,0.0
LOC101929174,0.0
LOC101929178,0.0
LOC101929185,0.0
LOC101929200,0.4795958919240654
LOC101929201,0.0
LOC101929204,0.0
LOC101929208,0.0
LOC101929227,0.0
LOC101929230,0.0
LOC101929234,0.0
LOC101929237,0.0
LOC101929240,0.0
LOC101929248,0.0
LOC101929248-2,1.3890167599422933
LOC101929255,0.7781512064755334
LOC101929256,0.0
LOC101929258,0.0
LOC101929259,0.0
LOC101929268,0.0
LOC101929269,0.0
LOC101929270,0.0
LOC101929278,0.0
LOC101929279,0.0
LOC101929290,0.30102999016050247
LOC101929291,0.0
LOC101929297,0.0
LOC101929298,0.0
LOC101929305,0.0
LOC101929307,0.0
LOC101929309,0.0
LOC101929314,0.0
LOC101929319,0.0
LOC101929320,0.0
LOC101929321,0.0
LOC101929322,0.0
LOC101929326,0.0
LOC101929341,0.0
LOC101929343,0.0
LOC101929347,0.0
LOC101929348,0.0
LOC101929359,0.0
LOC101929372,0.0
LOC101929373,0.0
LOC101929373-2,0.0
LOC101929380,0.0
LOC101929386,0.0
LOC101929388,0.0
LOC101929398,0.0
LOC101929400,0.0
LOC101929408,0.0
LOC101929411,0.0
LOC101929413,0.0
LOC101929420,0.0
LOC101929427,0.0
LOC101929431,0.0
LOC101929432,0.0
LOC101929439,0.0
LOC101929440,0.0
LOC101929444,0.0
LOC101929446,0.0
LOC101929452,0.0
LOC101929457,0.0
LOC101929460,0.0
LOC101929470,0.0
LOC101929473,0.0
LOC101929479,0.30102998898973876
LOC101929485,0.0
LOC101929488,0.0
LOC101929492,0.0
LOC101929494,0.0
LOC101929494-2,0.3010299951622981
LOC101929507,0.0
LOC101929510,0.0
LOC101929528,0.0
LOC101929532,0.0
LOC101929534,0.0
LOC101929535,0.0
LOC101929536,0.0
LOC101929538,0.0
LOC101929540,0.0
LOC101929540-2,0.0
LOC101929547,0.0
LOC101929550,0.0
LOC101929551,0.0
LOC101929552,0.0
LOC101929555,0.0
LOC101929563,0.0
LOC101929566,0.0
LOC101929572,0.0
LOC101929577,0.0
LOC101929578,0.0
LOC101929583,0.3010297791583887
LOC101929586,0.0
LOC101929594,0.3205404007302746
LOC101929599,0.0
LOC101929599-2,0.0
LOC101929601,0.0
LOC101929609,0.0
LOC101929614,0.0
LOC101929617,0.0
LOC101929621,0.0
LOC101929622,0.0
LOC101929626,0.0
LOC101929627,0.0
LOC101929633,0.0
LOC101929638,0.0
LOC101929643,0.0
LOC101929645,0.0
LOC101929650,0.0
LOC101929650-2,0.0
LOC101929653,2.301752791564141
LOC101929657,0.0
LOC101929662,0.0
LOC101929667,0.0
LOC101929691,0.0
LOC101929692,0.0
LOC101929698,0.0
LOC101929707,0.0
LOC101929710,0.0
LOC101929718,0.0
LOC101929719,0.0
LOC101929727,0.0
LOC101929732,0.0
LOC101929748,0.0
LOC101929750,0.0
LOC101929752,0.0
LOC101929756,0.0
LOC101929762,0.0
LOC101929767,0.0
LOC101929770,0.0
LOC101929773,0.0
LOC101929774,0.0
LOC101929775,0.0
LOC101929777,0.0
LOC101929777-2,0.0
LOC101929777-3,0.0
LOC101929788,0.0
LOC101929788-2,0.0
LOC101929790,0.0
LOC101929800,0.0
LOC101929802,0.0
LOC101929805,0.0
LOC101929814,0.0
LOC101929819,0.0
LOC101929823,0.0
LOC101929823-2,0.0
LOC101929828,0.0
LOC101929828-2,0.0
LOC101929829,0.0
LOC101929846,0.0
LOC101929861,0.0
LOC101929863,0.0
LOC101929881,0.0
LOC101929894,0.0
LOC101929898,0.0
LOC101929902,0.0
LOC101929908,0.0
LOC101929918,0.0
LOC101929922,0.0
LOC101929922-2,0.0
LOC101929935,0.0
LOC101929937,0.0
LOC101929950,0.0
LOC101929963,0.0
LOC101929967,0.0
LOC101929974,0.30103000594597024
LOC101929976,0.0
LOC101929996,0.0
LOC101929998,0.0
LOC101930028,0.0
LOC101930053,0.0
LOC101930071,0.0
LOC101930091,0.0
LOC101930100,0.0
LOC101930109,0.0
LOC101930112,0.0
LOC101930129,0.0
LOC101930149,0.0
LOC101930276,0.0
LOC101930420,0.0
LOC101930421,0.0
LOC101930434,0.0
LOC101930434-2,0.0
LOC101930434-3,0.0
LOC101930496,0.0
LOC101930496-2,0.0
LOC101930665,0.0
LOC102467081,0.0
LOC102467216,0.0
LOC102467217,0.0
LOC102467226,0.0
LOC102503427,0.0
LOC102546299,0.0
LOC102606466,0.0
LOC102723305,0.0
LOC102723313,0.0
LOC102723321,0.0
LOC102723323,0.0
LOC102723324,0.0
LOC102723331,0.0
LOC102723334,0.0
LOC102723335,0.0
LOC102723338,0.0
LOC102723339,0.0
LOC102723340,0.0
LOC102723341,0.0
LOC102723342,0.0
LOC102723345,0.0
LOC102723347,0.0
LOC102723348,0.0
LOC102723360,0.0
LOC102723364,0.0
LOC102723368,0.0
LOC102723370,0.0
LOC102723373,0.0
LOC102723376,0.0
LOC102723380,0.0
LOC102723381,0.0
LOC102723382,0.0
LOC102723389,0.0
LOC102723392,0.0
LOC102723393,0.0
LOC102723395,0.0
LOC102723396,0.0
LOC102723401,0.3010299449185342
LOC102723403,0.0
LOC102723406,0.0
LOC102723407,0.0
LOC102723409,0.6020600404891482
LOC102723413,0.0
LOC102723414,0.0
LOC102723414-2,0.0
LOC102723427,0.0
LOC102723436,0.0
LOC102723439,0.0
LOC102723444,0.0
LOC102723445,0.0
LOC102723446,0.0
LOC102723447,0.0
LOC102723451,0.0
LOC102723458,0.0
LOC102723461,0.0
LOC102723464,0.0
LOC102723475,0.0
LOC102723480,0.0
LOC102723490,0.0
LOC102723502,0.0
LOC102723506,0.0
LOC102723512,0.0
LOC102723516,0.0
LOC102723517,0.0
LOC102723529,0.30103005107451836
LOC102723530,0.0
LOC102723532,0.0
LOC102723533,0.0
LOC102723534,0.0
LOC102723536,0.0
LOC102723543,0.0
LOC102723544,0.0
LOC102723546,0.0
LOC102723553,0.0
LOC102723560,0.0
LOC102723561,0.0
LOC102723561-2,0.0
LOC102723564,0.0
LOC102723564-2,0.0
LOC102723566,0.0
LOC102723568,0.0
LOC102723573,0.0
LOC102723575,0.0
LOC102723576,0.0
LOC102723594,0.0
LOC102723596,0.0
LOC102723604,0.0
LOC102723608,0.0
LOC102723624,0.0
LOC102723633,0.0
LOC102723635,0.0
LOC102723636,0.0
LOC102723638,0.0
LOC102723639,0.0
LOC102723654,0.0
LOC102723655,0.0
LOC102723656,0.0
LOC102723657,0.0
LOC102723663,0.0
LOC102723665,0.0
LOC102723670,0.0
LOC102723675,0.0
LOC102723678,0.0
LOC102723684,0.0
LOC102723686,0.0
LOC102723690,0.0
LOC102723692,0.0
LOC102723696,0.0
LOC102723701,0.0
LOC102723704,0.0
LOC102723708,0.0
LOC102723709,0.0
LOC102723713,0.0
LOC102723714,0.0
LOC102723716,0.0
LOC102723722,0.0
LOC102723722-2,0.0
LOC102723722-3,0.0
LOC102723724,0.3010296786880861
LOC102723725,0.0
LOC102723728,0.0
LOC102723730,0.0
LOC102723733,0.0
LOC102723739,0.0
LOC102723740,0.0
LOC102723749,0.0
LOC102723749-2,0.0
LOC102723750,0.0
LOC102723752,0.0
LOC102723753,0.0
LOC102723758,0.0
LOC102723759,0.0
LOC102723760,0.0
LOC102723763,0.0
LOC102723765,0.0
LOC102723769,0.0
LOC102723784,0.30102999769541106
LOC102723786,0.0
LOC102723786-2,0.0
LOC102723789,0.0
LOC102723791,0.0
LOC102723795,0.0
LOC102723798,0.0
LOC102723803,0.0
LOC102723811,0.0
LOC102723814,0.0
LOC102723819,0.0
LOC102723825,0.0
LOC102723831,0.0
LOC102723834,0.0
LOC102723838,0.0
LOC102723840,0.09691007049794483
LOC102723840-2,0.09691007049794483
LOC102723841,0.0
LOC102723842,0.0
LOC102723846,0.0
LOC102723847,0.0
LOC102723851,0.0
LOC102723851-2,0.0
LOC102723855,0.0
LOC102723855-2,0.0
LOC102723862,0.0
LOC102723869,0.0
LOC102723870,0.0
LOC102723872,0.0
LOC102723872-2,0.0
LOC102723876,0.0
LOC102723878,0.0
LOC102723879,0.0
LOC102723883,0.0
LOC102723890,0.0
LOC102723896,0.0
LOC102723897,0.0
LOC102723906,0.0
LOC102723910,0.0
LOC102723911,0.0
LOC102723914,0.0
LOC102723933,0.0
LOC102723933-2,0.0
LOC102723934,0.0
LOC102723935,0.0
LOC102723944,0.0
LOC102723948,0.0
LOC102723966,0.0
LOC102723967,0.0
LOC102723968,0.0
LOC102723971,0.0
LOC102723985,1.0761127249777882
LOC102723994,0.0
LOC102723996,0.0
LOC102724008,0.0
LOC102724014,0.0
LOC102724019,0.0
LOC102724020,0.0
LOC102724023,0.0
LOC102724027,0.0
LOC102724030,0.0
LOC102724034,0.0
LOC102724036,0.0
LOC102724046,0.0
LOC102724048,0.6020599914097531
LOC102724052,0.0
LOC102724058,2.388887883785956
LOC102724068,0.0
LOC102724072,0.0
LOC102724078,0.30102997001660736
LOC102724078-2,0.0
LOC102724078-3,0.0
LOC102724080,0.0
LOC102724081,0.0
LOC102724082,0.0
LOC102724087,0.0
LOC102724096,0.0
LOC102724102,0.0
LOC102724104,0.0
LOC102724117,0.0
LOC102724117-2,0.0
LOC102724120,0.0
LOC102724135,0.0
LOC102724142,0.0
LOC102724145,0.0
LOC102724146,1.7634278885529824
LOC102724149,0.0
LOC102724150,0.0
LOC102724151,0.0
LOC102724152,0.0
LOC102724158,0.0
LOC102724159,0.0
LOC102724183,0.0
LOC102724193,0.0
LOC102724194,0.0
LOC102724197,0.0
LOC102724200,0.0
LOC102724202,0.0
LOC102724207,0.0
LOC102724210,0.0
LOC102724214,0.0
LOC102724220,0.0
LOC102724222,0.0
LOC102724227,0.0
LOC102724234,0.0
LOC102724245,0.0
LOC102724250,0.0
LOC102724253,0.0
LOC102724261,0.0
LOC102724262,0.0
LOC102724273,0.0
LOC102724273-10,0.0
LOC102724273-2,0.0
LOC102724273-3,0.0
LOC102724273-4,0.0
LOC102724273-5,0.0
LOC102724273-6,0.0
LOC102724273-7,0.0
LOC102724273-8,0.0
LOC102724273-9,0.0
LOC102724288,0.0
LOC102724289,0.0
LOC102724290,0.0
LOC102724319,0.0
LOC102724322,0.0
LOC102724323,0.0
LOC102724327,0.0
LOC102724333,0.0
LOC102724334,0.0
LOC102724340,0.0
LOC102724351,0.0
LOC102724354,0.0
LOC102724355,0.0
LOC102724357,0.0
LOC102724363,0.0
LOC102724370,0.0
LOC102724378,0.0
LOC102724379,0.0
LOC102724382,0.0
LOC102724389,0.0
LOC102724407,0.0
LOC102724410,0.0
LOC102724416,2.8221680524574517
LOC102724417,0.0
LOC102724419,0.0
LOC102724421,0.0
LOC102724427,0.0
LOC102724428,0.0
LOC102724429,0.0
LOC102724431,0.0
LOC102724434,0.0
LOC102724439,0.0
LOC102724443,0.0
LOC102724446,0.0
LOC102724452,0.0
LOC102724458,0.0
LOC102724463,0.0
LOC102724465,0.0
LOC102724467,0.0
LOC102724474,0.0
LOC102724479,2.0969098009914737
LOC102724482,0.0
LOC102724489,0.0
LOC102724491,0.0
LOC102724495,0.0
LOC102724497,0.0
LOC102724507,0.0
LOC102724510,0.0
LOC102724511,0.0
LOC102724517,0.0
LOC102724520,0.0
LOC102724521,0.09691007049794483
LOC102724521-2,0.09691007049794483
LOC102724523,0.0
LOC102724527,0.0
LOC102724528,0.0
LOC102724530,0.0
LOC102724533,0.0
LOC102724542,0.0
LOC102724545,0.0
LOC102724551,0.0
LOC102724553,0.0
LOC102724557,0.0
LOC102724560,0.0
LOC102724562,0.0
LOC102724572,0.0
LOC102724577,0.0
LOC102724579,0.0
LOC102724580,0.0
LOC102724586,0.0
LOC102724587,0.0
LOC102724591,0.0
LOC102724593,0.0
LOC102724594,0.0
LOC102724603,0.0
LOC102724604,0.0
LOC102724608,0.0
LOC102724612,0.3010300020133013
LOC102724624,0.0
LOC102724625,0.0
LOC102724632,0.0
LOC102724637,0.0
LOC102724638,0.0
LOC102724642,0.0
LOC102724646,0.0
LOC102724652,0.0
LOC102724653,0.0
LOC102724672,0.0
LOC102724680,0.0
LOC102724682,0.0
LOC102724684,0.0
LOC102724687,0.0
LOC102724700,0.0
LOC102724701,0.0
LOC102724710,0.0
LOC102724711,0.0
LOC102724719,0.0
LOC102724720,0.0
LOC102724723,0.0
LOC102724727,0.0
LOC102724728,0.0
LOC102724732,0.0
LOC102724734,0.0
LOC102724736,0.0
LOC102724737,0.0
LOC102724737-2,0.0
LOC102724737-3,0.0
LOC102724738,0.0
LOC102724744,0.0
LOC102724749,0.0
LOC102724750,0.0
LOC102724751,0.0
LOC102724754,0.0
LOC102724760,0.0
LOC102724765,0.0
LOC102724768,0.0
LOC102724772,0.0
LOC102724775,0.0
LOC102724778,0.0
LOC102724780,0.0
LOC102724785,0.0
LOC102724793,0.0
LOC102724800,0.0
LOC102724801,0.0
LOC102724802,1.7853298374049462
LOC102724804,0.0
LOC102724805,0.0
LOC102724808,0.0
LOC102724813,0.0
LOC102724817,0.0
LOC102724817-2,0.0
LOC102724818,0.0
LOC102724830,0.0
LOC102724838,0.0
LOC102724843,0.0
LOC102724847,0.0
LOC102724848,0.0
LOC102724849,0.0
LOC102724851,0.0
LOC102724851-2,0.0
LOC102724856,0.0
LOC102724858,0.0
LOC102724859,0.0
LOC102724861,0.0
LOC102724863,0.0
LOC102724874,0.0
LOC102724875,0.0
LOC102724877,0.0
LOC102724883,0.0
LOC102724892,0.0
LOC102724900,0.0
LOC102724902,0.0
LOC102724903,0.0
LOC102724904,0.0
LOC102724906,0.0
LOC102724908,0.0
LOC102724916,0.0
LOC102724929,0.0
LOC102724934,0.0
LOC102724938,0.0
LOC102724943,0.30102997253171404
LOC102724945,0.0
LOC102724948,0.0
LOC102724949,0.0
LOC102724950,0.0
LOC102724955,0.0
LOC102724956,0.0
LOC102724956-2,0.0
LOC102724956-3,0.0
LOC102724958,0.0
LOC102724960,0.0
LOC102724965,0.0
LOC102724968,0.0
LOC102724971,0.0
LOC102724971-2,0.0
LOC102724977,0.0
LOC102724977-2,0.0
LOC102724983,0.0
LOC102724992,1.3560440069685669
LOC102725019,0.0
LOC102725023,0.0
LOC102725023-2,0.0
LOC102725023-3,0.0
LOC102725035,0.0
LOC102725048,0.0
LOC102725051,0.0
LOC102725065,0.0
LOC102725080,0.0
LOC102725082,0.0
LOC102725112,0.0
LOC102725116,0.0
LOC102725148,0.0
LOC102725159,0.0
LOC102725165,0.0
LOC102725165-2,0.0
LOC102725168,0.0
LOC102725168-2,0.0
LOC102725180,0.0
LOC102725220,0.0
LOC102725227,0.0
LOC102725228,0.0
LOC102725231,0.0
LOC102725238,0.0
LOC102725254,0.0
LOC102725258,0.0
LOC102725532,0.0
LOC103021295,0.0
LOC103171574,0.0
LOC103344931,0.0
LOC103352541,0.0
LOC104054148,0.0
LOC104613533,0.0
LOC105274304,0.0
LOC105369140,0.0
LOC105369143,0.0
LOC105369146,0.0
LOC105369147,0.0
LOC105369149,0.0
LOC105369151,0.0
LOC105369161,0.0
LOC105369164,0.0
LOC105369165,0.0
LOC105369167,0.0
LOC105369171,0.0
LOC105369177,0.0
LOC105369183,0.0
LOC105369187,0.0
LOC105369194,0.0
LOC105369199,0.0
LOC105369203,0.0
LOC105369209,0.0
LOC105369212,0.0
LOC105369213,0.0
LOC105369218,0.0
LOC105369225,1.5577553590955486
LOC105369225-2,0.0
LOC105369226,0.0
LOC105369227,0.0
LOC105369227-2,0.0
LOC105369228,0.0
LOC105369228-2,0.0
LOC105369249,0.0
LOC105369250,0.0
LOC105369266,0.0
LOC105369289,0.0
LOC105369292,0.0
LOC105369293,0.0
LOC105369294,0.0
LOC105369294-2,0.0
LOC105369297,0.0
LOC105369298,0.0
LOC105369299,0.0
LOC105369302,0.0
LOC105369304,0.0
LOC105369305,0.31263544511406244
LOC105369306,0.0
LOC105369308,0.0
LOC105369309,0.0
LOC105369310,0.0
LOC105369313,0.0
LOC105369315,0.0
LOC105369321,0.0
LOC105369322,0.0
LOC105369325,0.0
LOC105369326,0.0
LOC105369329,0.0
LOC105369331,0.0
LOC105369333,0.0
LOC105369334,0.0
LOC105369335,0.0
LOC105369339,0.0
LOC105369341,0.0
LOC105369344,0.0
LOC105369350,0.0
LOC105369354,0.0
LOC105369358,0.0
LOC105369363,0.0
LOC105369366,0.0
LOC105369366-2,0.0
LOC105369367,0.0
LOC105369368,0.0
LOC105369370,0.0
LOC105369371,0.0
LOC105369373,0.0
LOC105369376,0.0
LOC105369377,0.0
LOC105369382,0.0
LOC105369383,0.0
LOC105369386,0.0
LOC105369389,0.0
LOC105369391,0.0
LOC105369392,0.0
LOC105369395,0.0
LOC105369397,0.0
LOC105369399,0.0
LOC105369400,0.0
LOC105369401,0.0
LOC105369402,0.0
LOC105369403,0.0
LOC105369405,0.0
LOC105369406,0.0
LOC105369408,0.0
LOC105369409,0.0
LOC105369410,0.0
LOC105369416,0.0
LOC105369420,0.0
LOC105369421,0.0
LOC105369422,0.0
LOC105369429,0.0
LOC105369435,0.0
LOC105369439,0.0
LOC105369440,0.0
LOC105369441,0.0
LOC105369448,0.0
LOC105369450,0.0
LOC105369451,0.0
LOC105369452,0.0
LOC105369453,0.0
LOC105369455,0.0
LOC105369456,0.0
LOC105369457,0.0
LOC105369458,0.0
LOC105369460,0.0
LOC105369463,0.0
LOC105369466,0.0
LOC105369468,0.0
LOC105369469,0.0
LOC105369474,0.0
LOC105369475,0.0
LOC105369477,1.2976193047359432
LOC105369483,0.0
LOC105369484,0.0
LOC105369488,0.0
LOC105369489,0.0
LOC105369491,0.0
LOC105369496,0.0
LOC105369498,0.0
LOC105369501,0.0
LOC105369506,0.0
LOC105369509,0.0
LOC105369511,0.0
LOC105369513,0.0
LOC105369515,0.0
LOC105369517,0.0
LOC105369519,0.0
LOC105369520,0.0
LOC105369526,0.0
LOC105369527,0.0
LOC105369529,0.0
LOC105369530,0.0
LOC105369531,0.0
LOC105369532,0.0
LOC105369533,0.0
LOC105369534,0.0
LOC105369535,0.0
LOC105369539,0.0
LOC105369540,0.0
LOC105369543,0.0
LOC105369544,0.0
LOC105369545,0.0
LOC105369551,0.0
LOC105369558,0.0
LOC105369559,0.0
LOC105369561,0.0
LOC105369562,0.0
LOC105369565,0.0
LOC105369568,0.0
LOC105369571,0.0
LOC105369572,0.0
LOC105369574,0.0
LOC105369575,0.0
LOC105369576,0.0
LOC105369577,0.0
LOC105369578,0.0
LOC105369579,0.0
LOC105369580,0.0
LOC105369583,0.0
LOC105369587,0.0
LOC105369591,0.0
LOC105369594,0.0
LOC105369595,0.0
LOC105369601,0.0
LOC105369601-2,0.0
LOC105369602,0.0
LOC105369602-2,0.0
LOC105369607,0.0
LOC105369608,0.0
LOC105369611,0.0
LOC105369612,0.0
LOC105369616,0.0
LOC105369617,0.0
LOC105369618,0.0
LOC105369621,0.0
LOC105369622,0.0
LOC105369623,0.0
LOC105369625,0.0
LOC105369626,0.0
LOC105369631,0.0
LOC105369632,0.0
LOC105369634,0.0
LOC105369645,0.0
LOC105369647,0.0
LOC105369649,0.0
LOC105369655,0.0
LOC105369656,0.0
LOC105369657,0.0
LOC105369658,0.0
LOC105369663,0.0
LOC105369666,0.0
LOC105369667,1.462398330366482
LOC105369668,0.0
LOC105369669,0.0
LOC105369672,0.0
LOC105369673,0.0
LOC105369677,0.0
LOC105369682,0.0
LOC105369685,0.0
LOC105369686,0.0
LOC105369687,0.0
LOC105369688,0.0
LOC105369689,0.0
LOC105369690,0.0
LOC105369697,0.0
LOC105369698,0.0
LOC105369699,0.0
LOC105369701,0.0
LOC105369704,0.0
LOC105369705,0.0
LOC105369709,0.0
LOC105369710,0.0
LOC105369711,0.0
LOC105369714,0.0
LOC105369715,0.0
LOC105369716,0.0
LOC105369718,0.0
LOC105369719,0.0
LOC105369722,0.0
LOC105369724,0.0
LOC105369725,0.0
LOC105369726,0.0
LOC105369728,0.0
LOC105369735,0.0
LOC105369736,0.0
LOC105369742,0.0
LOC105369743,0.0
LOC105369744,0.0
LOC105369745,0.0
LOC105369746,0.0
LOC105369747,0.0
LOC105369750,0.0
LOC105369752,0.0
LOC105369753,0.0
LOC105369755,0.0
LOC105369756,0.0
LOC105369757,0.0
LOC105369759,0.0
LOC105369761,0.0
LOC105369763,0.0
LOC105369764,0.0
LOC105369767,0.0
LOC105369774,0.0
LOC105369775,0.0
LOC105369777,0.0
LOC105369781,0.0
LOC105369782,0.0
LOC105369783,0.0
LOC105369784,0.0
LOC105369784-2,0.0
LOC105369786,0.0
LOC105369787,0.0
LOC105369788,0.0
LOC105369789,0.0
LOC105369793,0.0
LOC105369795,0.34331115761127873
LOC105369797,0.0
LOC105369798,0.0
LOC105369801,0.0
LOC105369803,0.0
LOC105369806,0.0
LOC105369808,0.0
LOC105369809,0.0
LOC105369811,0.0
LOC105369812,0.0
LOC105369813,0.0
LOC105369816,0.30102986964120315
LOC105369818,0.0
LOC105369819,0.0
LOC105369823,0.0
LOC105369828,0.0
LOC105369831,0.0
LOC105369832,0.0
LOC105369833,0.0
LOC105369838,0.0
LOC105369839,0.0
LOC105369842,0.0
LOC105369843,0.0
LOC105369844,0.0
LOC105369846,0.0
LOC105369847,0.0
LOC105369850,0.0
LOC105369851,0.0
LOC105369853,0.0
LOC105369859,0.0
LOC105369863,0.0
LOC105369867,0.0
LOC105369872,0.0
LOC105369873,0.0
LOC105369874,0.0
LOC105369875,0.0
LOC105369877,0.0
LOC105369878,0.0
LOC105369878-2,0.0
LOC105369879,0.0
LOC105369880,0.0
LOC105369881,0.0
LOC105369885,0.0
LOC105369886,0.0
LOC105369887,0.0
LOC105369889,0.0
LOC105369890,2.618048098155655
LOC105369892,0.0
LOC105369895,0.0
LOC105369896,0.0
LOC105369901,0.0
LOC105369902,0.0
LOC105369904,0.0
LOC105369905,0.0
LOC105369908,0.0
LOC105369911,0.0
LOC105369912,0.0
LOC105369913,0.0
LOC105369914,0.30102999611229037
LOC105369915,0.0
LOC105369917,0.0
LOC105369919,0.0
LOC105369923,0.0
LOC105369927,0.0
LOC105369928,0.0
LOC105369930,0.0
LOC105369932,0.0
LOC105369933,0.0
LOC105369935,0.0
LOC105369937,0.0
LOC105369938,0.0
LOC105369945,0.0
LOC105369946,0.0
LOC105369947,0.0
LOC105369949,1.3497373107925381
LOC105369952,0.0
LOC105369955,0.0
LOC105369956,0.0
LOC105369957,0.0
LOC105369958,0.0
LOC105369959,0.0
LOC105369960,0.0
LOC105369961,0.0
LOC105369963,0.0
LOC105369964,0.0
LOC105369965,0.0
LOC105369968,0.3010301293045418
LOC105369969,0.0
LOC105369974,0.0
LOC105369975,0.0
LOC105369976,0.0
LOC105369981,0.0
LOC105369983,0.0
LOC105369989,0.0
LOC105369990,0.0
LOC105369991,0.0
LOC105369993,0.0
LOC105369994,0.0
LOC105369995,0.0
LOC105369998,0.0
LOC105369999,0.0
LOC105370002,0.0
LOC105370003,0.0
LOC105370005,0.0
LOC105370007,0.0
LOC105370008,0.0
LOC105370010,0.0
LOC105370011,0.0
LOC105370012,0.0
LOC105370017,0.0
LOC105370018,0.0
LOC105370019,0.0
LOC105370020,0.0
LOC105370021,0.0
LOC105370022,0.0
LOC105370024,0.0
LOC105370025,0.0
LOC105370026,0.0
LOC105370027,0.0
LOC105370029,0.0
LOC105370030,0.0
LOC105370031,0.0
LOC105370032,0.0
LOC105370034,0.0
LOC105370041,0.0
LOC105370042,0.0
LOC105370044,0.0
LOC105370047,0.0
LOC105370050,0.0
LOC105370052,0.0
LOC105370053,0.0
LOC105370054,0.0
LOC105370055,0.0
LOC105370056,0.0
LOC105370058,0.0
LOC105370061,0.0
LOC105370062,0.0
LOC105370062-2,0.0
LOC105370063,0.0
LOC105370064,0.0
LOC105370066,0.0
LOC105370067,0.0
LOC105370068,0.0
LOC105370069,0.0
LOC105370071,0.0
LOC105370073,0.0
LOC105370074,0.0
LOC105370076,0.0
LOC105370077,0.0
LOC105370080,0.0
LOC105370082,0.0
LOC105370084,0.0
LOC105370086,0.0
LOC105370087,0.0
LOC105370088,0.0
LOC105370091,0.0
LOC105370091-2,0.0
LOC105370092,0.0
LOC105370094,0.0
LOC105370101,0.0
LOC105370102,0.0
LOC105370103,0.0
LOC105370104,0.0
LOC105370105,0.0
LOC105370108,0.0
LOC105370109,0.0
LOC105370111,0.0
LOC105370112,0.0
LOC105370113,0.0
LOC105370115,0.0
LOC105370117,0.0
LOC105370118,0.0
LOC105370119,0.33016622197655726
LOC105370120,0.0
LOC105370121,0.0
LOC105370122,0.0
LOC105370124,0.0
LOC105370126,0.0
LOC105370129,0.0
LOC105370130,0.0
LOC105370132,0.0
LOC105370135,0.0
LOC105370139,0.0
LOC105370145,0.0
LOC105370148,0.0
LOC105370150,0.0
LOC105370152,0.0
LOC105370156,0.0
LOC105370159,0.0
LOC105370161,0.0
LOC105370163,0.0
LOC105370167,0.0
LOC105370168,0.0
LOC105370169,0.0
LOC105370170,0.0
LOC105370171,0.0
LOC105370173,0.0
LOC105370174,0.0
LOC105370175,0.0
LOC105370176,0.0
LOC105370178,0.0
LOC105370179,0.0
LOC105370182,0.0
LOC105370185,0.0
LOC105370187,0.0
LOC105370188,0.0
LOC105370190,0.0
LOC105370191,0.0
LOC105370192,0.0
LOC105370194,0.0
LOC105370195,0.0
LOC105370196,0.0
LOC105370198,0.0
LOC105370202,0.0
LOC105370203,0.0
LOC105370204,0.0
LOC105370205,0.0
LOC105370207,0.0
LOC105370210,0.0
LOC105370213,0.0
LOC105370214,0.0
LOC105370216,0.0
LOC105370217,0.0
LOC105370218,0.0
LOC105370219,0.0
LOC105370220,0.0
LOC105370221,0.0
LOC105370222,0.0
LOC105370223,0.0
LOC105370224,0.0
LOC105370227,0.0
LOC105370228,0.0
LOC105370230,0.0
LOC105370231,0.0
LOC105370232,0.0
LOC105370234,0.0
LOC105370235,0.0
LOC105370236,0.0
LOC105370237,0.0
LOC105370238,0.0
LOC105370239,0.0
LOC105370240,0.0
LOC105370241,0.0
LOC105370243,0.0
LOC105370244,0.0
LOC105370245,0.0
LOC105370246,0.0
LOC105370247,0.3010308829175703
LOC105370248,0.0
LOC105370249,0.0
LOC105370250,0.0
LOC105370251,0.0
LOC105370254,0.0
LOC105370255,0.0
LOC105370256,0.0
LOC105370259,0.0
LOC105370260,0.0
LOC105370261,0.0
LOC105370262,0.0
LOC105370263,0.0
LOC105370264,0.0
LOC105370265,0.0
LOC105370266,0.0
LOC105370269,0.0
LOC105370271,0.0
LOC105370272,0.0
LOC105370273,0.0
LOC105370274,0.0
LOC105370275,0.0
LOC105370276,0.0
LOC105370278,0.0
LOC105370281,0.0
LOC105370282,0.0
LOC105370283,0.0
LOC105370284,0.0
LOC105370285,0.0
LOC105370286,0.0
LOC105370287,0.0
LOC105370289,0.0
LOC105370290,0.0
LOC105370291,0.0
LOC105370292,0.0
LOC105370295,0.0
LOC105370297,0.0
LOC105370299,0.0
LOC105370300,0.0
LOC105370301,0.0
LOC105370302,0.0
LOC105370304,0.0
LOC105370307,0.0
LOC105370310,0.0
LOC105370311,0.0
LOC105370312,0.0
LOC105370313,0.0
LOC105370314,0.0
LOC105370315,0.0
LOC105370317,0.0
LOC105370324,0.0
LOC105370325,0.0
LOC105370327,0.0
LOC105370328,0.0
LOC105370330,0.0
LOC105370332,0.0
LOC105370335,0.0
LOC105370337,0.0
LOC105370338,0.0
LOC105370339,0.0
LOC105370340,0.0
LOC105370342,0.0
LOC105370343,0.0
LOC105370344,0.0
LOC105370345,0.0
LOC105370346,0.0
LOC105370349,0.0
LOC105370353,0.0
LOC105370355,0.0
LOC105370356,0.0
LOC105370359,0.0
LOC105370360,0.0
LOC105370362,0.0
LOC105370363,0.0
LOC105370364,0.0
LOC105370365,0.0
LOC105370366,0.0
LOC105370370,0.0
LOC105370370-2,0.0
LOC105370372,0.0
LOC105370372-2,0.0
LOC105370373,0.0
LOC105370373-2,0.0
LOC105370384,0.0
LOC105370397,0.0
LOC105370398,0.0
LOC105370399,0.0
LOC105370406,0.0
LOC105370407,0.0
LOC105370408,0.0
LOC105370409,0.0
LOC105370409-2,0.0
LOC105370410,0.0
LOC105370410-2,0.0
LOC105370411,0.0
LOC105370411-2,0.0
LOC105370412,0.0
LOC105370412-2,0.0
LOC105370413,0.0
LOC105370415,0.0
LOC105370418,0.0
LOC105370419,0.0
LOC105370420,0.0
LOC105370421,0.0
LOC105370429,0.0
LOC105370430,0.0
LOC105370432,0.0
LOC105370438,0.0
LOC105370440,0.0
LOC105370444,0.0
LOC105370446,0.0
LOC105370447,0.0
LOC105370449,0.3049824310841352
LOC105370450,0.0
LOC105370452,0.0
LOC105370453,0.0
LOC105370455,0.0
LOC105370456,1.0413926602414643
LOC105370457,0.0
LOC105370459,0.0
LOC105370460,0.0
LOC105370461,0.6020599252637322
LOC105370462,0.0
LOC105370463,0.0
LOC105370464,0.0
LOC105370465,0.0
LOC105370466,0.0
LOC105370467,0.0
LOC105370470,0.0
LOC105370472,0.0
LOC105370473,0.0
LOC105370475,0.0
LOC105370476,0.3374637439550205
LOC105370478,0.0
LOC105370480,0.0
LOC105370481,0.0
LOC105370482,0.0
LOC105370485,0.0
LOC105370489,0.0
LOC105370495,0.0
LOC105370497,0.0
LOC105370500,1.176091126947226
LOC105370502,0.0
LOC105370504,1.089717837131471
LOC105370505,0.0
LOC105370507,0.0
LOC105370508,0.0
LOC105370511,0.0
LOC105370512,0.0
LOC105370513,0.0
LOC105370518,0.0
LOC105370519,0.0
LOC105370525,0.0
LOC105370528,0.0
LOC105370529,0.0
LOC105370530,0.0
LOC105370531,1.8469482207076078
LOC105370532,0.0
LOC105370534,0.0
LOC105370538,0.0
LOC105370542,0.0
LOC105370546,0.0
LOC105370547,0.0
LOC105370549,0.0
LOC105370552,0.0
LOC105370556,0.0
LOC105370557,0.0
LOC105370559,1.5427342949682579
LOC105370563,0.0
LOC105370564,0.0
LOC105370567,0.0
LOC105370569,0.0
LOC105370572,0.0
LOC105370573,0.0
LOC105370575,0.0
LOC105370576,0.0
LOC105370577,0.0
LOC105370579,0.0
LOC105370581,0.0
LOC105370582,0.0
LOC105370583,0.9999998728252091
LOC105370586,0.0
LOC105370588,0.0
LOC105370589,0.0
LOC105370590,0.0
LOC105370591,0.0
LOC105370593,0.0
LOC105370594,0.0
LOC105370598,0.0
LOC105370599,0.0
LOC105370600,0.0
LOC105370601,0.0
LOC105370603,0.0
LOC105370604,0.0
LOC105370608,0.0
LOC105370612,0.0
LOC105370614,0.0
LOC105370615,0.0
LOC105370616,0.0
LOC105370617,0.0
LOC105370618,0.0
LOC105370619,0.0
LOC105370622,0.0
LOC105370624,0.0
LOC105370627,0.0
LOC105370631,0.0
LOC105370631-2,0.0
LOC105370634,0.0
LOC105370634-2,0.0
LOC105370635,0.0
LOC105370637,0.0
LOC105370638,0.0
LOC105370639,0.0
LOC105370640,0.0
LOC105370643,0.0
LOC105370644,0.0
LOC105370645,0.0
LOC105370647,0.0
LOC105370650,0.0
LOC105370651,0.0
LOC105370653,0.0
LOC105370654,0.0
LOC105370655,0.0
LOC105370656,0.0
LOC105370657,0.0
LOC105370658,0.0
LOC105370659,0.0
LOC105370660,0.7781512354827804
LOC105370661,0.0
LOC105370664,0.0
LOC105370668,0.0
LOC105370669,0.0
LOC105370670,0.0
LOC105370673,0.0
LOC105370674,0.0
LOC105370675,0.0
LOC105370677,0.0
LOC105370679,0.0
LOC105370680,0.0
LOC105370685,0.0
LOC105370686,0.0
LOC105370688,0.0
LOC105370689,0.0
LOC105370697,0.0
LOC105370698,0.0
LOC105370698-2,0.0
LOC105370700,0.0
LOC105370700-2,0.0
LOC105370705,0.0
LOC105370706,0.0
LOC105370714,0.0
LOC105370714-2,0.0
LOC105370714-3,0.0
LOC105370715,0.0
LOC105370726,0.0
LOC105370726-2,0.0
LOC105370728,0.0
LOC105370728-2,0.0
LOC105370729,0.0
LOC105370729-2,0.0
LOC105370730,0.0
LOC105370732,0.0
LOC105370732-2,0.0
LOC105370733,0.0
LOC105370739,0.0
LOC105370740,0.0
LOC105370743,0.0
LOC105370743-2,0.0
LOC105370743-3,0.0
LOC105370746,0.0
LOC105370746-2,0.0
LOC105370746-3,0.0
LOC105370747,0.0
LOC105370747-2,0.0
LOC105370747-3,0.0
LOC105370751,0.0
LOC105370751-2,0.0
LOC105370751-3,0.0
LOC105370752,0.0
LOC105370752-2,0.0
LOC105370752-3,0.0
LOC105370753,0.0
LOC105370756,0.0
LOC105370756-2,0.0
LOC105370756-3,0.0
LOC105370759,0.0
LOC105370763,0.0
LOC105370764,0.0
LOC105370765,0.0
LOC105370766,0.0
LOC105370767,0.0
LOC105370768,0.0
LOC105370769,0.0
LOC105370770,0.0
LOC105370772,0.0
LOC105370773,0.0
LOC105370774,0.0
LOC105370775,0.0
LOC105370776,0.0
LOC105370777,0.0
LOC105370780,0.0
LOC105370781,0.0
LOC105370783,0.0
LOC105370784,0.0
LOC105370785,0.0
LOC105370787,0.0
LOC105370789,0.0
LOC105370790,0.0
LOC105370791,0.0
LOC105370792,0.0
LOC105370793,0.0
LOC105370794,0.0
LOC105370798,0.0
LOC105370798-2,0.0
LOC105370802,0.0
LOC105370803,0.0
LOC105370804,0.0
LOC105370805,0.0
LOC105370811,0.0
LOC105370816,0.0
LOC105370819,0.0
LOC105370820,0.0
LOC105370821,0.0
LOC105370823,0.0
LOC105370824,0.0
LOC105370826,0.0
LOC105370827,0.0
LOC105370829,0.0
LOC105370832,0.0
LOC105370834,0.0
LOC105370838,0.0
LOC105370839,0.0
LOC105370840,0.0
LOC105370841,1.9867717506421683
LOC105370844,0.0
LOC105370846,0.0
LOC105370847,0.0
LOC105370854,0.0
LOC105370855,0.0
LOC105370861,0.0
LOC105370866,0.0
LOC105370867,0.0
LOC105370867-2,0.0
LOC105370869,0.0
LOC105370870,0.0
LOC105370871,0.0
LOC105370873,0.0
LOC105370878,0.0
LOC105370884,0.0
LOC105370886,0.0
LOC105370887,0.0
LOC105370890,0.0
LOC105370891,0.0
LOC105370892,0.0
LOC105370893,0.0
LOC105370893-2,0.0
LOC105370897,0.0
LOC105370902,0.0
LOC105370904,0.0
LOC105370906,0.0
LOC105370910,0.0
LOC105370912,0.0
LOC105370913,0.0
LOC105370917,0.0
LOC105370918,0.0
LOC105370919,0.0
LOC105370921,0.0
LOC105370922,0.0
LOC105370923,0.0
LOC105370924,0.0
LOC105370926,0.0
LOC105370926-2,0.0
LOC105370928,0.0
LOC105370932,0.0
LOC105370933,0.0
LOC105370934,0.0
LOC105370935,0.0
LOC105370935-2,0.0
LOC105370936,0.0
LOC105370939,0.0
LOC105370939-2,0.0
LOC105370939-3,0.0
LOC105370941,0.0
LOC105370943,0.0
LOC105370946,0.0
LOC105370946-2,0.0
LOC105370947,0.0
LOC105370948,0.0
LOC105370952,0.0
LOC105370953,0.0
LOC105370954,0.0
LOC105370955,0.0
LOC105370957,0.0
LOC105370958,0.0
LOC105370959,0.0
LOC105370960,0.0
LOC105370964,0.0
LOC105370969,0.0
LOC105370970,0.0
LOC105370972,0.0
LOC105370973,0.6020599459824719
LOC105370974,0.0
LOC105370980,0.3010299385580581
LOC105370982,0.0
LOC105370984,0.0
LOC105370986,0.0
LOC105370987,0.0
LOC105370988,0.0
LOC105370989,0.0
LOC105370990,0.0
LOC105370991,0.0
LOC105370993,0.0
LOC105370995,0.0
LOC105370997,0.0
LOC105370998,0.0
LOC105371001,0.0
LOC105371002,0.0
LOC105371004,0.0
LOC105371005,0.0
LOC105371006,0.0
LOC105371007,0.0
LOC105371009,0.0
LOC105371010,0.0
LOC105371017,0.0
LOC105371019,0.0
LOC105371020,0.0
LOC105371021,0.0
LOC105371022,0.0
LOC105371024,0.0
LOC105371026,0.0
LOC105371031,0.0
LOC105371038,0.0
LOC105371042,0.0
LOC105371044,0.0
LOC105371046,0.0
LOC105371050,0.0
LOC105371055,0.0
LOC105371059,0.0
LOC105371060,0.0
LOC105371062,0.0
LOC105371064,0.0
LOC105371067,0.0
LOC105371068,0.0
LOC105371069,0.0
LOC105371072,0.0
LOC105371075,0.0
LOC105371076,0.0
LOC105371077,0.0
LOC105371078,0.0
LOC105371079,0.0
LOC105371081,0.0
LOC105371082,0.0
LOC105371083,0.0
LOC105371085,0.0
LOC105371087,0.30102998491369903
LOC105371088,0.0
LOC105371090,0.0
LOC105371091,0.0
LOC105371092,0.0
LOC105371093,0.0
LOC105371094,0.0
LOC105371094-2,0.0
LOC105371096,0.0
LOC105371096-2,0.0
LOC105371097,0.0
LOC105371097-2,0.0
LOC105371099,0.0
LOC105371099-2,1.5091897317299114
LOC105371100,0.0
LOC105371100-2,0.0
LOC105371102,0.0
LOC105371102-2,0.0
LOC105371105,0.0
LOC105371105-2,0.0
LOC105371106,0.0
LOC105371108,0.0
LOC105371114,0.0
LOC105371115,0.0
LOC105371116,0.0
LOC105371117,0.0
LOC105371119,0.0
LOC105371120,0.0
LOC105371121,0.0
LOC105371123,0.0
LOC105371123-2,0.9542422663140506
LOC105371125,0.0
LOC105371125-2,0.0
LOC105371126,0.0
LOC105371126-2,0.0
LOC105371129,0.0
LOC105371131,0.0
LOC105371131-2,0.0
LOC105371132,0.0
LOC105371143,0.0
LOC105371147,0.0
LOC105371149,0.0
LOC105371150,0.0
LOC105371153,0.0
LOC105371154,0.0
LOC105371155,0.0
LOC105371157,0.0
LOC105371159,0.0
LOC105371167,0.0
LOC105371168,0.0
LOC105371172,0.0
LOC105371174,0.0
LOC105371175,0.0
LOC105371177,0.0
LOC105371191,0.0
LOC105371197,0.3010298357399919
LOC105371198,0.0
LOC105371199,0.0
LOC105371200,0.0
LOC105371201,0.0
LOC105371203,0.0
LOC105371204,0.0
LOC105371206,0.0
LOC105371207,0.0
LOC105371209,0.0
LOC105371211,0.0
LOC105371215,0.0
LOC105371216,0.0
LOC105371217,0.0
LOC105371222,0.0
LOC105371223,0.0
LOC105371224,1.3187459701490105
LOC105371225,0.4771214521686057
LOC105371227,0.30102994875716144
LOC105371229,0.0
LOC105371230,0.0
LOC105371233,0.0
LOC105371235,0.0
LOC105371236,0.0
LOC105371237,0.0
LOC105371240,0.29095201937265225
LOC105371241,0.0
LOC105371243,0.0
LOC105371244,0.0
LOC105371253,0.0
LOC105371254,0.0
LOC105371256,0.0
LOC105371257,0.0
LOC105371259,0.0
LOC105371261,0.0
LOC105371262,0.0
LOC105371265,0.0
LOC105371268,0.0
LOC105371269,0.0
LOC105371271,0.0
LOC105371272,0.0
LOC105371274,0.0
LOC105371275,0.0
LOC105371276,0.0
LOC105371277,0.0
LOC105371278,0.0
LOC105371279,0.0
LOC105371280,0.0
LOC105371281,0.0
LOC105371283,0.0
LOC105371287,0.0
LOC105371288,0.0
LOC105371291,0.0
LOC105371293,0.0
LOC105371296,0.0
LOC105371298,0.0
LOC105371299,0.0
LOC105371300,0.0
LOC105371301,0.0
LOC105371302,0.0
LOC105371306,0.0
LOC105371307,0.0
LOC105371308,0.0
LOC105371309,0.0
LOC105371310,0.0
LOC105371311,0.0
LOC105371313,0.0
LOC105371316,0.0
LOC105371317,0.0
LOC105371318,0.0
LOC105371321,0.0
LOC105371325,0.0
LOC105371328,0.0
LOC105371332,0.0
LOC105371332-2,0.0
LOC105371334,0.0
LOC105371335,0.0
LOC105371341,0.0
LOC105371342,0.0
LOC105371343,0.0
LOC105371344,0.0
LOC105371347,0.0
LOC105371348,0.0
LOC105371349,0.0
LOC105371351,0.0
LOC105371354,0.0
LOC105371356,0.0
LOC105371357,0.0
LOC105371358,0.0
LOC105371361,0.0
LOC105371361-2,0.0
LOC105371362,0.0
LOC105371372,0.0
LOC105371376,0.0
LOC105371378,0.0
LOC105371381,0.0
LOC105371382,0.0
LOC105371388,0.0
LOC105371389,0.0
LOC105371392,0.0
LOC105371394,0.0
LOC105371399,0.0
LOC105371401,0.0
LOC105371403,0.0
LOC105371406,0.0
LOC105371409,0.0
LOC105371411,0.0
LOC105371412,0.0
LOC105371414,0.0
LOC105371425,0.0
LOC105371425-2,0.0
LOC105371430,0.0
LOC105371434,0.0
LOC105371438,0.0
LOC105371442,0.0
LOC105371444,0.0
LOC105371445,0.0
LOC105371446,0.0
LOC105371449,0.0
LOC105371452,0.0
LOC105371456,0.0
LOC105371457,0.0
LOC105371458,0.0
LOC105371459,0.0
LOC105371460,0.0
LOC105371464,0.0
LOC105371466,0.0
LOC105371467,0.0
LOC105371468,0.0
LOC105371470,0.0
LOC105371472,0.0
LOC105371473,0.0
LOC105371475,0.6020599117320606
LOC105371480,0.0
LOC105371480-2,0.0
LOC105371481,0.0
LOC105371481-2,0.0
LOC105371481-3,0.0
LOC105371483,0.0
LOC105371485,0.0
LOC105371486,0.0
LOC105371490,0.0
LOC105371493,0.0
LOC105371498,0.0
LOC105371499,0.0
LOC105371501,0.0
LOC105371505,0.0
LOC105371507,0.0
LOC105371508,0.0
LOC105371509,0.0
LOC105371512,0.0
LOC105371520,0.0
LOC105371525,0.0
LOC105371526,0.0
LOC105371529,0.0
LOC105371530,0.0
LOC105371536,0.0
LOC105371540,0.0
LOC105371543,0.0
LOC105371544,0.0
LOC105371545,0.0
LOC105371547,0.0
LOC105371551,0.0
LOC105371552,0.0
LOC105371554,0.0
LOC105371557,0.0
LOC105371559,0.0
LOC105371566,0.0
LOC105371567,0.0
LOC105371569,0.0
LOC105371569-2,0.0
LOC105371570,0.0
LOC105371570-2,0.0
LOC105371573,0.0
LOC105371574,0.0
LOC105371578,0.0
LOC105371580,0.0
LOC105371583,0.0
LOC105371589,0.0
LOC105371592,0.0
LOC105371597,0.0
LOC105371600,0.0
LOC105371601,0.0
LOC105371604,0.0
LOC105371606,0.0
LOC105371610,0.0
LOC105371611,0.0
LOC105371618,0.0
LOC105371619,0.0
LOC105371622,0.0
LOC105371623,0.0
LOC105371625,0.0
LOC105371629,0.0
LOC105371630,0.0
LOC105371631,0.0
LOC105371632,0.47712135492046603
LOC105371634,0.0
LOC105371635,0.0
LOC105371636,0.3010299578046167
LOC105371637,0.0
LOC105371640,0.0
LOC105371642,0.0
LOC105371646,0.0
LOC105371648,0.0
LOC105371649,0.0
LOC105371651,0.0
LOC105371654,0.0
LOC105371655,0.0
LOC105371656,0.0
LOC105371657,0.0
LOC105371658,0.0
LOC105371659,0.0
LOC105371661,0.0
LOC105371662,0.0
LOC105371664,0.0
LOC105371665,0.0
LOC105371667,0.0
LOC105371668,0.0
LOC105371670,0.0
LOC105371671,0.0
LOC105371672,0.0
LOC105371674,0.0
LOC105371674-2,0.0
LOC105371675,0.0
LOC105371675-2,0.0
LOC105371677,0.0
LOC105371677-2,0.0
LOC105371680,0.0
LOC105371682,0.0
LOC105371683,0.0
LOC105371684,0.0
LOC105371687,0.0
LOC105371688,2.2855573188283036
LOC105371689,0.0
LOC105371692,1.146128076402492
LOC105371693,0.0
LOC105371694,0.0
LOC105371695,0.0
LOC105371698,0.0
LOC105371701,0.0
LOC105371703,0.0
LOC105371704,0.0
LOC105371705,0.0
LOC105371709,0.0
LOC105371710,0.0
LOC105371711,0.0
LOC105371712,0.0
LOC105371716,0.0
LOC105371720,0.0
LOC105371721,0.0
LOC105371723,0.0
LOC105371725,0.0
LOC105371729,0.0
LOC105371730,0.0
LOC105371731,0.0
LOC105371734,0.0
LOC105371735,0.0
LOC105371737,0.0
LOC105371738,0.0
LOC105371739,0.0
LOC105371740,0.0
LOC105371742,0.0
LOC105371745,0.0
LOC105371745-2,0.0
LOC105371746,0.0
LOC105371747,0.0
LOC105371747-2,0.0
LOC105371747-3,0.0
LOC105371749,0.0
LOC105371749-2,0.0
LOC105371750,0.0
LOC105371750-2,0.0
LOC105371751,0.0
LOC105371751-2,0.0
LOC105371753,0.0
LOC105371753-2,0.0
LOC105371754,0.0
LOC105371754-2,0.0
LOC105371755,0.0
LOC105371756,0.0
LOC105371757,0.0
LOC105371757-2,0.0
LOC105371760,0.0
LOC105371760-2,0.0
LOC105371761,0.0
LOC105371761-2,0.0
LOC105371762,0.0
LOC105371762-2,0.0
LOC105371763,0.0
LOC105371767,0.0
LOC105371768,0.0
LOC105371770,0.0
LOC105371771,0.0
LOC105371773,0.0
LOC105371775,0.0
LOC105371776,0.0
LOC105371777,0.0
LOC105371777-2,0.0
LOC105371778,0.0
LOC105371778-2,0.0
LOC105371778-3,0.0
LOC105371785,0.4962142175708102
LOC105371787,0.0
LOC105371789,0.0
LOC105371790,0.0
LOC105371791,0.0
LOC105371792,0.0
LOC105371793,0.0
LOC105371795,0.0
LOC105371796,0.0
LOC105371796-2,0.0
LOC105371796-3,0.0
LOC105371799,0.0
LOC105371800,0.0
LOC105371800-2,0.0
LOC105371800-3,0.0
LOC105371802,0.0
LOC105371802-2,0.0
LOC105371802-3,0.0
LOC105371808,0.0
LOC105371811,0.0
LOC105371812,0.0
LOC105371813,0.0
LOC105371814,0.0
LOC105371818,0.0
LOC105371822,0.0
LOC105371824,0.0
LOC105371825,0.0
LOC105371829,0.0
LOC105371836,0.0
LOC105371840,0.30102997818063415
LOC105371841,0.0
LOC105371842,0.0
LOC105371843,0.0
LOC105371845,0.0
LOC105371847,0.0
LOC105371848,0.0
LOC105371850,0.0
LOC105371853,0.0
LOC105371854,0.0
LOC105371855,0.0
LOC105371856,0.0
LOC105371858,0.0
LOC105371860,0.0
LOC105371864,0.0
LOC105371867,0.0
LOC105371870,0.9030900622416024
LOC105371874,0.0
LOC105371878,0.0
LOC105371879,0.0
LOC105371880,0.0
LOC105371881,0.0
LOC105371882,0.0
LOC105371884,0.0
LOC105371887,0.0
LOC105371888,0.0
LOC105371891,0.0
LOC105371894,0.0
LOC105371896,0.0
LOC105371899,0.0
LOC105371901,0.0
LOC105371903,0.0
LOC105371908,0.0
LOC105371909,0.0
LOC105371910,0.0
LOC105371912,0.0
LOC105371922,0.0
LOC105371925,0.0
LOC105371926,0.0
LOC105371929,0.0
LOC105371932,0.0
LOC105371933,0.0
LOC105371934,0.0
LOC105371936,0.0
LOC105371939,0.0
LOC105371942,0.0
LOC105371948,0.0
LOC105371948-2,0.0
LOC105371950,0.0
LOC105371951,0.0
LOC105371952,0.0
LOC105371953,0.0
LOC105371954,0.0
LOC105371956,0.0
LOC105371957,0.0
LOC105371958,0.0
LOC105371959,0.0
LOC105371959-2,0.0
LOC105371960,0.0
LOC105371961,0.0
LOC105371963,0.0
LOC105371965,0.0
LOC105371967,0.0
LOC105371968,0.0
LOC105371970,0.0
LOC105371972,0.0
LOC105371973,0.0
LOC105371974,0.0
LOC105371975,0.0
LOC105371976,0.0
LOC105371980,0.0
LOC105371981,0.0
LOC105371982,0.0
LOC105371983,0.0
LOC105371984,0.0
LOC105371985,0.0
LOC105371986,0.0
LOC105371988,0.0
LOC105371989,0.0
LOC105371993,0.0
LOC105371995,0.0
LOC105371996,0.0
LOC105371998,0.0
LOC105372003,0.0
LOC105372004,0.0
LOC105372005,0.0
LOC105372006,0.0
LOC105372007,0.0
LOC105372008,0.0
LOC105372010,0.0
LOC105372016,0.0
LOC105372017,0.0
LOC105372018,0.0
LOC105372019,0.0
LOC105372026,0.0
LOC105372027,0.0
LOC105372028,0.0
LOC105372029,0.0
LOC105372031,0.0
LOC105372035,0.0
LOC105372036,0.0
LOC105372038,0.0
LOC105372040,0.0
LOC105372041,0.0
LOC105372042,0.0
LOC105372043,0.0
LOC105372044,0.0
LOC105372045,0.0
LOC105372046,0.0
LOC105372047,0.0
LOC105372049,0.0
LOC105372055,0.0
LOC105372058,0.0
LOC105372059,0.0
LOC105372061,0.0
LOC105372063,0.0
LOC105372064,1.1461280464214207
LOC105372065,0.0
LOC105372066,0.0
LOC105372068,0.0
LOC105372069,0.0
LOC105372071,0.0
LOC105372073,0.0
LOC105372074,0.0
LOC105372076,0.0
LOC105372077,0.0
LOC105372081,0.0
LOC105372082,0.0
LOC105372083,0.0
LOC105372084,0.0
LOC105372085,0.0
LOC105372087,0.0
LOC105372088,0.0
LOC105372089,0.0
LOC105372091,0.0
LOC105372092,0.0
LOC105372093,0.0
LOC105372095,0.0
LOC105372096,0.0
LOC105372098,0.0
LOC105372100,0.0
LOC105372101,0.0
LOC105372105,0.0
LOC105372105-2,0.0
LOC105372106,0.0
LOC105372106-2,0.0
LOC105372107,0.0
LOC105372107-2,0.0
LOC105372108,0.0
LOC105372112,0.0
LOC105372114,0.0
LOC105372114-2,0.0
LOC105372115,0.0
LOC105372116,0.0
LOC105372120,0.0
LOC105372121,0.0
LOC105372126,0.0
LOC105372130,0.0
LOC105372131,0.0
LOC105372132,0.30102984686784084
LOC105372135,0.0
LOC105372136,0.0
LOC105372140,0.0
LOC105372141,0.0
LOC105372143,0.0
LOC105372145,0.0
LOC105372146,0.0
LOC105372151,0.0
LOC105372152,0.0
LOC105372155,0.0
LOC105372156,0.0
LOC105372157,0.0
LOC105372159,0.0
LOC105372160,0.7781512585183252
LOC105372161,0.0
LOC105372165,0.0
LOC105372166,0.0
LOC105372167,0.0
LOC105372168,0.0
LOC105372169,0.0
LOC105372170,0.0
LOC105372172,0.0
LOC105372173,0.0
LOC105372174,0.0
LOC105372179,0.0
LOC105372180,0.0
LOC105372185,0.0
LOC105372186,0.0
LOC105372187,0.0
LOC105372188,0.0
LOC105372189,0.0
LOC105372190,0.0
LOC105372191,0.0
LOC105372200,0.0
LOC105372201,0.0
LOC105372202,0.0
LOC105372203,0.0
LOC105372204,0.0
LOC105372206,0.0
LOC105372209,0.0
LOC105372210,0.0
LOC105372211,0.0
LOC105372212,0.0
LOC105372213,0.0
LOC105372214,0.0
LOC105372217,0.0
LOC105372219,0.0
LOC105372219-2,0.0
LOC105372219-3,0.0
LOC105372220,0.0
LOC105372220-2,0.0
LOC105372220-3,0.0
LOC105372221,0.0
LOC105372221-2,0.0
LOC105372221-3,0.0
LOC105372224,0.0
LOC105372225,0.0
LOC105372225-2,0.0
LOC105372225-3,0.0
LOC105372226,0.0
LOC105372228,0.0
LOC105372234,0.0
LOC105372236,0.0
LOC105372238,0.0
LOC105372240,0.0
LOC105372242,0.0
LOC105372244,0.0
LOC105372245,0.0
LOC105372246,0.0
LOC105372248,0.0
LOC105372249,0.0
LOC105372250,0.0
LOC105372252,0.0
LOC105372253,0.0
LOC105372255,0.0
LOC105372256,0.0
LOC105372261,0.0
LOC105372262,0.0
LOC105372263,0.0
LOC105372266,0.0
LOC105372268,0.0
LOC105372269,0.30102995852248704
LOC105372270,0.0
LOC105372279,0.0
LOC105372281,0.0
LOC105372282,0.0
LOC105372284,0.0
LOC105372291,0.0
LOC105372295,0.0
LOC105372296,0.0
LOC105372298,0.0
LOC105372300,0.0
LOC105372308,0.0
LOC105372309,0.0
LOC105372310,0.42012331078679593
LOC105372314,0.0
LOC105372316,0.0
LOC105372317,0.0
LOC105372318,0.0
LOC105372319,0.0
LOC105372321,0.0
LOC105372323,0.0
LOC105372324,0.0
LOC105372325,0.0
LOC105372326,0.0
LOC105372330,0.0
LOC105372331,0.0
LOC105372332,0.0
LOC105372334,0.0
LOC105372335,0.0
LOC105372337,0.0
LOC105372338,0.0
LOC105372339,0.0
LOC105372345,0.0
LOC105372346,0.0
LOC105372347,0.0
LOC105372348,0.0
LOC105372349,0.0
LOC105372353,0.0
LOC105372354,0.0
LOC105372355,0.0
LOC105372356,0.0
LOC105372358,0.0
LOC105372361,0.0
LOC105372362,0.0
LOC105372364,0.0
LOC105372370,0.0
LOC105372371,0.0
LOC105372374,0.0
LOC105372379,0.0
LOC105372380,0.0
LOC105372383,0.0
LOC105372385,0.0
LOC105372390,0.0
LOC105372394,0.0
LOC105372395,0.0
LOC105372396,0.0
LOC105372399,0.0
LOC105372401,0.0
LOC105372404,0.0
LOC105372405,0.0
LOC105372405-2,0.0
LOC105372407,0.0
LOC105372411,0.0
LOC105372412,0.0
LOC105372420,0.0
LOC105372421,0.0
LOC105372424,0.0
LOC105372426,0.0
LOC105372430,0.0
LOC105372431,0.0
LOC105372432,0.0
LOC105372434,0.0
LOC105372435,0.0
LOC105372436,1.6232491458382687
LOC105372437,0.0
LOC105372439,0.0
LOC105372441,0.0
LOC105372442,0.0
LOC105372448,0.0
LOC105372449,0.0
LOC105372452,0.0
LOC105372453,0.0
LOC105372460,0.0
LOC105372460-2,0.0
LOC105372460-3,0.0
LOC105372460-4,0.0
LOC105372461,0.0
LOC105372461-2,0.0
LOC105372461-3,0.0
LOC105372461-4,0.0
LOC105372462,0.0
LOC105372465,0.0
LOC105372468,0.0
LOC105372471,0.0
LOC105372472,0.0
LOC105372473,0.0
LOC105372475,0.0
LOC105372479,0.0
LOC105372480,0.0
LOC105372484,0.0
LOC105372485,0.0
LOC105372492,0.0
LOC105372493,0.0
LOC105372497,0.0
LOC105372498,0.0
LOC105372499,0.0
LOC105372501,0.0
LOC105372502,0.0
LOC105372503,0.0
LOC105372504,0.0
LOC105372505,0.0
LOC105372507,0.0
LOC105372508,0.0
LOC105372509,0.0
LOC105372510,0.0
LOC105372511,0.0
LOC105372514,0.0
LOC105372517,0.0
LOC105372518,0.0
LOC105372521,0.0
LOC105372522,0.0
LOC105372523,0.0
LOC105372524,0.0
LOC105372527,0.0
LOC105372528,0.0
LOC105372529,0.0
LOC105372530,0.0
LOC105372532,0.0
LOC105372535,0.0
LOC105372541,0.0
LOC105372542,0.0
LOC105372544,0.0
LOC105372545,0.0
LOC105372546,0.0
LOC105372547,0.0
LOC105372548,0.0
LOC105372551,0.0
LOC105372554,0.0
LOC105372555,0.0
LOC105372558,0.0
LOC105372560,0.0
LOC105372561,0.0
LOC105372562,0.0
LOC105372563,0.0
LOC105372564,0.0
LOC105372567,0.0
LOC105372568,0.0
LOC105372571,0.0
LOC105372574,0.0
LOC105372575,0.0
LOC105372577,0.0
LOC105372579,0.0
LOC105372581,0.0
LOC105372582,0.0
LOC105372586,0.0
LOC105372588,0.0
LOC105372592,0.0
LOC105372593,0.0
LOC105372594,0.0
LOC105372599,0.0
LOC105372602,0.0
LOC105372606,0.0
LOC105372606-2,0.0
LOC105372609,0.0
LOC105372613,0.48222558546611793
LOC105372614,0.0
LOC105372616,0.0
LOC105372617,0.0
LOC105372618,0.0
LOC105372620,0.0
LOC105372621,0.0
LOC105372622,0.0
LOC105372623,0.0
LOC105372624,0.0
LOC105372625,0.0
LOC105372630,0.0
LOC105372631,0.0
LOC105372633,0.0
LOC105372636,0.0
LOC105372637,0.0
LOC105372639,0.0
LOC105372640,0.0
LOC105372641,0.0
LOC105372643,0.0
LOC105372645,0.0
LOC105372646,0.0
LOC105372647,0.0
LOC105372649,0.0
LOC105372651,0.0
LOC105372652,0.0
LOC105372653,0.0
LOC105372655,0.0
LOC105372656,0.0
LOC105372657,0.0
LOC105372659,0.0
LOC105372661,0.0
LOC105372662,0.0
LOC105372663,0.0
LOC105372664,0.0
LOC105372665,0.0
LOC105372666,0.0
LOC105372667,0.0
LOC105372668,0.0
LOC105372669,0.0
LOC105372670,0.0
LOC105372671,0.0
LOC105372672,0.0
LOC105372675,0.0
LOC105372676,0.0
LOC105372677,0.0
LOC105372678,0.0
LOC105372680,0.0
LOC105372683,0.0
LOC105372685,0.0
LOC105372686,0.0
LOC105372687,0.0
LOC105372688,0.0
LOC105372692,0.0
LOC105372693,0.0
LOC105372694,0.0
LOC105372695,0.0
LOC105372697,0.0
LOC105372698,0.0
LOC105372699,0.30102996209289434
LOC105372700,0.0
LOC105372701,0.0
LOC105372703,0.0
LOC105372704,0.0
LOC105372704-2,0.0
LOC105372705,0.0
LOC105372706,0.0
LOC105372708,0.0
LOC105372709,0.0
LOC105372710,0.0
LOC105372711,0.0
LOC105372714,0.0
LOC105372716,0.0
LOC105372717,0.0
LOC105372718,0.0
LOC105372719,0.0
LOC105372721,0.0
LOC105372721-2,0.0
LOC105372724,0.0
LOC105372725,0.0
LOC105372727,0.0
LOC105372727-2,0.0
LOC105372733,0.0
LOC105372734,0.0
LOC105372738,0.0
LOC105372740,0.0
LOC105372745,0.0
LOC105372747,0.0
LOC105372749,0.0
LOC105372750,0.0
LOC105372753,0.30103001083187647
LOC105372756,0.0
LOC105372757,0.0
LOC105372758,0.0
LOC105372759,0.0
LOC105372760,0.0
LOC105372762,0.0
LOC105372766,0.0
LOC105372766-2,0.0
LOC105372767,0.0
LOC105372767-2,0.0
LOC105372768,0.0
LOC105372770,0.0
LOC105372772,0.0
LOC105372773,0.0
LOC105372774,0.0
LOC105372775,0.0
LOC105372776,0.0
LOC105372777,0.0
LOC105372787,0.0
LOC105372789,0.0
LOC105372790,0.0
LOC105372791,0.0
LOC105372793,0.0
LOC105372797,0.0
LOC105372798,0.0
LOC105372801,0.0
LOC105372802,0.0
LOC105372804,0.0
LOC105372809,0.0
LOC105372812,0.0
LOC105372813,0.0
LOC105372814,0.0
LOC105372815,0.0
LOC105372817,0.0
LOC105372821,0.0
LOC105372824,0.0
LOC105372825,0.0
LOC105372826,0.0
LOC105372829,0.0
LOC105372832,0.0
LOC105372836,0.0
LOC105372839,0.0
LOC105372841,0.0
LOC105372842,0.0
LOC105372850,0.0
LOC105372853,0.0
LOC105372857,0.0
LOC105372858,0.0
LOC105372859,0.0
LOC105372861,0.0
LOC105372862,0.0
LOC105372863,0.0
LOC105372869,0.0
LOC105372873,0.0
LOC105372878,0.0
LOC105372879,0.0
LOC105372880,0.0
LOC105372884,0.0
LOC105372887,0.0
LOC105372889,0.0
LOC105372892,0.0
LOC105372895,0.0
LOC105372896,0.0
LOC105372898,0.0
LOC105372899,0.0
LOC105372901,0.0
LOC105372902,0.0
LOC105372903,0.0
LOC105372904,0.0
LOC105372906,0.0
LOC105372908,0.0
LOC105372916,0.0
LOC105372920,0.0
LOC105372922,0.0
LOC105372923,0.0
LOC105372924,0.0
LOC105372926,0.0
LOC105372928,0.0
LOC105372930,0.0
LOC105372932,0.0
LOC105372934,0.0
LOC105372937,0.0
LOC105372947,0.0
LOC105372948,0.0
LOC105372952,1.9625042073078336
LOC105372956,0.0
LOC105372957,0.0
LOC105372959,0.0
LOC105372959-2,0.0
LOC105372960,0.0
LOC105372962,0.0
LOC105372969,0.0
LOC105372971,0.0
LOC105372977,0.0
LOC105372979,0.0
LOC105372980,0.0
LOC105372981,0.0
LOC105372984,0.0
LOC105372985,0.0
LOC105372988,0.0
LOC105372990,0.0
LOC105372991,0.0
LOC105372994,0.0
LOC105372995,0.0
LOC105372997,0.0
LOC105372998,0.0
LOC105373000,0.0
LOC105373002,0.0
LOC105373007,0.0
LOC105373012,0.0
LOC105373013,0.0
LOC105373014,0.0
LOC105373015,0.0
LOC105373017,0.0
LOC105373020,0.0
LOC105373022,0.0
LOC105373023,0.0
LOC105373024,0.0
LOC105373025,0.0
LOC105373027,0.0
LOC105373029,0.0
LOC105373030,0.0
LOC105373031,0.0
LOC105373032,0.0
LOC105373032-2,0.0
LOC105373033,0.0
LOC105373034,0.0
LOC105373035,0.0
LOC105373037,0.0
LOC105373041,0.0
LOC105373042,0.0
LOC105373043,0.0
LOC105373044,0.0
LOC105373046,0.0
LOC105373053,0.0
LOC105373056,0.0
LOC105373059,0.0
LOC105373060,0.0
LOC105373061,0.0
LOC105373062,0.0
LOC105373064,0.0
LOC105373066,0.0
LOC105373067,0.0
LOC105373068,0.0
LOC105373069,0.0
LOC105373071,0.0
LOC105373074,0.0
LOC105373075,0.0
LOC105373077,0.0
LOC105373080,0.0
LOC105373081,0.0
LOC105373086,0.0
LOC105373091,0.0
LOC105373096,0.0
LOC105373100,0.0
LOC105373108,0.0
LOC105373109,0.0
LOC105373115,0.0
LOC105373116,0.0
LOC105373119,0.0
LOC105373122,0.0
LOC105373124,0.0
LOC105373124-2,0.0
LOC105373126,0.0
LOC105373131,0.0
LOC105373133,0.0
LOC105373134,0.0
LOC105373142,0.0
LOC105373143,0.0
LOC105373146,0.0
LOC105373150,0.0
LOC105373151,0.0
LOC105373152,0.0
LOC105373153,0.0
LOC105373155,0.0
LOC105373156,0.0
LOC105373161,0.0
LOC105373162,0.0
LOC105373163,0.0
LOC105373164,0.0
LOC105373165,0.0
LOC105373167,0.0
LOC105373170,0.0
LOC105373171,0.0
LOC105373172,0.0
LOC105373175,0.0
LOC105373176,0.0
LOC105373177,0.0
LOC105373178,0.0
LOC105373180,0.0
LOC105373182,0.0
LOC105373186,0.0
LOC105373188,0.0
LOC105373190,0.0
LOC105373191,0.0
LOC105373193,0.0
LOC105373194,0.0
LOC105373195,0.0
LOC105373195-2,0.0
LOC105373196,0.0
LOC105373198,0.0
LOC105373201,0.0
LOC105373204,0.0
LOC105373205,0.0
LOC105373206,0.0
LOC105373207,0.0
LOC105373208,0.0
LOC105373209,0.0
LOC105373210,0.0
LOC105373215,0.0
LOC105373218,0.30102983289334273
LOC105373220,0.0
LOC105373222,0.0
LOC105373223,0.0
LOC105373224,0.0
LOC105373225,0.0
LOC105373228,0.0
LOC105373231,0.0
LOC105373234,0.0
LOC105373235,0.0
LOC105373239,0.0
LOC105373240,0.0
LOC105373242,0.0
LOC105373244,0.0
LOC105373247,0.0
LOC105373250,0.0
LOC105373252,0.0
LOC105373254,0.0
LOC105373258,0.0
LOC105373260,0.0
LOC105373261,0.0
LOC105373262,0.0
LOC105373265,0.0
LOC105373265-2,0.0
LOC105373271,0.0
LOC105373273,0.0
LOC105373273-2,0.0
LOC105373275,0.0
LOC105373277,0.0
LOC105373277-2,0.0
LOC105373279,0.0
LOC105373279-2,0.0
LOC105373279-3,0.0
LOC105373279-4,0.0
LOC105373281,0.0
LOC105373282,0.0
LOC105373284,0.0
LOC105373285,0.0
LOC105373286,0.0
LOC105373287,0.0
LOC105373288,0.0
LOC105373289,0.0
LOC105373292,0.0
LOC105373293,0.0
LOC105373294,0.30103010507433003
LOC105373296,0.0
LOC105373298,0.0
LOC105373299,0.0
LOC105373299-2,0.0
LOC105373303,0.0
LOC105373304,0.0
LOC105373305,0.0
LOC105373311,0.0
LOC105373312,0.0
LOC105373313,0.0
LOC105373320,0.0
LOC105373324,0.0
LOC105373328,0.0
LOC105373331,0.0
LOC105373332,0.0
LOC105373333,0.0
LOC105373334,0.0
LOC105373335,0.0
LOC105373336,0.0
LOC105373342,0.0
LOC105373343,0.0
LOC105373344,0.0
LOC105373345,0.0
LOC105373346,0.0
LOC105373347,0.0
LOC105373348,0.0
LOC105373349,0.0
LOC105373351,0.0
LOC105373352,0.0
LOC105373358,0.0
LOC105373359,0.0
LOC105373367,0.0
LOC105373369,0.0
LOC105373372,0.0
LOC105373372-2,0.0
LOC105373373,0.0
LOC105373378,0.0
LOC105373379,0.0
LOC105373383,0.0
LOC105373386,0.0
LOC105373387,0.0
LOC105373389,0.0
LOC105373390,0.0
LOC105373393,0.0
LOC105373394,0.0
LOC105373395,0.0
LOC105373397,0.0
LOC105373398,0.0
LOC105373399,0.0
LOC105373401,0.0
LOC105373402,0.0
LOC105373404,0.0
LOC105373406,0.0
LOC105373407,0.0
LOC105373408,0.0
LOC105373409,0.0
LOC105373411,0.0
LOC105373414,0.0
LOC105373415,0.0
LOC105373416,0.0
LOC105373417,0.0
LOC105373418,0.3010300012334735
LOC105373419,0.0
LOC105373421,0.0
LOC105373422,0.0
LOC105373424,0.0
LOC105373426,0.0
LOC105373428,0.0
LOC105373429,0.0
LOC105373430,0.0
LOC105373431,0.9542424052763268
LOC105373432,0.0
LOC105373433,0.0
LOC105373436,0.0
LOC105373437,0.0
LOC105373438,0.0
LOC105373440,0.0
LOC105373443,0.0
LOC105373444,0.0
LOC105373447,0.0
LOC105373448,0.0
LOC105373449,0.0
LOC105373451,0.0
LOC105373454,0.0
LOC105373456,0.0
LOC105373458,0.0
LOC105373459,0.0
LOC105373461,0.0
LOC105373465,0.0
LOC105373466,0.0
LOC105373475,0.0
LOC105373479,0.0
LOC105373480,0.0
LOC105373484,0.0
LOC105373485,0.3010300648940339
LOC105373487,1.0810389304328882
LOC105373488,0.0
LOC105373490,0.0
LOC105373494,0.0
LOC105373496,0.0
LOC105373499,0.0
LOC105373499-2,0.0
LOC105373501,0.0
LOC105373504,0.0
LOC105373506,0.0
LOC105373508,0.0
LOC105373510,0.0
LOC105373511,0.0
LOC105373512,0.0
LOC105373514,0.0
LOC105373520,0.0
LOC105373521,0.0
LOC105373522,0.0
LOC105373523,0.0
LOC105373524,0.0
LOC105373525,0.0
LOC105373526,0.0
LOC105373527,0.0
LOC105373528,0.0
LOC105373529,0.0
LOC105373530,0.0
LOC105373531,0.0
LOC105373535,0.0
LOC105373539,0.0
LOC105373545,0.0
LOC105373547,0.0
LOC105373548,0.0
LOC105373549,0.0
LOC105373551,0.0
LOC105373552,0.0
LOC105373553,0.0
LOC105373554,0.0
LOC105373559,0.0
LOC105373562,0.0
LOC105373563,0.0
LOC105373567,0.0
LOC105373570,0.0
LOC105373572,0.0
LOC105373574,0.0
LOC105373575,0.0
LOC105373576,0.0
LOC105373578,0.0
LOC105373579,0.0
LOC105373581,0.0
LOC105373582,0.0
LOC105373583,0.0
LOC105373584,0.0
LOC105373585,0.0
LOC105373587,0.0
LOC105373588,0.0
LOC105373590,0.0
LOC105373591,0.0
LOC105373592,0.0
LOC105373593,0.0
LOC105373594,0.0
LOC105373595,0.0
LOC105373596,0.0
LOC105373598,0.0
LOC105373601,0.0
LOC105373602,0.0
LOC105373603,0.0
LOC105373604,0.0
LOC105373605,0.0
LOC105373608,0.0
LOC105373609,0.0
LOC105373610,0.0
LOC105373611,0.0
LOC105373612,0.0
LOC105373613,0.0
LOC105373614,0.0
LOC105373616,0.0
LOC105373616-2,0.0
LOC105373618,0.0
LOC105373622,0.0
LOC105373627,0.0
LOC105373628,0.0
LOC105373629,0.0
LOC105373633,0.0
LOC105373634,0.0
LOC105373636,0.0
LOC105373639,0.0
LOC105373640,0.0
LOC105373641,0.0
LOC105373643,0.0
LOC105373644,0.0
LOC105373645,0.0
LOC105373648,0.0
LOC105373649,0.0
LOC105373651,0.0
LOC105373652,0.0
LOC105373663,0.0
LOC105373664,0.0
LOC105373665,0.0
LOC105373666,0.0
LOC105373667,0.0
LOC105373673,0.0
LOC105373674,0.0
LOC105373677,0.0
LOC105373679,0.0
LOC105373680,0.0
LOC105373682,0.0
LOC105373685,0.0
LOC105373686,0.0
LOC105373688,0.0
LOC105373689,0.0
LOC105373691,0.0
LOC105373693,0.0
LOC105373694,0.0
LOC105373696,0.3010299792204029
LOC105373698,0.0
LOC105373699,0.0
LOC105373700,0.0
LOC105373703,0.0
LOC105373707,0.0
LOC105373709,0.0
LOC105373710,0.0
LOC105373712,0.0
LOC105373714,0.0
LOC105373715,0.0
LOC105373716,0.0
LOC105373717,0.0
LOC105373718,0.0
LOC105373722,0.0
LOC105373724,0.3010299769567043
LOC105373727,0.0
LOC105373728,0.0
LOC105373734,0.0
LOC105373737,0.0
LOC105373739,0.0
LOC105373740,0.0
LOC105373740-2,0.0
LOC105373741,0.0
LOC105373742,0.0
LOC105373743,0.0
LOC105373744,0.0
LOC105373745,0.0
LOC105373746,0.0
LOC105373752,0.0
LOC105373756,0.0
LOC105373757,0.0
LOC105373759,0.0
LOC105373760,0.6989699739391763
LOC105373762,0.0
LOC105373766,0.0
LOC105373768,0.0
LOC105373769,0.0
LOC105373770,0.0
LOC105373771,0.0
LOC105373776,0.0
LOC105373777,0.0
LOC105373779,0.0
LOC105373780,0.0
LOC105373781,0.0
LOC105373782,0.0
LOC105373785,0.0
LOC105373788,0.0
LOC105373790,0.0
LOC105373791,0.0
LOC105373791-2,0.0
LOC105373793,0.0
LOC105373796,0.0
LOC105373804,0.0
LOC105373812,0.0
LOC105373816,0.0
LOC105373817,0.0
LOC105373821,0.0
LOC105373822,0.0
LOC105373823,0.0
LOC105373828,0.0
LOC105373830,0.0
LOC105373831,0.0
LOC105373833,0.0
LOC105373835,0.0
LOC105373836,0.0
LOC105373845,0.0
LOC105373847,0.0
LOC105373851,0.0
LOC105373854,0.0
LOC105373854-2,0.0
LOC105373855,0.0
LOC105373856,0.0
LOC105373857,0.0
LOC105373864,0.0
LOC105373870,0.0
LOC105373871,0.30103016036928104
LOC105373872,0.0
LOC105373873,0.0
LOC105373874,0.0
LOC105373876,0.0
LOC105373880,0.0
LOC105373881,0.0
LOC105373882,0.0
LOC105373883,0.0
LOC105373887,0.0
LOC105373888,0.0
LOC105373890,0.0
LOC105373891,0.0
LOC105373893,0.0
LOC105373894,0.0
LOC105373895,0.0
LOC105373896,0.0
LOC105373897,0.0
LOC105373898,0.0
LOC105373899,0.0
LOC105373900,0.0
LOC105373902,0.0
LOC105373903,0.0
LOC105373905,0.0
LOC105373906,0.0
LOC105373907,0.0
LOC105373908,0.0
LOC105373909,0.0
LOC105373910,0.0
LOC105373911,0.0
LOC105373914,0.0
LOC105373915,0.0
LOC105373918,0.0
LOC105373921,0.0
LOC105373923,0.0
LOC105373924,0.0
LOC105373925,0.0
LOC105373928,0.0
LOC105373929,0.0
LOC105373932,0.0
LOC105373933,0.0
LOC105373936,0.0
LOC105373937,0.0
LOC105373938,0.0
LOC105373939,0.0
LOC105373940,0.0
LOC105373941,0.0
LOC105373942,0.0
LOC105373945,0.0
LOC105373946,0.0
LOC105373947,0.0
LOC105373948,0.0
LOC105373949,0.0
LOC105373950,0.0
LOC105373953,0.0
LOC105373954,0.0
LOC105373957,0.0
LOC105373960,0.0
LOC105373963,0.0
LOC105373966,0.0
LOC105373968,0.0
LOC105373971,0.0
LOC105373973,0.0
LOC105373974,0.30103017972045387
LOC105373977,0.17609122330389412
LOC105373977-2,0.17609122330389412
LOC105373978,0.0
LOC105373978-2,0.0
LOC105373980,0.0
LOC105373980-2,0.0
LOC105373980-3,0.0
LOC105373985,0.0
LOC105373986,0.0
LOC105373989,0.0
LOC105373992,0.0
LOC105373994,0.0
LOC105373996,0.0
LOC105373997,0.0
LOC105373998,0.0
LOC105373999,0.0
LOC105374000,0.0
LOC105374002,0.0
LOC105374004,0.0
LOC105374005,0.0
LOC105374007,0.0
LOC105374009,0.0
LOC105374010,0.0
LOC105374016,0.0
LOC105374017,0.0
LOC105374018,0.0
LOC105374020,0.0
LOC105374021,0.0
LOC105374023,0.0
LOC105374024,0.0
LOC105374026,0.0
LOC105374027,0.0
LOC105374029,0.0
LOC105374031,0.0
LOC105374033,0.0
LOC105374034,0.0
LOC105374036,0.0
LOC105374037,0.0
LOC105374038,0.0
LOC105374039,0.0
LOC105374040,0.0
LOC105374041,0.0
LOC105374042,0.0
LOC105374048,0.0
LOC105374051,0.0
LOC105374052,0.8450980508214391
LOC105374053,0.0
LOC105374054,0.0
LOC105374056,0.7170946105541881
LOC105374058,0.0
LOC105374059,0.0
LOC105374060,0.0
LOC105374063,0.0
LOC105374064,0.0
LOC105374065,0.0
LOC105374069,0.0
LOC105374071,0.0
LOC105374076,0.0
LOC105374077,0.0
LOC105374080,0.0
LOC105374081,0.0
LOC105374083,0.0
LOC105374088,0.0
LOC105374090,0.0
LOC105374094,0.0
LOC105374096,0.0
LOC105374101,0.0
LOC105374102,0.0
LOC105374106,0.0
LOC105374107,0.0
LOC105374108,0.0
LOC105374110,0.0
LOC105374111,0.0
LOC105374113,0.0
LOC105374114,0.0
LOC105374115,0.0
LOC105374116,0.0
LOC105374117,0.0
LOC105374118,0.0
LOC105374121,0.0
LOC105374122,0.0
LOC105374123,0.0
LOC105374124,0.0
LOC105374126,0.0
LOC105374127,0.0
LOC105374128,0.0
LOC105374132,0.0
LOC105374134,0.0
LOC105374137,0.0
LOC105374138,0.0
LOC105374140,0.0
LOC105374141,0.0
LOC105374142,0.0
LOC105374143,0.0
LOC105374144,0.0
LOC105374145,0.0
LOC105374147,0.0
LOC105374148,0.0
LOC105374150,0.0
LOC105374151,0.0
LOC105374153,0.0
LOC105374154,0.0
LOC105374157,0.0
LOC105374157-2,0.0
LOC105374159,0.0
LOC105374163,0.0
LOC105374164,0.0
LOC105374167,0.0
LOC105374167-2,0.0
LOC105374170,0.0
LOC105374171,0.0
LOC105374172,0.0
LOC105374174,0.0
LOC105374179,0.0
LOC105374181,0.0
LOC105374186,0.0
LOC105374187,0.4771212408180522
LOC105374188,0.0
LOC105374189,0.0
LOC105374190,0.0
LOC105374191,0.0
LOC105374192,0.0
LOC105374193,0.0
LOC105374194,0.0
LOC105374196,0.0
LOC105374197,0.0
LOC105374200,0.0
LOC105374206,0.0
LOC105374209,0.0
LOC105374211,0.0
LOC105374216,0.0
LOC105374217,0.0
LOC105374218,0.0
LOC105374220,0.0
LOC105374221,0.0
LOC105374224,0.0
LOC105374225,0.698969858386183
LOC105374226,0.0
LOC105374230,0.0
LOC105374234,0.0
LOC105374235,0.0
LOC105374240,0.0
LOC105374242,0.0
LOC105374243,0.0
LOC105374246,0.0
LOC105374247,0.0
LOC105374248,0.0
LOC105374253,0.0
LOC105374254,0.0
LOC105374257,0.0
LOC105374260,0.0
LOC105374260-2,0.0
LOC105374262,0.0
LOC105374262-2,0.0
LOC105374263,0.0
LOC105374264,0.0
LOC105374265,0.0
LOC105374270,0.0
LOC105374275,0.0
LOC105374276,0.0
LOC105374277,0.0
LOC105374280,0.0
LOC105374282,0.0
LOC105374283,0.0
LOC105374284,0.0
LOC105374286,0.0
LOC105374287,0.0
LOC105374291,0.0
LOC105374292,0.0
LOC105374294,0.0
LOC105374295,0.0
LOC105374296,0.0
LOC105374297,0.0
LOC105374298,0.47712123052118
LOC105374304,0.0
LOC105374306,0.0
LOC105374307,0.0
LOC105374308,0.30102998365640177
LOC105374309,0.0
LOC105374309-2,0.0
LOC105374310,0.0
LOC105374312,0.0
LOC105374313,0.0
LOC105374317,0.3010299318389027
LOC105374318,0.0
LOC105374320,0.0
LOC105374325,0.0
LOC105374328,0.0
LOC105374329,0.0
LOC105374332,0.0
LOC105374333,2.9999982566082446
LOC105374334,0.0
LOC105374336,0.0
LOC105374338,0.0
LOC105374339,0.0
LOC105374340,0.0
LOC105374341,0.0
LOC105374343,0.0
LOC105374344,0.0
LOC105374346,0.0
LOC105374347,0.0
LOC105374348,0.0
LOC105374348-2,0.0
LOC105374349,0.0
LOC105374349-2,0.0
LOC105374352,0.0
LOC105374353,0.0
LOC105374355,0.0
LOC105374357,0.0
LOC105374358,0.0
LOC105374359,0.0
LOC105374365,0.0
LOC105374367,0.0
LOC105374368,0.0
LOC105374369,0.0
LOC105374370,0.0
LOC105374371,0.0
LOC105374373,0.0
LOC105374378,0.0
LOC105374381,0.0
LOC105374382,0.0
LOC105374383,0.0
LOC105374384,0.0
LOC105374386,0.0
LOC105374389,0.0
LOC105374391,0.0
LOC105374392,0.0
LOC105374396,0.0
LOC105374397,0.0
LOC105374399,0.0
LOC105374402,0.0
LOC105374404,0.0
LOC105374406,0.0
LOC105374408,0.0
LOC105374409,0.0
LOC105374413,0.0
LOC105374414,0.0
LOC105374418,0.0
LOC105374421,0.0
LOC105374423,0.0
LOC105374426,0.0
LOC105374428,0.0
LOC105374430,0.0
LOC105374432,0.0
LOC105374433,0.0
LOC105374434,0.0
LOC105374435,0.0
LOC105374438,0.0
LOC105374439,0.0
LOC105374440,0.0
LOC105374441,0.0
LOC105374444,0.0
LOC105374445,0.0
LOC105374453,0.0
LOC105374455,0.0
LOC105374456,0.0
LOC105374457,0.0
LOC105374458,0.0
LOC105374459,0.0
LOC105374461,0.0
LOC105374465,0.0
LOC105374467,0.0
LOC105374468,0.0
LOC105374470,0.0
LOC105374471,0.0
LOC105374473,0.0
LOC105374475,0.0
LOC105374479,0.0
LOC105374480,0.0
LOC105374481,0.0
LOC105374482,0.0
LOC105374488,0.0
LOC105374489,0.0
LOC105374490,0.0
LOC105374491,0.0
LOC105374492,0.0
LOC105374493,0.0
LOC105374495,0.0
LOC105374496,0.0
LOC105374497,0.0
LOC105374498,0.0
LOC105374498-2,0.0
LOC105374502,0.0
LOC105374505,0.9542424724144601
LOC105374506,0.0
LOC105374507,0.0
LOC105374510,0.0
LOC105374511,0.0
LOC105374513,0.0
LOC105374514,0.0
LOC105374515,0.0
LOC105374516,0.0
LOC105374517,0.0
LOC105374521,0.0
LOC105374521-2,0.0
LOC105374523,0.0
LOC105374524,0.0
LOC105374527,0.0
LOC105374528,0.0
LOC105374531,0.0
LOC105374534,0.0
LOC105374535,0.0
LOC105374536,0.0
LOC105374538,0.999999991427909
LOC105374541,0.0
LOC105374542,0.0
LOC105374545,0.0
LOC105374547,0.0
LOC105374548,0.0
LOC105374549,0.0
LOC105374550,0.0
LOC105374552,1.6901957693016414
LOC105374553,0.0
LOC105374555,0.0
LOC105374556,0.0
LOC105374557,0.0
LOC105374558,0.0
LOC105374559,0.0
LOC105374562,0.0
LOC105374564,0.0
LOC105374566,0.0
LOC105374568,0.0
LOC105374570,0.0
LOC105374571,0.0
LOC105374573,0.0
LOC105374576,0.0
LOC105374577,0.0
LOC105374581,0.0
LOC105374584,0.0
LOC105374588,0.0
LOC105374589,0.0
LOC105374590,0.0
LOC105374591,0.0
LOC105374592,0.0
LOC105374593,0.0
LOC105374594,0.0
LOC105374595,0.0
LOC105374597,0.0
LOC105374598,0.0
LOC105374600,0.0
LOC105374602,0.0
LOC105374606,0.0
LOC105374606-2,0.0
LOC105374607,0.0
LOC105374607-2,0.0
LOC105374608,0.0
LOC105374608-2,0.0
LOC105374610,0.0
LOC105374614,0.0
LOC105374615,0.0
LOC105374618,0.3010300764610311
LOC105374620,0.0
LOC105374621,0.0
LOC105374625,0.0
LOC105374625-2,0.0
LOC105374626,0.0
LOC105374629,0.0
LOC105374630,0.0
LOC105374634,0.0
LOC105374636,0.0
LOC105374639,0.0
LOC105374639-2,0.0
LOC105374641,0.0
LOC105374642,0.0
LOC105374643,0.0
LOC105374645,0.0
LOC105374646,0.0
LOC105374647,0.0
LOC105374649,0.0
LOC105374651,0.3010300346971406
LOC105374653,0.0
LOC105374654,0.0
LOC105374655,0.0
LOC105374656,0.0
LOC105374657,0.0
LOC105374657-2,0.0
LOC105374659,0.0
LOC105374660,0.0
LOC105374661,0.0
LOC105374662,0.0
LOC105374664,0.0
LOC105374666,0.0
LOC105374669,0.0
LOC105374672,0.0
LOC105374673,0.0
LOC105374678,0.0
LOC105374681,0.0
LOC105374682,0.0
LOC105374683,0.0
LOC105374685,0.0
LOC105374685-2,0.0
LOC105374686,0.0
LOC105374687,0.0
LOC105374688,0.0
LOC105374689,0.0
LOC105374690,0.0
LOC105374695,0.0
LOC105374696,0.0
LOC105374697,0.0
LOC105374699,0.0
LOC105374699-2,0.0
LOC105374701,0.0
LOC105374702,0.0
LOC105374703,0.0
LOC105374704,0.0
LOC105374705,0.0
LOC105374706,0.0
LOC105374707,0.0
LOC105374709,0.0
LOC105374711,0.30103010429548605
LOC105374715,0.0
LOC105374717,0.0
LOC105374719,0.0
LOC105374721,0.0
LOC105374724,0.0
LOC105374730,0.0
LOC105374732,0.0
LOC105374735,0.0
LOC105374736,0.0
LOC105374737,0.0
LOC105374739,0.0
LOC105374740,0.0
LOC105374745,0.0
LOC105374746,0.0
LOC105374748,0.0
LOC105374754,0.0
LOC105374759,0.0
LOC105374760,0.0
LOC105374761,0.0
LOC105374764,0.0
LOC105374768,0.0
LOC105374769,0.0
LOC105374773,0.0
LOC105374775,0.0
LOC105374776,0.0
LOC105374777,0.0
LOC105374780,0.0
LOC105374781,0.0
LOC105374785,0.0
LOC105374786,0.30102986969940426
LOC105374789,0.30102985054381304
LOC105374790,0.0
LOC105374792,0.0
LOC105374794,0.0
LOC105374795,0.0
LOC105374796,0.0
LOC105374797,0.0
LOC105374798,0.0
LOC105374800,0.0
LOC105374802,0.0
LOC105374803,0.0
LOC105374804,0.0
LOC105374804-2,0.0
LOC105374807,0.0
LOC105374809,0.0
LOC105374810,0.0
LOC105374811,0.0
LOC105374813,0.0
LOC105374814,0.0
LOC105374815,0.0
LOC105374816,0.0
LOC105374817,0.0
LOC105374819,0.0
LOC105374820,0.0
LOC105374821,0.0
LOC105374822,0.0
LOC105374823,0.0
LOC105374824,0.0
LOC105374827,0.0
LOC105374828,0.0
LOC105374829,0.0
LOC105374831,0.0
LOC105374832,0.0
LOC105374833,0.0
LOC105374834,0.0
LOC105374836,0.0
LOC105374837,0.0
LOC105374841,0.0
LOC105374842,0.0
LOC105374843,0.0
LOC105374846,0.0
LOC105374848,0.0
LOC105374852,0.0
LOC105374853,0.0
LOC105374854,0.0
LOC105374857,0.0
LOC105374858,0.0
LOC105374859,0.0
LOC105374862,0.0
LOC105374866,0.0
LOC105374870,0.0
LOC105374873,0.0
LOC105374879,0.0
LOC105374883,0.0
LOC105374889,0.0
LOC105374890,0.0
LOC105374894,0.0
LOC105374897,0.0
LOC105374898,0.0
LOC105374901,0.0
LOC105374903,0.0
LOC105374904,0.0
LOC105374906,0.3010300002465306
LOC105374910,0.0
LOC105374911,0.0
LOC105374914,0.0
LOC105374918,0.0
LOC105374919,0.0
LOC105374920,0.0
LOC105374921,0.0
LOC105374925,0.0
LOC105374927,0.0
LOC105374928,0.0
LOC105374929,0.0
LOC105374931,0.0
LOC105374933,0.0
LOC105374934,0.0
LOC105374935,0.0
LOC105374936,0.0
LOC105374937,0.0
LOC105374938,0.30103000963653515
LOC105374939,0.0
LOC105374940,0.0
LOC105374942,0.3010300006897802
LOC105374943,0.0
LOC105374945,0.0
LOC105374946,0.0
LOC105374947,0.0
LOC105374948,0.0
LOC105374949,0.0
LOC105374951,0.0
LOC105374953,0.0
LOC105374955,0.0
LOC105374957,0.0
LOC105374958,0.0
LOC105374960,0.0
LOC105374961,0.0
LOC105374963,0.0
LOC105374965,0.0
LOC105374966,0.0
LOC105374968,0.0
LOC105374970,0.0
LOC105374971,0.0
LOC105374973,0.0
LOC105374974,0.0
LOC105374975,0.0
LOC105374976,0.0
LOC105374981,0.0
LOC105374986,0.0
LOC105374988,0.0
LOC105374989,0.0
LOC105374991,0.0
LOC105374991-2,0.0
LOC105374992,0.0
LOC105374992-2,0.0
LOC105374996,0.0
LOC105374996-2,0.0
LOC105374998,0.0
LOC105375001,0.0
LOC105375002,0.0
LOC105375002-2,0.0
LOC105375002-3,0.0
LOC105375002-4,0.0
LOC105375002-5,0.0
LOC105375002-6,0.0
LOC105375002-7,0.0
LOC105375002-8,0.0
LOC105375005,0.0
LOC105375005-2,0.0
LOC105375005-3,0.0
LOC105375005-4,0.0
LOC105375005-5,0.0
LOC105375005-6,0.0
LOC105375006,0.0
LOC105375006-2,0.0
LOC105375008,0.0
LOC105375008-2,0.0
LOC105375008-3,0.0
LOC105375008-4,0.0
LOC105375008-5,0.0
LOC105375008-6,0.0
LOC105375008-7,0.0
LOC105375008-8,0.0
LOC105375010,0.0
LOC105375010-2,0.0
LOC105375010-3,0.0
LOC105375010-4,0.0
LOC105375010-5,0.0
LOC105375010-6,0.0
LOC105375010-7,0.0
LOC105375012,0.0
LOC105375012-2,0.0
LOC105375012-3,0.0
LOC105375012-4,0.0
LOC105375012-5,0.0
LOC105375012-6,0.0
LOC105375012-7,0.0
LOC105375018,0.0
LOC105375018-2,0.0
LOC105375018-3,0.0
LOC105375018-4,0.0
LOC105375018-5,0.0
LOC105375018-6,0.0
LOC105375019,0.0
LOC105375019-2,0.0
LOC105375019-3,0.0
LOC105375019-4,0.0
LOC105375019-5,0.0
LOC105375019-6,0.0
LOC105375019-7,0.0
LOC105375020,0.0
LOC105375020-2,0.0
LOC105375020-3,0.0
LOC105375021,0.0
LOC105375022,0.0
LOC105375024,0.0
LOC105375025,0.0
LOC105375026,0.0
LOC105375027,0.0
LOC105375028,0.0
LOC105375034,0.0
LOC105375035,0.0
LOC105375036,0.0
LOC105375038,0.0
LOC105375040,0.0
LOC105375044,0.0
LOC105375045,0.0
LOC105375046,0.0
LOC105375047,0.0
LOC105375049,0.0
LOC105375050,0.0
LOC105375051,0.0
LOC105375052,0.0
LOC105375053,0.0
LOC105375055,0.0
LOC105375059,0.0
LOC105375061,0.0
LOC105375065,0.30102996189576164
LOC105375068,0.0
LOC105375069,0.0
LOC105375070,0.0
LOC105375072,0.0
LOC105375074,0.0
LOC105375075,0.0
LOC105375079,0.0
LOC105375080,0.0
LOC105375081,0.0
LOC105375082,0.0
LOC105375084,0.0
LOC105375085,0.0
LOC105375087,0.0
LOC105375091,0.0
LOC105375097,0.0
LOC105375098,0.0
LOC105375100,0.0
LOC105375101,0.0
LOC105375102,0.0
LOC105375103,0.0
LOC105375107,0.0
LOC105375112,0.0
LOC105375112-2,0.0
LOC105375112-3,0.0
LOC105375113,0.0
LOC105375114,0.0
LOC105375114-2,0.0
LOC105375114-3,0.0
LOC105375115,0.0
LOC105375116,0.0
LOC105375116-2,0.0
LOC105375116-3,0.0
LOC105375116-4,0.0
LOC105375118,0.0
LOC105375119,0.0
LOC105375120,0.0
LOC105375123,0.0
LOC105375124,0.0
LOC105375126,0.0
LOC105375127,0.0
LOC105375130,0.0
LOC105375131,0.0
LOC105375133,0.0
LOC105375138,0.0
LOC105375142,0.0
LOC105375144,0.0
LOC105375145,0.0
LOC105375146,0.0
LOC105375147,0.0
LOC105375148,0.0
LOC105375149,0.0
LOC105375150,0.0
LOC105375151,0.0
LOC105375154,0.0
LOC105375155,0.0
LOC105375156,0.0
LOC105375157,0.0
LOC105375158,0.0
LOC105375161,0.0
LOC105375162,0.0
LOC105375164,0.0
LOC105375166,0.0
LOC105375167,0.0
LOC105375168,0.0
LOC105375169,0.0
LOC105375170,0.0
LOC105375171,0.0
LOC105375172,0.0
LOC105375179,0.0
LOC105375180,0.0
LOC105375181,0.0
LOC105375183,0.0
LOC105375185,0.0
LOC105375186,0.0
LOC105375187,0.0
LOC105375188,0.0
LOC105375191,0.0
LOC105375193,0.0
LOC105375194,0.0
LOC105375195,0.0
LOC105375196,0.0
LOC105375198,0.0
LOC105375199,0.0
LOC105375200,0.0
LOC105375202,0.0
LOC105375206,0.0
LOC105375207,0.0
LOC105375208,0.0
LOC105375211,0.0
LOC105375216,0.0
LOC105375217,0.0
LOC105375218,0.0
LOC105375219,0.0
LOC105375220,0.0
LOC105375221,0.0
LOC105375222,0.0
LOC105375224,0.0
LOC105375228,0.5039858453449976
LOC105375230,0.0
LOC105375233,0.0
LOC105375235,0.0
LOC105375236,0.0
LOC105375237,0.0
LOC105375238,0.0
LOC105375239,0.0
LOC105375241,0.0
LOC105375242,0.3010299498101576
LOC105375243,0.0
LOC105375244,0.0
LOC105375245,0.0
LOC105375246,0.0
LOC105375247,0.0
LOC105375249,0.0
LOC105375250,0.0
LOC105375251,0.0
LOC105375253,0.0
LOC105375257,0.0
LOC105375258,0.0
LOC105375259,0.0
LOC105375262,0.0
LOC105375264,0.0
LOC105375266,0.0
LOC105375267,0.0
LOC105375268,0.0
LOC105375270,0.0
LOC105375271,0.0
LOC105375272,0.0
LOC105375277,0.0
LOC105375278,0.0
LOC105375282,0.0
LOC105375284,0.0
LOC105375288,0.0
LOC105375289,0.0
LOC105375291,0.0
LOC105375292,0.0
LOC105375294,0.0
LOC105375295,0.0
LOC105375297,0.0
LOC105375298,0.0
LOC105375299,0.0
LOC105375300,0.0
LOC105375301,0.30102997066996146
LOC105375302,0.0
LOC105375303,0.0
LOC105375310,0.0
LOC105375311,0.0
LOC105375313,0.0
LOC105375314,0.0
LOC105375315,0.0
LOC105375317,0.4771212468981606
LOC105375318,0.0
LOC105375319,0.0
LOC105375321,0.3010300999077036
LOC105375322,1.903089974444583
LOC105375323,0.0
LOC105375324,0.0
LOC105375326,0.0
LOC105375329,0.0
LOC105375330,0.0
LOC105375334,0.0
LOC105375336,0.0
LOC105375337,0.0
LOC105375340,0.0
LOC105375341,0.0
LOC105375342,0.0
LOC105375343,0.0
LOC105375344,0.0
LOC105375345,0.0
LOC105375346,0.0
LOC105375347,0.0
LOC105375350,0.0
LOC105375352,0.0
LOC105375358,0.0
LOC105375359,0.0
LOC105375363,0.0
LOC105375366,0.0
LOC105375369,0.0
LOC105375370,0.0
LOC105375371,0.0
LOC105375372,0.0
LOC105375373,0.0
LOC105375376,0.0
LOC105375377,0.0
LOC105375378,0.0
LOC105375384,0.0
LOC105375386,0.0
LOC105375387,0.0
LOC105375397,0.0
LOC105375400,0.0
LOC105375402,0.0
LOC105375404,1.8750621895103061
LOC105375409,0.0
LOC105375410,0.0
LOC105375411,0.0
LOC105375412,0.0
LOC105375414,0.0
LOC105375416,0.0
LOC105375418,0.0
LOC105375419,0.0
LOC105375421,0.0
LOC105375422,0.0
LOC105375423,0.0
LOC105375426,0.0
LOC105375429,0.0
LOC105375431,0.0
LOC105375433,0.0
LOC105375434,0.0
LOC105375434-2,0.0
LOC105375435,0.0
LOC105375440,0.0
LOC105375444,0.0
LOC105375445,0.0
LOC105375446,0.0
LOC105375448,0.0
LOC105375450,0.0
LOC105375451,0.0
LOC105375452,0.0
LOC105375456,0.0
LOC105375457,0.0
LOC105375461,0.0
LOC105375462,0.0
LOC105375463,0.0
LOC105375465,0.0
LOC105375466,0.0
LOC105375467,0.0
LOC105375468,0.0
LOC105375469,0.0
LOC105375470,0.0
LOC105375471,0.0
LOC105375472,0.0
LOC105375473,0.0
LOC105375477,0.0
LOC105375478,0.0
LOC105375481,0.0
LOC105375482,0.0
LOC105375483,0.0
LOC105375484,0.0
LOC105375487,0.0
LOC105375488,0.0
LOC105375489,0.0
LOC105375490,0.0
LOC105375493,0.0
LOC105375497,0.0
LOC105375500,0.0
LOC105375501,0.0
LOC105375503,0.0
LOC105375504,0.0
LOC105375505,0.0
LOC105375508,0.47712121433683596
LOC105375509,0.0
LOC105375511,0.0
LOC105375512,0.0
LOC105375514,0.0
LOC105375517,0.0
LOC105375518,0.0
LOC105375520,0.0
LOC105375521,0.0
LOC105375522,0.0
LOC105375523,0.0
LOC105375524,0.0
LOC105375525,0.0
LOC105375527,0.0
LOC105375530,0.0
LOC105375532,0.0
LOC105375534,0.0
LOC105375535,0.0
LOC105375536,0.0
LOC105375537,0.0
LOC105375539,0.0
LOC105375539-2,0.0
LOC105375541,0.0
LOC105375542,0.0
LOC105375542-2,0.0
LOC105375544,0.0
LOC105375546,0.0
LOC105375547,0.0
LOC105375547-2,0.0
LOC105375548,0.0
LOC105375549,0.0
LOC105375549-2,0.0
LOC105375552,0.0
LOC105375553,0.0
LOC105375554,0.6020599477261579
LOC105375556,0.0
LOC105375557,0.0
LOC105375559,0.0
LOC105375566,0.0
LOC105375567,0.30102993498918673
LOC105375570,0.0
LOC105375571,0.0
LOC105375577,0.0
LOC105375578,0.0
LOC105375579,0.0
LOC105375580,0.0
LOC105375581,0.0
LOC105375582,0.0
LOC105375584,0.0
LOC105375587,0.0
LOC105375588,0.0
LOC105375589,0.0
LOC105375592,0.0
LOC105375593,0.0
LOC105375594,0.0
LOC105375597,0.0
LOC105375599,0.0
LOC105375601,0.0
LOC105375602,0.0
LOC105375603,0.0
LOC105375604,0.0
LOC105375605,0.0
LOC105375607,0.0
LOC105375610,0.0
LOC105375613,0.0
LOC105375614,0.0
LOC105375615,0.0
LOC105375623,0.0
LOC105375626,0.0
LOC105375628,0.0
LOC105375629,0.0
LOC105375630,0.0
LOC105375631,1.085867236426333
LOC105375633,0.0
LOC105375634,1.1367970771071896
LOC105375635,0.0
LOC105375637,0.0
LOC105375638,0.0
LOC105375639,0.0
LOC105375641,0.0
LOC105375642,0.0
LOC105375643,0.0
LOC105375644,0.0
LOC105375647,0.0
LOC105375648,0.0
LOC105375652,0.0
LOC105375653,0.0
LOC105375655,0.8549920524194072
LOC105375657,0.0
LOC105375659,0.0
LOC105375669,0.0
LOC105375670,0.0
LOC105375671,0.0
LOC105375672,0.0
LOC105375676,0.0
LOC105375683,0.0
LOC105375684,0.0
LOC105375685,0.0
LOC105375686,0.0
LOC105375688,0.0
LOC105375689,0.0
LOC105375690,0.0
LOC105375691,0.0
LOC105375692,0.0
LOC105375693,0.0
LOC105375694,0.0
LOC105375696,0.0
LOC105375701,0.0
LOC105375703,0.0
LOC105375704,0.0
LOC105375705,0.0
LOC105375707,0.0
LOC105375709,0.0
LOC105375710,0.0
LOC105375711,0.0
LOC105375712,0.0
LOC105375713,0.0
LOC105375715,0.0
LOC105375716,0.0
LOC105375717,0.0
LOC105375719,0.0
LOC105375721,0.0
LOC105375723,0.0
LOC105375724,0.0
LOC105375725,0.0
LOC105375727,0.0
LOC105375728,0.0
LOC105375730,0.0
LOC105375731,0.0
LOC105375733,0.0
LOC105375738,0.0
LOC105375739,0.0
LOC105375740,0.0
LOC105375741,0.0
LOC105375742,0.0
LOC105375743,0.0
LOC105375747,0.0
LOC105375750,0.0
LOC105375751,0.0
LOC105375753,0.0
LOC105375754,0.0
LOC105375758,0.0
LOC105375759,0.0
LOC105375760,0.0
LOC105375761,0.0
LOC105375762,0.0
LOC105375763,0.0
LOC105375765,0.0
LOC105375767,0.0
LOC105375768,0.0
LOC105375769,0.0
LOC105375771,0.0
LOC105375772,0.0
LOC105375775,0.0
LOC105375776,0.0
LOC105375779,0.0
LOC105375781,0.0
LOC105375782,0.0
LOC105375783,0.0
LOC105375784,0.0
LOC105375785,0.0
LOC105375789,0.0
LOC105375789-2,0.0
LOC105375791,0.0
LOC105375791-2,0.0
LOC105375792,0.0
LOC105375794,0.0
LOC105375798,0.0
LOC105375799,0.0
LOC105375799-2,0.0
LOC105375800,0.0
LOC105375805,0.0
LOC105375809,0.0
LOC105375811,0.0
LOC105375812,0.0
LOC105375813,0.0
LOC105375814,0.0
LOC105375815,0.0
LOC105375816,0.0
LOC105375817,0.0
LOC105375818,0.0
LOC105375820,0.0
LOC105375821,0.0
LOC105375825,0.47712126038158564
LOC105375826,0.0
LOC105375828,0.0
LOC105375829,1.255274178714613
LOC105375830,0.0
LOC105375831,0.0
LOC105375833,0.0
LOC105375835,0.0
LOC105375836,0.0
LOC105375840,0.0
LOC105375841,0.0
LOC105375842,0.0
LOC105375844,0.0
LOC105375845,0.0
LOC105375846,0.0
LOC105375849,0.0
LOC105375850,0.0
LOC105375851,0.0
LOC105375852,0.0
LOC105375855,0.0
LOC105375856,0.0
LOC105375858,0.0
LOC105375859,0.0
LOC105375860,0.0
LOC105375861,0.0
LOC105375863,0.0
LOC105375864,0.0
LOC105375870,0.0
LOC105375871,0.0
LOC105375873,0.0
LOC105375874,0.0
LOC105375875,0.0
LOC105375876,0.0
LOC105375877,0.0
LOC105375878,0.0
LOC105375879,0.0
LOC105375880,0.0
LOC105375881,0.0
LOC105375883,0.0
LOC105375884,0.301029972191468
LOC105375885,0.0
LOC105375886,0.0
LOC105375888,0.0
LOC105375889,0.0
LOC105375890,0.0
LOC105375892,0.0
LOC105375894,0.0
LOC105375897,0.0
LOC105375899,0.0
LOC105375901,0.0
LOC105375903,0.0
LOC105375905,0.0
LOC105375906,0.0
LOC105375909,0.0
LOC105375911,0.0
LOC105375912,0.0
LOC105375913,0.0
LOC105375915,0.0
LOC105375916,0.0
LOC105375918,0.0
LOC105375919,0.0
LOC105375920,0.0
LOC105375921,0.0
LOC105375922,0.0
LOC105375924,0.0
LOC105375925,0.0
LOC105375926,0.0
LOC105375930,0.0
LOC105375931,0.0
LOC105375932,0.0
LOC105375933,0.0
LOC105375936,0.0
LOC105375937,0.0
LOC105375938,0.0
LOC105375942,0.0
LOC105375943,0.0
LOC105375945,0.0
LOC105375947,0.0
LOC105375949,0.0
LOC105375951,0.0
LOC105375952,0.0
LOC105375955,0.0
LOC105375956,0.0
LOC105375957,0.3010300745641179
LOC105375959,0.0
LOC105375962,0.0
LOC105375964,0.0
LOC105375969,0.0
LOC105375970,0.0
LOC105375971,0.0
LOC105375972,0.0
LOC105375974,0.0
LOC105375975,0.0
LOC105375976,0.0
LOC105375977,0.0
LOC105375979,0.0
LOC105375980,0.0
LOC105375983,0.0
LOC105375985,0.0
LOC105375987,0.0
LOC105375988,0.0
LOC105375989,0.0
LOC105375990,0.0
LOC105375992,0.0
LOC105375993,0.0
LOC105375994,0.0
LOC105375996,0.0
LOC105375997,0.0
LOC105375999,0.0
LOC105376000,0.0
LOC105376002,0.0
LOC105376003,0.0
LOC105376004,0.0
LOC105376005,0.0
LOC105376009,0.0
LOC105376010,0.0
LOC105376011,0.0
LOC105376013,0.0
LOC105376015,0.0
LOC105376016,0.0
LOC105376017,0.0
LOC105376018,0.0
LOC105376020,0.0
LOC105376023,0.0
LOC105376025,0.0
LOC105376026,0.0
LOC105376030,0.0
LOC105376031,0.0
LOC105376032,0.0
LOC105376033,0.0
LOC105376034,0.0
LOC105376035,0.0
LOC105376037,0.0
LOC105376039,0.0
LOC105376040,0.0
LOC105376041,0.30102995940821925
LOC105376042,0.0
LOC105376043,0.0
LOC105376044,0.0
LOC105376045,0.0
LOC105376050,0.0
LOC105376058,0.0
LOC105376063,0.0
LOC105376065,0.0
LOC105376067,0.0
LOC105376070,0.0
LOC105376071,0.0
LOC105376076,0.0
LOC105376078,0.0
LOC105376079,0.0
LOC105376080,0.0
LOC105376081,0.0
LOC105376082,0.0
LOC105376083,0.0
LOC105376084,0.3010300576794873
LOC105376085,0.0
LOC105376086,0.0
LOC105376087,0.0
LOC105376088,0.0
LOC105376090,0.0
LOC105376091,0.0
LOC105376093,0.0
LOC105376095,0.0
LOC105376096,0.0
LOC105376097,0.0
LOC105376099,0.0
LOC105376100,0.0
LOC105376101,0.0
LOC105376103,0.0
LOC105376105,0.3010299902501083
LOC105376106,0.0
LOC105376107,0.0
LOC105376110,0.0
LOC105376118,0.0
LOC105376119,0.0
LOC105376121,0.0
LOC105376123,0.0
LOC105376126,0.0
LOC105376127,0.0
LOC105376131,0.0
LOC105376134,0.0
LOC105376134-2,0.0
LOC105376135,0.0
LOC105376135-2,0.0
LOC105376136,0.0
LOC105376137,0.0
LOC105376139,0.0
LOC105376140,0.0
LOC105376142,0.0
LOC105376143,0.0
LOC105376146,0.30103003490255104
LOC105376148,0.0
LOC105376154,0.0
LOC105376155,0.0
LOC105376156,0.0
LOC105376157,0.0
LOC105376158,0.0
LOC105376159,0.0
LOC105376161,0.0
LOC105376163,0.301029865560042
LOC105376166,0.0
LOC105376168,0.0
LOC105376174,0.0
LOC105376176,0.0
LOC105376177,0.9995868069348087
LOC105376179,0.0
LOC105376180,0.0
LOC105376181,0.0
LOC105376182,0.0
LOC105376182-2,0.0
LOC105376183,0.0
LOC105376183-2,0.0
LOC105376184,0.0
LOC105376186,0.0
LOC105376187,0.0
LOC105376188,0.0
LOC105376190,0.0
LOC105376191,0.0
LOC105376192,0.0
LOC105376193,0.0
LOC105376194,0.0
LOC105376195,0.0
LOC105376196,0.0
LOC105376197,0.0
LOC105376204,0.0
LOC105376205,0.0
LOC105376206,0.0
LOC105376207,0.0
LOC105376208,0.0
LOC105376209,0.0
LOC105376212,0.0
LOC105376213,0.0
LOC105376214,0.0
LOC105376216,0.0
LOC105376217,0.0
LOC105376218,0.0
LOC105376219,0.0
LOC105376222,0.3010300171305662
LOC105376223,0.30102994112556314
LOC105376224,0.0
LOC105376225,0.0
LOC105376229,0.0
LOC105376231,0.0
LOC105376232,0.0
LOC105376233,0.0
LOC105376234,0.0
LOC105376235,0.0
LOC105376236,0.0
LOC105376237,0.0
LOC105376238,1.462397711236577
LOC105376239,0.0
LOC105376240,0.0
LOC105376242,0.0
LOC105376243,0.0
LOC105376244,0.30103005179298464
LOC105376246,0.0
LOC105376247,0.0
LOC105376248,0.0
LOC105376249,0.0
LOC105376250,0.0
LOC105376253,0.0
LOC105376257,0.0
LOC105376265,0.0
LOC105376266,0.0
LOC105376267,0.0
LOC105376270,0.0
LOC105376271,0.0
LOC105376272,0.0
LOC105376273,0.0
LOC105376274,0.0
LOC105376275,0.0
LOC105376276,0.0
LOC105376278,0.0
LOC105376279,0.0
LOC105376281,0.0
LOC105376286,0.0
LOC105376289,0.0
LOC105376291,0.0
LOC105376292,0.0
LOC105376299,0.0
LOC105376300,0.0
LOC105376301,0.0
LOC105376302,0.0
LOC105376304,0.0
LOC105376306,0.0
LOC105376311,0.0
LOC105376313,0.0
LOC105376314,0.0
LOC105376316,0.0
LOC105376317,0.0
LOC105376318,0.0
LOC105376325,0.0
LOC105376326,0.0
LOC105376327,0.0
LOC105376328,0.0
LOC105376332,0.0
LOC105376333,0.0
LOC105376335,0.0
LOC105376342,0.0
LOC105376344,0.0
LOC105376345,0.0
LOC105376346,0.0
LOC105376349,0.0
LOC105376350,0.0
LOC105376352,0.0
LOC105376353,0.0
LOC105376356,0.0
LOC105376357,0.0
LOC105376358,0.0
LOC105376360,0.0
LOC105376361,0.0
LOC105376363,0.0
LOC105376364,0.0
LOC105376367,0.0
LOC105376368,0.0
LOC105376369,0.0
LOC105376370,0.0
LOC105376371,0.0
LOC105376372,0.0
LOC105376373,0.0
LOC105376374,0.0
LOC105376375,0.0
LOC105376380,0.0
LOC105376381,0.0
LOC105376384,0.0
LOC105376387,0.0
LOC105376390,0.0
LOC105376391,0.0
LOC105376392,0.0
LOC105376394,0.0
LOC105376395,0.0
LOC105376396,0.0
LOC105376397,0.0
LOC105376398,0.0
LOC105376399,0.0
LOC105376400,0.0
LOC105376403,0.0
LOC105376409,0.0
LOC105376410,0.0
LOC105376411,0.0
LOC105376412,0.315279663687175
LOC105376413,0.0
LOC105376415,0.0
LOC105376416,0.0
LOC105376418,0.0
LOC105376419,0.0
LOC105376420,0.0
LOC105376422,0.0
LOC105376425,0.0
LOC105376426,0.0
LOC105376429,0.0
LOC105376431,0.0
LOC105376433,0.0
LOC105376434,0.0
LOC105376435,0.0
LOC105376436,0.0
LOC105376437,0.0
LOC105376440,0.0
LOC105376441,0.0
LOC105376442,0.0
LOC105376445,0.0
LOC105376447,0.0
LOC105376449,0.0
LOC105376450,0.0
LOC105376451,0.0
LOC105376454,0.0
LOC105376455,0.0
LOC105376456,0.0
LOC105376460,0.30102988482700005
LOC105376461,0.0
LOC105376470,0.0
LOC105376472,0.0
LOC105376473,0.0
LOC105376474,0.0
LOC105376475,0.0
LOC105376476,0.0
LOC105376477,0.0
LOC105376478,0.0
LOC105376479,0.0
LOC105376481,0.0
LOC105376482,0.0
LOC105376483,0.0
LOC105376484,0.0
LOC105376485,0.0
LOC105376489,0.0
LOC105376494,0.0
LOC105376496,0.0
LOC105376497,0.0
LOC105376498,0.0
LOC105376500,0.0
LOC105376505,0.0
LOC105376506,0.0
LOC105376509,0.0
LOC105376517,0.0
LOC105376520,0.0
LOC105376526,0.0
LOC105376528,0.0
LOC105376533,0.0
LOC105376535,0.0
LOC105376536,0.0
LOC105376542,0.0
LOC105376548,0.0
LOC105376553,0.0
LOC105376556,0.0
LOC105376558,0.0
LOC105376567,0.0
LOC105376568,0.0
LOC105376571,0.0
LOC105376572,0.0
LOC105376576,0.0
LOC105376577,0.0
LOC105376577-2,0.0
LOC105376578,0.0
LOC105376583,0.0
LOC105376584,0.0
LOC105376585,0.0
LOC105376587,0.0
LOC105376588,0.0
LOC105376595,0.0
LOC105376598,0.0
LOC105376600,0.0
LOC105376601,0.0
LOC105376604,0.0
LOC105376611,0.0
LOC105376613,0.0
LOC105376615,0.0
LOC105376617,0.0
LOC105376621,0.0
LOC105376622,0.0
LOC105376624,0.0
LOC105376625,0.0
LOC105376626,0.0
LOC105376627,0.0
LOC105376631,0.0
LOC105376632,0.0
LOC105376634,1.3638056728899317
LOC105376635,0.0
LOC105376636,0.0
LOC105376637,0.0
LOC105376639,0.0
LOC105376641,0.0
LOC105376642,0.0
LOC105376644,0.0
LOC105376645,0.0
LOC105376646,0.0
LOC105376649,0.0
LOC105376650,0.0
LOC105376652,0.0
LOC105376654,0.30102998617611676
LOC105376655,0.0
LOC105376656,0.0
LOC105376661,0.0
LOC105376674,0.0
LOC105376675,0.0
LOC105376682,0.0
LOC105376686,0.0
LOC105376689,0.0
LOC105376691,0.0
LOC105376695,0.0
LOC105376698,0.0
LOC105376704,0.0
LOC105376704-2,0.0
LOC105376704-3,0.0
LOC105376709,0.0
LOC105376709-2,0.0
LOC105376710,0.0
LOC105376712,0.0
LOC105376713,0.0
LOC105376717,0.0
LOC105376718,0.0
LOC105376722,0.0
LOC105376722-2,0.0
LOC105376724,0.30299913469244943
LOC105376724-2,0.0
LOC105376730,0.0
LOC105376731,0.0
LOC105376733,0.0
LOC105376735,0.0
LOC105376737,0.0
LOC105376739,0.0
LOC105376740,0.0
LOC105376751,0.0
LOC105376755,0.0
LOC105376756,0.0
LOC105376759,0.0
LOC105376767,0.0
LOC105376772,0.0
LOC105376774,0.0
LOC105376775,0.0
LOC105376778,0.0
LOC105376781,0.0
LOC105376786,0.0
LOC105376787,0.0
LOC105376789,0.0
LOC105376789-2,0.0
LOC105376805,0.0
LOC105376806,0.0
LOC105376806-2,0.0
LOC105376808,0.0
LOC105376808-2,0.0
LOC105376809,0.0
LOC105376810,0.0
LOC105376812,0.0
LOC105376815,0.0
LOC105376817,0.0
LOC105376818,0.0
LOC105376819,0.0
LOC105376823,0.0
LOC105376825,0.0
LOC105376826,0.0
LOC105376828,0.0
LOC105376829,0.0
LOC105376830,0.0
LOC105376832,0.0
LOC105376836,0.0
LOC105376844,0.0
LOC105376845,0.0
LOC105376850,0.0
LOC105376856,0.0
LOC105376859,0.0
LOC105376860,0.0
LOC105376861,0.0
LOC105376863,0.0
LOC105376864,0.0
LOC105376872,0.0
LOC105376872-2,0.0
LOC105376873,0.0
LOC105376874,0.0
LOC105376876,0.0
LOC105376882,0.0
LOC105376885,0.0
LOC105376888,0.0
LOC105376892,0.0
LOC105376899,0.0
LOC105376910,0.0
LOC105376912,0.0
LOC105376914,0.0
LOC105376917,0.0
LOC105376921,0.0
LOC105376922,0.0
LOC105376923,0.0
LOC105376924,0.0
LOC105376926,0.0
LOC105376933,0.0
LOC105376936,0.0
LOC105376938,0.0
LOC105376939,0.0
LOC105376940,0.0
LOC105376941,0.0
LOC105376942,0.0
LOC105376943,0.0
LOC105376944,0.3010299776261877
LOC105376945,0.0
LOC105376949,0.0
LOC105376950,0.0
LOC105376951,0.0
LOC105376956,0.0
LOC105376957,0.0
LOC105376958,0.0
LOC105376959,0.0
LOC105376960,0.0
LOC105376963,0.3010299578046167
LOC105376972,0.0
LOC105376972-2,0.301029837217976
LOC105376975,0.0
LOC105376978,0.0
LOC105376981,0.0
LOC105376982,0.0
LOC105376984,0.0
LOC105376985,0.0
LOC105376987,0.0
LOC105376988,0.0
LOC105376989,0.0
LOC105376993,0.0
LOC105376995,0.0
LOC105376996,0.0
LOC105377000,0.0
LOC105377001,0.0
LOC105377002,0.0
LOC105377005,0.0
LOC105377008,0.0
LOC105377009,0.0
LOC105377013,0.0
LOC105377015,0.0
LOC105377018,0.0
LOC105377024,0.0
LOC105377029,0.0
LOC105377030,0.0
LOC105377033,0.0
LOC105377034,0.0
LOC105377035,0.0
LOC105377037,0.0
LOC105377039,0.0
LOC105377043,0.0
LOC105377045,0.0
LOC105377046,0.0
LOC105377048,0.0
LOC105377051,0.0
LOC105377052,0.0
LOC105377055,0.0
LOC105377056,0.0
LOC105377056-2,0.0
LOC105377061,0.0
LOC105377062,0.0
LOC105377063,0.0
LOC105377067,0.0
LOC105377073,0.0
LOC105377074,0.0
LOC105377082,0.0
LOC105377083,0.0
LOC105377085,0.0
LOC105377087,0.0
LOC105377088,0.0
LOC105377094,0.0
LOC105377095,0.0
LOC105377099,0.0
LOC105377100,0.0
LOC105377101,0.0
LOC105377102,0.0
LOC105377103,0.0
LOC105377104,0.0
LOC105377106,0.0
LOC105377109,0.0
LOC105377111,0.0
LOC105377112,0.0
LOC105377113,1.4913617341931575
LOC105377114,0.0
LOC105377115,0.0
LOC105377119,0.0
LOC105377121,0.0
LOC105377123,0.0
LOC105377124,0.0
LOC105377125,0.0
LOC105377127,0.0
LOC105377128,0.0
LOC105377128-2,0.0
LOC105377134,0.0
LOC105377136,0.0
LOC105377139,0.0
LOC105377141,0.0
LOC105377142,0.0
LOC105377143,0.0
LOC105377144,0.0
LOC105377146,0.0
LOC105377152,0.0
LOC105377155,0.0
LOC105377156,0.0
LOC105377157,0.0
LOC105377158,0.0
LOC105377159,0.0
LOC105377160,0.0
LOC105377160-2,0.0
LOC105377161,0.0
LOC105377161-2,0.0
LOC105377162,0.0
LOC105377164,0.0
LOC105377166,0.0
LOC105377167,0.0
LOC105377168,0.0
LOC105377171,0.0
LOC105377173,0.0
LOC105377174,0.0
LOC105377176,0.0
LOC105377177,0.0
LOC105377178,0.0
LOC105377179,0.0
LOC105377181,0.0
LOC105377183,0.0
LOC105377186,0.0
LOC105377187,0.0
LOC105377188,1.6127838476476541
LOC105377193,0.0
LOC105377193-2,0.0
LOC105377196,0.0
LOC105377198,0.0
LOC105377202,0.0
LOC105377203,0.0
LOC105377203-2,0.0
LOC105377205,0.0
LOC105377208,0.0
LOC105377209,0.0
LOC105377211,0.0
LOC105377212,0.0
LOC105377213,0.0
LOC105377217,0.0
LOC105377218,0.0
LOC105377219,0.0
LOC105377220,0.0
LOC105377223,0.0
LOC105377224,0.0
LOC105377225,0.4771212373915265
LOC105377227,0.0
LOC105377229,0.0
LOC105377231,0.0
LOC105377232,0.0
LOC105377234,0.0
LOC105377235,0.0
LOC105377236,0.0
LOC105377237,0.0
LOC105377238,0.0
LOC105377239,0.0
LOC105377241,0.0
LOC105377242,0.0
LOC105377244,0.0
LOC105377246,0.0
LOC105377253,0.0
LOC105377254,0.0
LOC105377255,0.0
LOC105377258,0.0
LOC105377259,0.0
LOC105377260,0.0
LOC105377260-2,0.0
LOC105377261,0.0
LOC105377261-2,0.0
LOC105377262,0.0
LOC105377265,0.0
LOC105377267,0.0
LOC105377269,0.0
LOC105377269-2,0.0
LOC105377270,0.0
LOC105377270-2,0.0
LOC105377271,0.0
LOC105377273,0.0
LOC105377275,0.0
LOC105377276,0.0
LOC105377277,0.0
LOC105377278,0.0
LOC105377280,0.0
LOC105377282,0.0
LOC105377284,0.3010299405186331
LOC105377285,0.0
LOC105377286,0.0
LOC105377290,0.47712122345045715
LOC105377291,0.0
LOC105377294,0.0
LOC105377295,0.0
LOC105377296,0.0
LOC105377297,0.0
LOC105377299,0.0
LOC105377300,0.0
LOC105377302,0.0
LOC105377305,0.0
LOC105377306,0.0
LOC105377308,0.0
LOC105377310,0.0
LOC105377313,0.0
LOC105377315,0.0
LOC105377319,0.0
LOC105377320,0.0
LOC105377323,0.0
LOC105377324,0.0
LOC105377326,0.0
LOC105377327,0.0
LOC105377328,0.0
LOC105377329,0.0
LOC105377331,0.0
LOC105377340,0.0
LOC105377343,0.0
LOC105377345,0.0
LOC105377347,0.0
LOC105377350,0.0
LOC105377351,0.0
LOC105377352,0.0
LOC105377356,0.0
LOC105377358,0.0
LOC105377362,0.0
LOC105377363,0.0
LOC105377364,0.0
LOC105377366,0.0
LOC105377367,0.0
LOC105377369,0.0
LOC105377370,0.0
LOC105377374,0.0
LOC105377375,0.0
LOC105377376,0.0
LOC105377378,0.0
LOC105377379,0.0
LOC105377380,0.0
LOC105377382,0.0
LOC105377383,0.0
LOC105377384,0.0
LOC105377385,0.0
LOC105377387,0.0
LOC105377388,0.0
LOC105377392,0.0
LOC105377393,0.0
LOC105377394,0.0
LOC105377395,0.0
LOC105377397,0.0
LOC105377399,0.0
LOC105377401,0.0
LOC105377402,0.0
LOC105377404,0.0
LOC105377405,0.0
LOC105377406,0.0
LOC105377407,0.0
LOC105377408,0.0
LOC105377409,0.0
LOC105377410,0.0
LOC105377411,0.0
LOC105377412,0.0
LOC105377414,0.0
LOC105377416,0.0
LOC105377417,0.0
LOC105377418,0.0
LOC105377422,0.0
LOC105377423,0.0
LOC105377425,0.0
LOC105377428,0.0
LOC105377431,0.0
LOC105377436,0.0
LOC105377437,0.0
LOC105377438,0.0
LOC105377442,0.0
LOC105377444,0.0
LOC105377445,0.0
LOC105377447,0.0
LOC105377448,0.0
LOC105377451,0.0
LOC105377452,0.0
LOC105377457,0.0
LOC105377458,0.30102996919982894
LOC105377459,0.0
LOC105377460,0.4771212404299883
LOC105377462,0.0
LOC105377465,0.0
LOC105377468,0.3010300283525395
LOC105377469,0.0
LOC105377472,0.0
LOC105377473,0.0
LOC105377474,0.0
LOC105377475,0.0
LOC105377476,0.0
LOC105377479,0.0
LOC105377480,0.0
LOC105377481,0.0
LOC105377483,0.0
LOC105377485,0.0
LOC105377485-2,0.0
LOC105377488,0.0
LOC105377489,0.0
LOC105377490,0.0
LOC105377492,0.0
LOC105377495,0.0
LOC105377496,0.0
LOC105377498,0.0
LOC105377499,0.0
LOC105377500,0.0
LOC105377501,0.0
LOC105377502,0.0
LOC105377503,0.0
LOC105377504,0.0
LOC105377505,0.0
LOC105377506,0.0
LOC105377507,0.0
LOC105377507-2,0.0
LOC105377508,0.0
LOC105377509,0.0
LOC105377510,0.0
LOC105377513,0.0
LOC105377514,0.0
LOC105377515,0.0
LOC105377516,0.0
LOC105377517,0.0
LOC105377519,0.0
LOC105377520,0.0
LOC105377521,0.0
LOC105377523,0.0
LOC105377524,0.0
LOC105377527,0.0
LOC105377529,0.0
LOC105377530,0.0
LOC105377534,0.0
LOC105377535,0.0
LOC105377543,0.0
LOC105377544,0.0
LOC105377546,0.0
LOC105377547,0.0
LOC105377548,0.0
LOC105377549,0.0
LOC105377551,0.3010300663626286
LOC105377552,0.0
LOC105377557,0.0
LOC105377558,0.0
LOC105377559,0.0
LOC105377560,0.0
LOC105377561,0.0
LOC105377562,0.0
LOC105377563,0.0
LOC105377565,0.0
LOC105377567,0.0
LOC105377568,0.0
LOC105377571,0.0
LOC105377572,0.0
LOC105377576,0.0
LOC105377577,0.0
LOC105377578,0.0
LOC105377580,0.0
LOC105377581,0.0
LOC105377582,0.0
LOC105377584,0.0
LOC105377587,0.0
LOC105377588,0.0
LOC105377590,0.0
LOC105377596,0.0
LOC105377599,0.0
LOC105377603,0.0
LOC105377604,0.0
LOC105377607,0.0
LOC105377608,0.0
LOC105377608-2,0.0
LOC105377609,0.0
LOC105377609-2,0.30102979415725384
LOC105377611,0.0
LOC105377611-2,0.0
LOC105377612,0.0
LOC105377612-2,0.0
LOC105377613,0.0
LOC105377614,0.0
LOC105377614-2,0.0
LOC105377615,0.0
LOC105377615-2,0.0
LOC105377616,0.0
LOC105377616-2,0.0
LOC105377616-3,0.0
LOC105377616-4,0.0
LOC105377619,0.0
LOC105377619-2,0.0
LOC105377619-3,0.0
LOC105377619-4,0.0
LOC105377621,0.0
LOC105377622,0.0
LOC105377626,0.0
LOC105377627,0.0
LOC105377628,0.0
LOC105377635,0.3294563383391371
LOC105377636,0.3010299503210815
LOC105377642,0.0
LOC105377644,0.0
LOC105377647,0.0
LOC105377651,0.0
LOC105377654,0.0
LOC105377657,0.0
LOC105377660,0.0
LOC105377661,0.0
LOC105377663,0.0
LOC105377665,0.0
LOC105377666,0.0
LOC105377668,0.0
LOC105377670,0.0
LOC105377672,0.0
LOC105377673,0.0
LOC105377675,0.0
LOC105377676,0.0
LOC105377677,0.0
LOC105377678,0.0
LOC105377683,0.0
LOC105377684,0.0
LOC105377685,0.0
LOC105377687,0.0
LOC105377688,0.0
LOC105377691,0.0
LOC105377693,0.0
LOC105377694,0.0
LOC105377696,0.0
LOC105377697,0.0
LOC105377697-2,0.0
LOC105377698,0.0
LOC105377699,0.0
LOC105377700,0.0
LOC105377702,0.0
LOC105377705,0.0
LOC105377706,0.0
LOC105377709,0.0
LOC105377712,0.0
LOC105377713,0.0
LOC105377714,0.0
LOC105377715,0.0
LOC105377720,0.0
LOC105377721,0.0
LOC105377722,0.0
LOC105377723,0.0
LOC105377724,0.0
LOC105377725,0.0
LOC105377727,0.0
LOC105377729,0.0
LOC105377730,0.0
LOC105377731,0.0
LOC105377732,0.0
LOC105377733,0.0
LOC105377739,0.0
LOC105377740,0.0
LOC105377742,0.0
LOC105377743,0.0
LOC105377744,0.0
LOC105377752,0.0
LOC105377753,0.0
LOC105377754,0.0
LOC105377757,0.0
LOC105377759,0.0
LOC105377759-2,0.0
LOC105377762,0.0
LOC105377763,0.0
LOC105377773,0.0
LOC105377775,0.0
LOC105377775-2,0.0
LOC105377775-3,0.0
LOC105377776,0.0
LOC105377777,0.0
LOC105377778,0.0
LOC105377778-2,0.0
LOC105377779,0.0
LOC105377779-2,0.0
LOC105377781,0.0
LOC105377781-2,0.0
LOC105377782,0.0
LOC105377782-2,0.30103006305566343
LOC105377783,0.0
LOC105377783-2,0.0
LOC105377784,0.0
LOC105377784-2,0.0
LOC105377785,0.0
LOC105377789,0.0
LOC105377790,0.0
LOC105377791,0.0
LOC105377793,0.0
LOC105377794,0.0
LOC105377795,0.0
LOC105377796,0.0
LOC105377797,0.0
LOC105377799,0.0
LOC105377799-2,0.0
LOC105377800,0.0
LOC105377800-2,0.0
LOC105377801,0.0
LOC105377801-2,0.0
LOC105377801-3,0.0
LOC105377803,0.0
LOC105377803-2,0.0
LOC105377805,0.0
LOC105377805-2,0.0
LOC105377805-3,0.0
LOC105377814,0.0
LOC105377815,0.0
LOC105377816,0.0
LOC105377824,0.0
LOC105377836,0.0
LOC105377837,0.0
LOC105377838,0.0
LOC105377839,0.0
LOC105377840,0.0
LOC105377841,0.0
LOC105377842,0.0
LOC105377843,0.0
LOC105377844,0.0
LOC105377845,0.0
LOC105377846,0.0
LOC105377847,0.0
LOC105377848,0.0
LOC105377850,0.0
LOC105377853,0.0
LOC105377855,0.5362154948793881
LOC105377858,0.0
LOC105377861,0.0
LOC105377862,0.0
LOC105377864,0.0
LOC105377865,0.0
LOC105377867,0.0
LOC105377867-2,0.0
LOC105377869,0.0
LOC105377871,0.4771210046283712
LOC105377873,0.0
LOC105377874,0.0
LOC105377874-2,0.0
LOC105377875,0.0
LOC105377875-2,0.0
LOC105377876,0.0
LOC105377877,0.0
LOC105377879,0.0
LOC105377881,0.0
LOC105377882,0.0
LOC105377884,0.0
LOC105377885,0.0
LOC105377889,0.0
LOC105377890,0.0
LOC105377891,0.0
LOC105377893,0.0
LOC105377894,0.0
LOC105377897,0.0
LOC105377899,0.0
LOC105377901,0.0
LOC105377905,0.0
LOC105377908,0.0
LOC105377909,0.0
LOC105377910,0.0
LOC105377911,0.0
LOC105377913,0.0
LOC105377916,0.0
LOC105377917,0.0
LOC105377918,0.0
LOC105377921,0.0
LOC105377923,0.0
LOC105377924,0.0
LOC105377927,0.0
LOC105377928,0.0
LOC105377929,0.0
LOC105377936,0.0
LOC105377937,0.0
LOC105377938,0.0
LOC105377939,0.0
LOC105377940,0.0
LOC105377941,0.0
LOC105377944,0.0
LOC105377945,0.0
LOC105377947,0.0
LOC105377949,0.0
LOC105377950,0.0
LOC105377952,0.0
LOC105377953,0.0
LOC105377955,0.0
LOC105377956,0.0
LOC105377960,0.0
LOC105377961,0.0
LOC105377963,0.0
LOC105377964,0.0
LOC105377967,0.0
LOC105377971,0.6020600440547326
LOC105377972,0.0
LOC105377975,0.0
LOC105377977,0.0
LOC105377979,0.3010300463210594
LOC105377981,0.0
LOC105377982,0.0
LOC105377984,0.0
LOC105377989,0.0
LOC105377991,0.0
LOC105377992,0.0
LOC105377993,0.0
LOC105377994,0.0
LOC105377995,0.0
LOC105377996,0.0
LOC105377998,0.0
LOC105377999,0.0
LOC105378002,0.0
LOC105378003,0.0
LOC105378004,0.0
LOC105378005,0.0
LOC105378008,0.0
LOC105378009,0.0
LOC105378010,0.0
LOC105378011,0.0
LOC105378012,0.0
LOC105378017,0.0
LOC105378018,0.0
LOC105378021,0.0
LOC105378023,0.0
LOC105378024,0.0
LOC105378025,0.0
LOC105378026,0.0
LOC105378027,0.0
LOC105378029,0.0
LOC105378030,0.0
LOC105378031,0.0
LOC105378035,0.0
LOC105378036,0.0
LOC105378039,0.0
LOC105378040,0.0
LOC105378043,0.0
LOC105378044,0.0
LOC105378052,0.0
LOC105378054,0.0
LOC105378061,0.3010299510526915
LOC105378066,0.0
LOC105378067,0.0
LOC105378068,0.0
LOC105378069,0.0
LOC105378071,0.0
LOC105378072,0.0
LOC105378073,0.0
LOC105378075,0.0
LOC105378076,0.0
LOC105378084,0.0
LOC105378085,0.0
LOC105378088,0.0
LOC105378093,0.0
LOC105378094,0.0
LOC105378095,0.0
LOC105378097,0.0
LOC105378098,0.0
LOC105378099,0.0
LOC105378100,0.0
LOC105378102,0.0
LOC105378104,0.0
LOC105378106,0.0
LOC105378109,0.0
LOC105378113,0.0
LOC105378115,0.0
LOC105378116,0.0
LOC105378117,0.0
LOC105378118,0.0
LOC105378118-2,0.0
LOC105378120,0.0
LOC105378123,0.0
LOC105378126,0.0
LOC105378127,0.0
LOC105378128,0.0
LOC105378129,0.0
LOC105378130,0.0
LOC105378131,0.0
LOC105378135,0.0
LOC105378137,0.0
LOC105378139,0.0
LOC105378140,0.0
LOC105378141,0.0
LOC105378142,0.0
LOC105378143,0.0
LOC105378144,0.0
LOC105378144-2,0.0
LOC105378145,0.0
LOC105378146,0.0
LOC105378146-2,0.0
LOC105378148,0.3010299479179392
LOC105378149,0.0
LOC105378149-2,0.0
LOC105378150,0.0
LOC105378153,0.0
LOC105378157,0.0
LOC105378157-2,0.0
LOC105378175,0.0
LOC105378177,0.0
LOC105378178,0.0
LOC105378179,0.0
LOC105378180,0.0
LOC105378183,0.0
LOC105378184,0.0
LOC105378184-2,0.0
LOC105378193,0.0
LOC105378198,0.0
LOC105378199,0.0
LOC105378199-2,0.0
LOC105378204,0.0
LOC105378208,0.0
LOC105378209,0.0
LOC105378210,0.0
LOC105378211,0.0
LOC105378213,0.0
LOC105378214,0.0
LOC105378218,0.0
LOC105378224,0.0
LOC105378225,0.0
LOC105378226,0.0
LOC105378228,0.0
LOC105378230,0.0
LOC105378231,0.0
LOC105378234,0.0
LOC105378236,0.0
LOC105378237,0.0
LOC105378239,0.0
LOC105378240,0.0
LOC105378247,0.0
LOC105378248,0.0
LOC105378250,0.0
LOC105378255,0.0
LOC105378256,0.0
LOC105378258,0.0
LOC105378262,0.0
LOC105378262-2,0.0
LOC105378267,0.0
LOC105378267-2,0.0
LOC105378268,0.0
LOC105378269,0.0
LOC105378271,0.0
LOC105378275,0.0
LOC105378281,0.0
LOC105378283,0.0
LOC105378283-2,0.0
LOC105378286,0.0
LOC105378287,0.0
LOC105378289,0.0
LOC105378291,0.0
LOC105378298,0.0
LOC105378299,0.0
LOC105378302,0.0
LOC105378305,0.0
LOC105378306,0.0
LOC105378307,0.0
LOC105378308,0.0
LOC105378310,0.0
LOC105378311,2.149219078449526
LOC105378313,0.0
LOC105378314,0.0
LOC105378316,0.0
LOC105378318,0.0
LOC105378319,0.0
LOC105378323,0.0
LOC105378327,0.0
LOC105378328,0.0
LOC105378329,0.0
LOC105378333,1.230448908785596
LOC105378335,0.0
LOC105378336,0.0
LOC105378337,0.0
LOC105378339,0.0
LOC105378340,0.0
LOC105378342,0.0
LOC105378345,0.0
LOC105378347,0.0
LOC105378350,0.0
LOC105378351,0.0
LOC105378353,0.0
LOC105378355,0.0
LOC105378356,0.0
LOC105378358,0.0
LOC105378367,0.602059829029473
LOC105378372,0.0
LOC105378375,0.0
LOC105378378,0.0
LOC105378379,0.0
LOC105378383,0.0
LOC105378387,0.0
LOC105378390,0.0
LOC105378392,0.0
LOC105378393,0.0
LOC105378394,0.0
LOC105378396,0.0
LOC105378398,0.0
LOC105378399,0.0
LOC105378400,0.0
LOC105378401,0.0
LOC105378402,0.0
LOC105378403,0.0
LOC105378404,0.0
LOC105378406,0.0
LOC105378407,0.0
LOC105378408,0.0
LOC105378409,0.0
LOC105378410,0.0
LOC105378412,0.0
LOC105378414,0.0
LOC105378415,0.0
LOC105378416,0.0
LOC105378418,0.0
LOC105378419,0.0
LOC105378424,0.30102993454303534
LOC105378426,0.0
LOC105378429,0.0
LOC105378430,0.0
LOC105378433,0.0
LOC105378436,0.0
LOC105378437,0.0
LOC105378438,0.0
LOC105378443,0.0
LOC105378447,0.0
LOC105378448,0.0
LOC105378449,0.0
LOC105378450,0.0
LOC105378453,0.0
LOC105378457,0.0
LOC105378458,0.0
LOC105378460,0.0
LOC105378464,0.0
LOC105378465,0.0
LOC105378466,0.0
LOC105378467,0.0
LOC105378468,0.0
LOC105378469,0.0
LOC105378472,0.0
LOC105378473,0.0
LOC105378474,0.0
LOC105378475,0.0
LOC105378476,0.0
LOC105378477,0.0
LOC105378479,0.0
LOC105378480,0.38265377499626485
LOC105378482,0.0
LOC105378483,0.0
LOC105378484,0.0
LOC105378485,0.0
LOC105378490,0.0
LOC105378492,0.0
LOC105378493,0.0
LOC105378494,0.0
LOC105378496,0.0
LOC105378497,0.0
LOC105378498,0.0
LOC105378498-2,0.0
LOC105378502,0.0
LOC105378504,0.0
LOC105378507,0.0
LOC105378511,0.0
LOC105378512,0.0
LOC105378513,0.0
LOC105378515,0.0
LOC105378519,0.0
LOC105378520,0.0
LOC105378521,0.0
LOC105378522,0.0
LOC105378523,0.0
LOC105378525,0.3010299750929038
LOC105378530,0.0
LOC105378532,0.0
LOC105378533,0.0
LOC105378534,0.0
LOC105378536,0.0
LOC105378536-2,0.0
LOC105378541,0.0
LOC105378542,0.0
LOC105378543,0.0
LOC105378544,0.0
LOC105378545,0.0
LOC105378548,0.0
LOC105378549,0.0
LOC105378550,0.0
LOC105378551,0.0
LOC105378552,0.0
LOC105378554,0.0
LOC105378555,0.0
LOC105378556,0.0
LOC105378557,0.0
LOC105378560,0.0
LOC105378561,0.0
LOC105378562,0.0
LOC105378563,0.0
LOC105378565,0.0
LOC105378566,0.0
LOC105378569,0.0
LOC105378571,0.0
LOC105378572,0.0
LOC105378573,0.0
LOC105378574,0.0
LOC105378575,0.0
LOC105378577,0.0
LOC105378586,0.0
LOC105378589,0.0
LOC105378590,0.0
LOC105378593,0.0
LOC105378598,0.0
LOC105378598-2,0.0
LOC105378599,0.0
LOC105378599-2,0.0
LOC105378600,0.0
LOC105378600-2,0.0
LOC105378601,0.0
LOC105378601-2,0.0
LOC105378602,0.0
LOC105378602-2,0.0
LOC105378604,0.0
LOC105378605,0.0
LOC105378606,0.0
LOC105378608,0.0
LOC105378612,0.0
LOC105378615,0.0
LOC105378617,0.0
LOC105378618,0.0
LOC105378620,0.0
LOC105378621,0.0
LOC105378623,0.0
LOC105378625,0.0
LOC105378626,0.0
LOC105378629,0.0
LOC105378631,0.0
LOC105378632,0.0
LOC105378635,0.0
LOC105378639,0.0
LOC105378641,0.0
LOC105378642,0.0
LOC105378644,0.0
LOC105378646,0.0
LOC105378647,0.30102993444344484
LOC105378648,0.0
LOC105378649,0.30103006836446533
LOC105378650,0.0
LOC105378651,0.0
LOC105378654,0.0
LOC105378657,0.0
LOC105378658,0.0
LOC105378660,0.0
LOC105378662,0.0
LOC105378667,0.0
LOC105378669,0.0
LOC105378671,0.0
LOC105378673,0.0
LOC105378675,0.0
LOC105378676,0.0
LOC105378678,0.0
LOC105378685,0.0
LOC105378690,0.0
LOC105378691,0.0
LOC105378693,0.0
LOC105378694,0.0
LOC105378697,0.0
LOC105378698,0.0
LOC105378699,0.0
LOC105378706,0.0
LOC105378708,0.0
LOC105378709,0.0
LOC105378710,0.0
LOC105378711,0.0
LOC105378714,0.0
LOC105378719,0.0
LOC105378723,0.0
LOC105378724,0.0
LOC105378726,0.0
LOC105378728,0.0
LOC105378731,0.0
LOC105378733,0.0
LOC105378735,0.0
LOC105378736,0.0
LOC105378737,0.0
LOC105378740,0.0
LOC105378741,0.0
LOC105378746,0.0
LOC105378747,0.0
LOC105378748,0.0
LOC105378751,0.0
LOC105378758,0.0
LOC105378761,0.0
LOC105378764,0.0
LOC105378766,0.0
LOC105378768,0.0
LOC105378770,0.0
LOC105378771,0.0
LOC105378772,0.0
LOC105378773,0.0
LOC105378774,0.0
LOC105378776,0.0
LOC105378780,0.0
LOC105378781,0.0
LOC105378782,0.0
LOC105378783,0.0
LOC105378787,0.0
LOC105378789,0.0
LOC105378793,0.0
LOC105378794,0.0
LOC105378795,0.0
LOC105378796,0.0
LOC105378797,0.47712124309716886
LOC105378798,0.0
LOC105378801,0.0
LOC105378802,0.0
LOC105378806,0.0
LOC105378807,0.0
LOC105378808,0.0
LOC105378810,0.0
LOC105378811,0.0
LOC105378812,0.0
LOC105378813,0.0
LOC105378814,0.0
LOC105378816,0.0
LOC105378819,0.0
LOC105378821,0.0
LOC105378823,0.0
LOC105378825,0.0
LOC105378826,0.0
LOC105378827,0.0
LOC105378831,0.0
LOC105378833,0.0
LOC105378834,0.0
LOC105378835,0.3010301444364793
LOC105378836,0.0
LOC105378838,0.0
LOC105378839,0.0
LOC105378841,0.0
LOC105378842,0.0
LOC105378844,0.0
LOC105378847,0.0
LOC105378848,0.0
LOC105378849,0.0
LOC105378850,0.0
LOC105378851,0.0
LOC105378856,0.0
LOC105378858,0.0
LOC105378861,0.0
LOC105378863,0.0
LOC105378864,0.0
LOC105378866,0.0
LOC105378867,2.843232775843431
LOC105378874,0.0
LOC105378878,0.0
LOC105378879,0.0
LOC105378880,0.0
LOC105378881,0.0
LOC105378882,0.0
LOC105378883,0.0
LOC105378885,0.0
LOC105378886,0.0
LOC105378887,0.0
LOC105378888,0.0
LOC105378890,0.0
LOC105378891,0.0
LOC105378893,0.0
LOC105378895,0.0
LOC105378898,0.0
LOC105378899,0.0
LOC105378901,0.0
LOC105378903,0.0
LOC105378904,0.0
LOC105378906,0.0
LOC105378911,0.0
LOC105378914,0.0
LOC105378915,0.0
LOC105378918,0.0
LOC105378919,0.0
LOC105378920,0.0
LOC105378924,0.0
LOC105378925,0.0
LOC105378926,0.0
LOC105378927,0.0
LOC105378929,0.0
LOC105378930,0.0
LOC105378933,0.0
LOC105378935,0.0
LOC105378937,0.0
LOC105378944,0.0
LOC105378947,0.0
LOC105378948,0.0
LOC105378956,0.0
LOC105378959,0.0
LOC105378961,0.0
LOC105378962,0.0
LOC105378965,0.0
LOC105378969,0.0
LOC105378971,0.0
LOC105378976,0.0
LOC105378977,0.0
LOC105378979,0.0
LOC105378980,0.0
LOC105378983,0.0
LOC105378984,0.0
LOC105378988,0.0
LOC105378993,0.0
LOC105378994,0.0
LOC105378995,0.0
LOC105378997,0.0
LOC105378998,0.0
LOC105378999,0.0
LOC105379002,0.0
LOC105379003,0.0
LOC105379004,0.0
LOC105379007,0.0
LOC105379010,0.0
LOC105379011,0.0
LOC105379012,0.0
LOC105379013,1.0000000008180845
LOC105379015,0.0
LOC105379016,0.0
LOC105379020,0.0
LOC105379021,0.0
LOC105379023,0.0
LOC105379023-2,0.3010299386812875
LOC105379025,0.0
LOC105379025-2,0.0
LOC105379025-3,0.3010301045250476
LOC105379025-4,0.0
LOC105379027,0.0
LOC105379028,0.0
LOC105379030,0.0
LOC105379031,0.0
LOC105379034,0.0
LOC105379035,0.0
LOC105379039,0.0
LOC105379040,0.0
LOC105379042,0.0
LOC105379047,0.0
LOC105379048,0.0
LOC105379050,0.0
LOC105379051,0.0
LOC105379052,0.3010301241952207
LOC105379053,0.0
LOC105379059,0.0
LOC105379061,0.0
LOC105379062,0.0
LOC105379063,0.0
LOC105379064,0.0
LOC105379065,0.0
LOC105379066,0.0
LOC105379070,0.0
LOC105379073,0.0
LOC105379074,0.0
LOC105379077,0.0
LOC105379078,0.0
LOC105379080,0.0
LOC105379082,0.0
LOC105379083,0.0
LOC105379085,0.0
LOC105379085-2,0.0
LOC105379087,0.0
LOC105379089,0.0
LOC105379090,0.0
LOC105379091,0.0
LOC105379096,0.0
LOC105379099,0.0
LOC105379100,0.0
LOC105379101,0.0
LOC105379102,1.435803398583526
LOC105379104,0.0
LOC105379105,0.0
LOC105379107,0.0
LOC105379109,0.0
LOC105379110,0.0
LOC105379114,0.0
LOC105379117,0.0
LOC105379119,0.0
LOC105379121,0.0
LOC105379122,0.0
LOC105379123,0.0
LOC105379126,0.0
LOC105379127,0.0
LOC105379129,0.0
LOC105379130,0.0
LOC105379133,0.0
LOC105379134,0.0
LOC105379135,0.0
LOC105379136,0.0
LOC105379137,0.0
LOC105379138,0.0
LOC105379139,0.0
LOC105379144,0.0
LOC105379147,0.0
LOC105379148,0.0
LOC105379149,0.0
LOC105379150,0.0
LOC105379151,0.0
LOC105379154,0.0
LOC105379155,0.0
LOC105379156,0.0
LOC105379157,0.0
LOC105379158,0.0
LOC105379162,0.0
LOC105379163,0.0
LOC105379164,0.0
LOC105379167,0.0
LOC105379168,0.0
LOC105379169,0.0
LOC105379171,0.0
LOC105379172,0.0
LOC105379173,0.0
LOC105379174,0.0
LOC105379176,0.0
LOC105379178,0.0
LOC105379182,0.0
LOC105379183,0.0
LOC105379189,0.0
LOC105379192,0.0
LOC105379193,0.0
LOC105379198,0.0
LOC105379199,0.0
LOC105379203,0.0
LOC105379203-2,0.0
LOC105379205,0.0
LOC105379207,0.0
LOC105379208,0.0
LOC105379216,0.0
LOC105379222,0.0
LOC105379222-2,0.0
LOC105379224,0.0
LOC105379225,0.0
LOC105379225-2,0.0
LOC105379227,0.0
LOC105379227-2,0.0
LOC105379228,0.0
LOC105379228-2,0.0
LOC105379230,0.0
LOC105379231,0.0
LOC105379231-2,0.0
LOC105379235,0.0
LOC105379235-2,0.0
LOC105379237,0.0
LOC105379237-2,0.0
LOC105379241,0.0
LOC105379241-2,0.0
LOC105379242,0.0
LOC105379242-2,0.0
LOC105379243,0.0
LOC105379243-2,0.0
LOC105379244,0.0
LOC105379244-2,0.0
LOC105379245,0.0
LOC105379245-2,0.0
LOC105379246,0.0
LOC105379246-2,0.0
LOC105379249,0.0
LOC105379252,0.0
LOC105379257,0.0
LOC105379263,2.6201360644278995
LOC105379264,0.0
LOC105379264-2,0.0
LOC105379265,0.0
LOC105379265-2,0.0
LOC105379266,0.0
LOC105379266-2,0.0
LOC105379267,0.0
LOC105379267-2,0.0
LOC105379271,0.0
LOC105379272,0.0
LOC105379273,0.0
LOC105379274,0.0
LOC105379275,0.0
LOC105379278,0.0
LOC105379279,0.0
LOC105379280,0.0
LOC105379281,0.0
LOC105379283,0.0
LOC105379289,0.0
LOC105379289-2,0.0
LOC105379292,0.0
LOC105379297,0.0
LOC105379300,0.0
LOC105379301,0.0
LOC105379303,0.0
LOC105379306,0.0
LOC105379309,0.0
LOC105379311,0.0
LOC105379312,0.0
LOC105379314,0.0
LOC105379315,0.0
LOC105379316,0.0
LOC105379321,0.0
LOC105379325,0.0
LOC105379327,0.0
LOC105379328,0.0
LOC105379329,0.0
LOC105379330,0.0
LOC105379331,0.0
LOC105379332,0.0
LOC105379333,0.0
LOC105379335,0.0
LOC105379336,0.0
LOC105379339,0.0
LOC105379340,0.0
LOC105379342,0.0
LOC105379343,0.0
LOC105379346,0.0
LOC105379349,0.0
LOC105379350,0.0
LOC105379352,0.0
LOC105379354,0.0
LOC105379355,0.0
LOC105379356,0.0
LOC105379357,0.0
LOC105379358,0.0
LOC105379360,0.0
LOC105379361,0.0
LOC105379362,0.0
LOC105379364,0.0
LOC105379366,0.0
LOC105379368,0.0
LOC105379369,0.0
LOC105379370,0.0
LOC105379371,0.0
LOC105379375,0.30102995327687804
LOC105379376,0.0
LOC105379377,0.0
LOC105379378,0.0
LOC105379379,0.0
LOC105379380,0.0
LOC105379381,0.0
LOC105379382,0.0
LOC105379384,0.0
LOC105379385,0.0
LOC105379388,0.0
LOC105379389,0.0
LOC105379390,0.0
LOC105379391,0.0
LOC105379392,0.0
LOC105379395,0.0
LOC105379396,0.0
LOC105379397,0.0
LOC105379403,0.0
LOC105379404,0.0
LOC105379412,0.0
LOC105379413,0.17901594521576777
LOC105379413-2,0.17901594521576777
LOC105379417,0.0
LOC105379418,0.0
LOC105379420,1.8692316987661732
LOC105379426,0.30463935898487354
LOC105379428,0.0
LOC105379434,0.0
LOC105379435,0.0
LOC105379435-2,0.0
LOC105379437,0.0
LOC105379439,0.0
LOC105379442,0.0
LOC105379443,0.0
LOC105379444,0.0
LOC105379446,0.0
LOC105379447,0.0
LOC105379448,1.1760912460359638
LOC105379450,0.0
LOC105379451,0.0
LOC105379452,0.0
LOC105379453,0.0
LOC105379457,0.0
LOC105379460,0.0
LOC105379466,0.0
LOC105379473,0.0
LOC105379474,0.0
LOC105379476,0.0
LOC105379477,0.0
LOC105379481,0.0
LOC105379484,0.0
LOC105379488,0.0
LOC105379491,0.0
LOC105379499,0.0
LOC105379502,0.0
LOC105379504,0.0
LOC105379505,0.0
LOC105379507,0.0
LOC105379514,0.0
LOC105379516,0.0
LOC105379518,0.0
LOC105379522,0.0
LOC105379523,0.3296481819272489
LOC105379524,0.0
LOC105379525,0.0
LOC105379527,0.0
LOC105379533,0.0
LOC105379535,0.0
LOC105379537,0.0
LOC105379539,0.0
LOC105379540,0.0
LOC105379544,0.0
LOC105379545,0.0
LOC105379547,0.0
LOC105379548,0.0
LOC105379549,0.0
LOC105379554,0.0
LOC105379557,0.0
LOC105379561,0.0
LOC105379562,0.0
LOC105379565,0.0
LOC105379566,0.0
LOC105379574,0.0
LOC105379574-2,0.0
LOC105379576,0.0
LOC105379578,0.0
LOC105379580,0.0
LOC105379583,0.0
LOC105379585,0.30718139110472525
LOC105379585-2,0.0
LOC105379586,0.0
LOC105379586-2,0.0
LOC105379586-3,0.0
LOC105379593,0.0
LOC105379597,0.0
LOC105379600,0.0
LOC105379601,0.0
LOC105379602,0.0
LOC105379605,0.0
LOC105379613,0.0
LOC105379613-2,0.0
LOC105379618,0.0
LOC105379623,0.0
LOC105379623-2,0.0
LOC105379623-3,0.0
LOC105379627,0.0
LOC105379635,0.0
LOC105379638,0.0
LOC105379640,0.0
LOC105379641,0.0
LOC105379641-2,0.0
LOC105379641-3,0.0
LOC105379641-4,0.0
LOC105379641-5,0.0
LOC105379641-6,0.0
LOC105379656,0.0
LOC105379663,0.0
LOC105379664,0.0
LOC105379675,0.0
LOC105379699,0.0
LOC105379712,0.0
LOC105379719,0.0
LOC105379720,0.0
LOC105379725,0.0
LOC105379749,0.0
LOC105379771,0.0
LOC105379772,0.0
LOC105379783,0.0
LOC105379807,0.0
LOC105379814,0.0
LOC105379825,0.0
LOC105379827,0.0
LOC105379829,0.0
LOC105379839,0.0
LOC105379841,0.0
LOC105379850,0.0
LOC105379854,0.0
LOC105379882,0.0
LOC105447645,0.0
LOC106780825,0.0
LOC107001062,0.0
LOC107983950,0.0
LOC107983958,0.0
LOC107983960,0.0
LOC107983961,0.0
LOC107983963,0.0
LOC107983966,0.0
LOC107983974,0.0
LOC107983976,0.0
LOC107983980,0.0
LOC107983981,0.0
LOC107983982,0.0
LOC107983983,0.0
LOC107983985,0.0
LOC107983987,0.0
LOC107983989,0.0
LOC107983990,0.0
LOC107983995,0.0
LOC107983998,0.0
LOC107984000,0.0
LOC107984001,0.0
LOC107984003,0.0
LOC107984004,0.0
LOC107984005,0.0
LOC107984006,0.0
LOC107984007,0.0
LOC107984010,0.0
LOC107984011,0.0
LOC107984012,0.0
LOC107984013,0.0
LOC107984015,0.0
LOC107984016,0.0
LOC107984017,0.0
LOC107984018,0.0
LOC107984019,0.0
LOC107984020,0.0
LOC107984034,0.0
LOC107984035,0.0
LOC107984037,0.0
LOC107984041,0.0
LOC107984043,0.0
LOC107984059,0.0
LOC107984079,0.0
LOC107984083,0.0
LOC107984087,0.0
LOC107984089,0.0
LOC107984089-2,0.0
LOC107984089-3,0.0
LOC107984092,0.0
LOC107984092-2,0.0
LOC107984098,0.0
LOC107984112,0.0
LOC107984113,0.0
LOC107984116,0.0
LOC107984118,0.0
LOC107984123,0.0
LOC107984124,0.0
LOC107984126,0.0
LOC107984128,0.0
LOC107984131,0.0
LOC107984131-2,0.0
LOC107984132,0.0
LOC107984137,0.0
LOC107984142,0.0
LOC107984143,0.0
LOC107984150,0.6020597433853241
LOC107984151,0.0
LOC107984156,0.0
LOC107984165,0.0
LOC107984168,0.0
LOC107984170,0.0
LOC107984171,0.0
LOC107984172,0.0
LOC107984173,0.0
LOC107984174,0.0
LOC107984175,0.0
LOC107984179,0.0
LOC107984180,0.0
LOC107984181,0.0
LOC107984182,0.0
LOC107984183,0.0
LOC107984184,0.0
LOC107984185,0.0
LOC107984186,0.0
LOC107984187,0.0
LOC107984188,0.0
LOC107984190,0.0
LOC107984191,0.0
LOC107984192,0.0
LOC107984193,0.0
LOC107984195,0.0
LOC107984197,0.0
LOC107984198,0.0
LOC107984199,0.0
LOC107984200,0.0
LOC107984201,0.0
LOC107984202,0.0
LOC107984205,0.0
LOC107984206,0.0
LOC107984207,0.0
LOC107984209,0.0
LOC107984210,0.0
LOC107984211,0.0
LOC107984213,0.0
LOC107984214,0.0
LOC107984215,0.0
LOC107984216,0.0
LOC107984217,0.0
LOC107984218,0.0
LOC107984219,0.0
LOC107984220,0.0
LOC107984221,0.0
LOC107984222,0.0
LOC107984223,0.0
LOC107984225,0.30102995712728225
LOC107984226,0.0
LOC107984227,0.0
LOC107984235,0.0
LOC107984236,0.0
LOC107984238,0.0
LOC107984239,0.0
LOC107984240,0.0
LOC107984242,0.0
LOC107984243,0.0
LOC107984245,0.0
LOC107984246,0.0
LOC107984249,0.0
LOC107984251,0.0
LOC107984252,0.0
LOC107984253,0.0
LOC107984254,0.0
LOC107984255,0.0
LOC107984256,0.0
LOC107984257,0.4771213136258564
LOC107984260,0.0
LOC107984262,0.0
LOC107984263,0.0
LOC107984265,0.0
LOC107984266,0.0
LOC107984268,0.0
LOC107984270,0.0
LOC107984272,0.0
LOC107984273,0.0
LOC107984274,0.0
LOC107984275,0.30103003175431586
LOC107984281,0.0
LOC107984282,0.0
LOC107984283,0.0
LOC107984293,0.0
LOC107984299,0.0
LOC107984299-2,0.0
LOC107984301,1.1674907380878559
LOC107984302,0.0
LOC107984303,0.0
LOC107984307,0.0
LOC107984307-2,0.0
LOC107984307-3,0.0
LOC107984308,0.0
LOC107984309,0.0
LOC107984311,0.0
LOC107984313,0.0
LOC107984315,0.0
LOC107984317,0.0
LOC107984321,0.0
LOC107984322,0.0
LOC107984325,0.0
LOC107984326,0.0
LOC107984328,0.0
LOC107984331,0.0
LOC107984334,0.0
LOC107984340,0.0
LOC107984341,0.0
LOC107984343,0.0
LOC107984346,0.0
LOC107984346-2,0.0
LOC107984352,0.0
LOC107984356,0.0
LOC107984358,0.0
LOC107984361,0.0
LOC107984362,0.0
LOC107984364,0.0
LOC107984365,0.0
LOC107984368,0.0
LOC107984369,0.0
LOC107984370,0.0
LOC107984371,0.0
LOC107984372,0.0
LOC107984373,0.0
LOC107984374,0.0
LOC107984375,0.0
LOC107984377,0.0
LOC107984378,0.0
LOC107984379,0.0
LOC107984380,0.0
LOC107984380-2,0.0
LOC107984381,0.0
LOC107984385,0.0
LOC107984386,0.0
LOC107984388,0.0
LOC107984389,0.0
LOC107984390,0.0
LOC107984391,0.0
LOC107984393,0.0
LOC107984398,0.0
LOC107984399,0.0
LOC107984400,0.0
LOC107984402,0.0
LOC107984404,0.0
LOC107984405,0.0
LOC107984406,0.0
LOC107984407,0.0
LOC107984409,0.0
LOC107984411,0.0
LOC107984412,0.0
LOC107984413,0.0
LOC107984418,0.0
LOC107984419,0.0
LOC107984420,0.0
LOC107984421,0.0
LOC107984425,0.0
LOC107984431,0.0
LOC107984432,0.0
LOC107984433,0.0
LOC107984435,0.0
LOC107984440,0.0
LOC107984445,0.0
LOC107984447,0.0
LOC107984448,0.0
LOC107984448-2,0.0
LOC107984449,0.0
LOC107984450,0.0
LOC107984452,0.0
LOC107984462,0.0
LOC107984466,0.0
LOC107984467,0.0
LOC107984468,0.0
LOC107984469,0.0
LOC107984470,0.0
LOC107984472,0.0
LOC107984475,0.0
LOC107984476,0.0
LOC107984478,0.0
LOC107984480,0.0
LOC107984482,0.0
LOC107984484,0.0
LOC107984486,0.0
LOC107984487,0.0
LOC107984495,0.0
LOC107984498,0.0
LOC107984499,0.0
LOC107984500,0.0
LOC107984501,0.0
LOC107984505,0.0
LOC107984507,0.0
LOC107984510,1.6232492383740147
LOC107984515,0.0
LOC107984521,0.0
LOC107984522,0.0
LOC107984527,0.0
LOC107984530,0.0
LOC107984533,0.0
LOC107984535,0.0
LOC107984536,0.0
LOC107984537,0.0
LOC107984542,0.0
LOC107984543,0.0
LOC107984544,0.0
LOC107984545,0.0
LOC107984548,0.0
LOC107984551,0.0
LOC107984552,0.0
LOC107984553,0.0
LOC107984554,0.0
LOC107984555,0.0
LOC107984555-2,0.0
LOC107984559,0.0
LOC107984561,0.0
LOC107984563,0.0
LOC107984564,0.0
LOC107984566,0.0
LOC107984568,0.0
LOC107984569,0.0
LOC107984572,0.0
LOC107984573,0.0
LOC107984574,0.0
LOC107984577,0.0
LOC107984578,0.0
LOC107984579,0.0
LOC107984580,0.0
LOC107984585,0.0
LOC107984587,0.0
LOC107984588,0.0
LOC107984589,0.0
LOC107984591,0.0
LOC107984596,0.0
LOC107984597,0.0
LOC107984599,0.0
LOC107984602,0.0
LOC107984604,0.0
LOC107984606,0.0
LOC107984607,0.0
LOC107984608,0.0
LOC107984609,0.0
LOC107984610,0.0
LOC107984611,0.0
LOC107984613,0.0
LOC107984615,0.0
LOC107984618,0.0
LOC107984619,0.0
LOC107984620,0.0
LOC107984621,0.0
LOC107984622,0.0
LOC107984624,0.30103016060246884
LOC107984625,0.0
LOC107984626,0.0
LOC107984627,0.0
LOC107984628,0.0
LOC107984630,0.0
LOC107984634,0.0
LOC107984635,0.0
LOC107984638,0.0
LOC107984641,0.0
LOC107984642,0.0
LOC107984643,0.0
LOC107984644,0.0
LOC107984645,0.0
LOC107984646,0.0
LOC107984649,0.0
LOC107984653,0.0
LOC107984654,0.0
LOC107984655,0.0
LOC107984658,0.0
LOC107984661,0.0
LOC107984663,0.0
LOC107984663-2,0.0
LOC107984668,0.0
LOC107984670,0.0
LOC107984671,0.0
LOC107984673,0.0
LOC107984674,0.0
LOC107984676,0.0
LOC107984681,0.0
LOC107984684,0.0
LOC107984685,0.0
LOC107984686,0.0
LOC107984690,0.4771212529542612
LOC107984692,0.0
LOC107984693,0.0
LOC107984696,0.0
LOC107984697,0.0
LOC107984699,0.0
LOC107984701,0.0
LOC107984702,0.0
LOC107984703,0.0
LOC107984704,0.0
LOC107984706,0.0
LOC107984708,0.0
LOC107984709,0.0
LOC107984710,0.0
LOC107984711,0.0
LOC107984713,0.0
LOC107984714,0.0
LOC107984716,0.0
LOC107984727,0.0
LOC107984732,0.0
LOC107984733,0.0
LOC107984734,0.0
LOC107984735,0.0
LOC107984743,0.0
LOC107984746,0.0
LOC107984746-2,0.0
LOC107984746-3,0.0
LOC107984750,0.0
LOC107984763,0.0
LOC107984766,0.0
LOC107984770,0.0
LOC107984772,0.0
LOC107984776,0.0
LOC107984777,0.0
LOC107984778,0.0
LOC107984779,0.0
LOC107984779-2,0.0
LOC107984781,0.0
LOC107984782,0.0
LOC107984783,0.0
LOC107984784,0.0
LOC107984787,0.0
LOC107984787-2,0.0
LOC107984788,0.0
LOC107984789,0.0
LOC107984790,0.0
LOC107984791,0.0
LOC107984792,0.0
LOC107984793,0.0
LOC107984794,0.0
LOC107984798,0.0
LOC107984801,0.0
LOC107984805,1.832508959724763
LOC107984806,0.0
LOC107984812,0.0
LOC107984815,0.0
LOC107984819,0.0
LOC107984821,0.0
LOC107984822,0.0
LOC107984823,0.0
LOC107984824,0.0
LOC107984827,0.0
LOC107984828,0.0
LOC107984830,0.0
LOC107984831,0.0
LOC107984835,0.0
LOC107984839,0.0
LOC107984840,0.0
LOC107984850,0.0
LOC107984851,0.0
LOC107984852,0.0
LOC107984855,0.0
LOC107984856,0.0
LOC107984859,0.0
LOC107984862,0.0
LOC107984865,0.4785752548781609
LOC107984865-2,0.0
LOC107984867,0.0
LOC107984869,0.0
LOC107984869-2,0.0
LOC107984871,0.0
LOC107984872,0.0
LOC107984874,0.0
LOC107984876,0.0
LOC107984877,0.0
LOC107984878,0.0
LOC107984881,0.0
LOC107984886,0.0
LOC107984887,0.0
LOC107984888,0.3010299856576833
LOC107984889,0.0
LOC107984890,0.0
LOC107984892,0.0
LOC107984893,0.0
LOC107984894,0.0
LOC107984897,0.0
LOC107984900,0.0
LOC107984901,0.0
LOC107984902,0.0
LOC107984903,0.0
LOC107984904,0.0
LOC107984904-2,0.0
LOC107984906,0.0
LOC107984909,0.0
LOC107984911,0.0
LOC107984912,0.0
LOC107984913,0.0
LOC107984915,0.0
LOC107984918,0.0
LOC107984928,0.0
LOC107984931,0.0
LOC107984933,0.0
LOC107984934,0.0
LOC107984935,0.0
LOC107984936,0.0
LOC107984940,0.0
LOC107984941,0.0
LOC107984942,0.0
LOC107984943,0.0
LOC107984946,0.0
LOC107984948,0.0
LOC107984950,0.0
LOC107984952,0.0
LOC107984954,0.0
LOC107984956,0.0
LOC107984960,0.0
LOC107984961,0.0
LOC107984962,0.0
LOC107984963,0.0
LOC107984964,0.0
LOC107984965,0.0
LOC107984966,0.0
LOC107984967,0.0
LOC107984974,0.0
LOC107984976,0.0
LOC107984979,0.0
LOC107984982,0.0
LOC107984983,0.0
LOC107984988,0.0
LOC107984989,0.0
LOC107984990,0.0
LOC107984993,1.5563025143401417
LOC107984996,0.0
LOC107984997,0.0
LOC107984998,0.0
LOC107984999,0.0
LOC107985000,0.47801902645590444
LOC107985001,0.0
LOC107985002,0.6662745746892341
LOC107985004,0.0
LOC107985005,0.0
LOC107985009,0.0
LOC107985011,0.0
LOC107985012,0.0
LOC107985013,0.0
LOC107985014,0.0
LOC107985015,0.0
LOC107985017,0.0
LOC107985018,0.0
LOC107985020,0.0
LOC107985027,0.0
LOC107985027-2,0.0
LOC107985028,0.0
LOC107985028-2,0.0
LOC107985029,0.0
LOC107985031,0.30102992062051137
LOC107985031-2,0.0
LOC107985033,0.30102994462036015
LOC107985034,0.3010299596638943
LOC107985035,0.0
LOC107985036,0.0
LOC107985038,0.0
LOC107985043,0.0
LOC107985044,0.0
LOC107985048,0.0
LOC107985051,0.0
LOC107985055,0.0
LOC107985057,0.0
LOC107985065,0.0
LOC107985068,0.0
LOC107985071,0.0
LOC107985072,0.0
LOC107985072-2,0.0
LOC107985074,0.0
LOC107985074-2,0.0
LOC107985075,0.0
LOC107985076,0.0
LOC107985077,0.0
LOC107985078,0.0
LOC107985079,0.0
LOC107985080,0.0
LOC107985081,0.3010299597374566
LOC107985085,0.0
LOC107985086,0.0
LOC107985087,0.0
LOC107985088,0.0
LOC107985089,0.0
LOC107985090,0.0
LOC107985093,0.0
LOC107985095,0.0
LOC107985096,0.0
LOC107985116,0.0
LOC107985118,0.0
LOC107985119,0.0
LOC107985125,0.0
LOC107985126,0.0
LOC107985129,0.0
LOC107985132,0.0
LOC107985134,0.0
LOC107985136,0.0
LOC107985138,0.3010300044913704
LOC107985141,0.0
LOC107985142,0.0
LOC107985144,0.0
LOC107985145,0.0
LOC107985147,0.0
LOC107985147-2,0.0
LOC107985149,0.0
LOC107985151,0.0
LOC107985152,0.0
LOC107985154,0.0
LOC107985155,0.9977774163550958
LOC107985156,0.0
LOC107985158,0.0
LOC107985161,0.0
LOC107985162,0.0
LOC107985165,0.0
LOC107985168,0.0
LOC107985171,0.0
LOC107985172,0.0
LOC107985173,0.0
LOC107985174,0.0
LOC107985176,0.0
LOC107985177,0.0
LOC107985178,0.0
LOC107985179,0.0
LOC107985183,0.0
LOC107985184,0.0
LOC107985185,0.0
LOC107985186,0.0
LOC107985189,0.0
LOC107985189-2,0.0
LOC107985192,0.0
LOC107985193,0.0
LOC107985200,0.0
LOC107985201,0.0
LOC107985203,0.0
LOC107985204,0.0
LOC107985206,0.0
LOC107985207,0.0
LOC107985211,0.0
LOC107985212,0.0
LOC107985213,0.0
LOC107985216,0.0
LOC107985219,0.0
LOC107985220,0.0
LOC107985221,0.0
LOC107985223,0.0
LOC107985224,0.0
LOC107985225,0.0
LOC107985231,0.0
LOC107985232,0.0
LOC107985236,0.0
LOC107985238,0.0
LOC107985239,0.0
LOC107985241,0.0
LOC107985242,0.0
LOC107985243,0.0
LOC107985244,0.0
LOC107985250,0.0
LOC107985251,0.0
LOC107985253,0.0
LOC107985255,0.0
LOC107985256,0.0
LOC107985259,0.0
LOC107985260,0.0
LOC107985261,0.0
LOC107985271,0.30102997710630336
LOC107985278,0.0
LOC107985279,0.0
LOC107985279-2,0.0
LOC107985279-3,0.0
LOC107985279-4,0.0
LOC107985281,0.0
LOC107985282,0.0
LOC107985285,0.0
LOC107985286,0.0
LOC107985287,0.0
LOC107985289,0.0
LOC107985291,0.0
LOC107985291-2,0.0
LOC107985293,0.0
LOC107985295,0.0
LOC107985301,0.0
LOC107985303,0.0
LOC107985304,0.0
LOC107985306,0.0
LOC107985314,0.0
LOC107985315,0.0
LOC107985317,0.0
LOC107985320,0.0
LOC107985323,0.0
LOC107985326,0.0
LOC107985327,0.0
LOC107985329,0.0
LOC107985334,0.1760912414129134
LOC107985334-2,0.1760912414129134
LOC107985337,0.0
LOC107985340,0.0
LOC107985342,0.0
LOC107985345,0.0
LOC107985346,0.0
LOC107985347,0.0
LOC107985347-2,0.0
LOC107985347-3,0.0
LOC107985352,0.0
LOC107985354,0.0
LOC107985355,0.0
LOC107985357,0.0
LOC107985358,0.0
LOC107985359,0.0
LOC107985360,0.0
LOC107985361,0.0
LOC107985362,0.0
LOC107985363,0.0
LOC107985364,0.0
LOC107985365,0.0
LOC107985368,0.0
LOC107985372,0.0
LOC107985375,0.0
LOC107985377,0.0
LOC107985379,0.0
LOC107985382,0.0
LOC107985383,0.0
LOC107985384,0.0
LOC107985385,0.0
LOC107985386,0.0
LOC107985388,0.0
LOC107985391,0.0
LOC107985392,0.0
LOC107985396,0.0
LOC107985398,0.0
LOC107985400,0.0
LOC107985401,0.0
LOC107985402,0.0
LOC107985404,0.0
LOC107985405,0.0
LOC107985406,0.0
LOC107985407,0.0
LOC107985408,0.0
LOC107985409,0.0
LOC107985410,0.0
LOC107985411,0.0
LOC107985414,0.3010299462380437
LOC107985416,0.0
LOC107985417,0.0
LOC107985418,0.0
LOC107985420,0.0
LOC107985423,0.0
LOC107985427,0.0
LOC107985432,0.0
LOC107985433,0.0
LOC107985434,0.0
LOC107985435,0.0
LOC107985436,0.0
LOC107985437,0.0
LOC107985438,0.0
LOC107985439,0.0
LOC107985440,0.0
LOC107985440-2,0.0
LOC107985442,0.0
LOC107985443,0.0
LOC107985447,0.0
LOC107985448,0.0
LOC107985449,0.0
LOC107985451,0.0
LOC107985452,0.0
LOC107985454,0.0
LOC107985458,0.0
LOC107985459,0.0
LOC107985460,0.0
LOC107985461,0.0
LOC107985462,0.0
LOC107985464,0.0
LOC107985465,0.0
LOC107985466,0.0
LOC107985467,0.8450982266462299
LOC107985469,0.0
LOC107985474,0.0
LOC107985478,0.0
LOC107985480,0.0
LOC107985482,0.0
LOC107985483,0.0
LOC107985485,0.0
LOC107985486,1.2552725062705496
LOC107985488,0.0
LOC107985490,0.0
LOC107985492,0.0
LOC107985494,0.0
LOC107985499,0.0
LOC107985500,0.0
LOC107985502,0.0
LOC107985504,0.0
LOC107985508,0.0
LOC107985511,0.0
LOC107985511-2,0.0
LOC107985512,0.0
LOC107985513,0.0
LOC107985515,0.0
LOC107985516,0.0
LOC107985518,0.0
LOC107985521,0.0
LOC107985524,0.0
LOC107985529,0.0
LOC107985532,0.0
LOC107985534,0.0
LOC107985535,0.3010301759921285
LOC107985536,0.0
LOC107985537,0.0
LOC107985541,0.0
LOC107985544,0.0
LOC107985545,0.0
LOC107985549,0.0
LOC107985551,0.0
LOC107985554,0.0
LOC107985561,0.0
LOC107985563,0.0
LOC107985567,0.0
LOC107985568,0.0
LOC107985573,0.0
LOC107985576,0.0
LOC107985577,0.0
LOC107985577-2,0.0
LOC107985579,0.0
LOC107985580,0.3010299387498144
LOC107985581,0.0
LOC107985582,0.0
LOC107985584,0.0
LOC107985588,0.0
LOC107985590,0.0
LOC107985593,0.0
LOC107985595,0.0
LOC107985596,0.0
LOC107985632,0.0
LOC107985634,0.0
LOC107985635,0.0
LOC107985646,0.0
LOC107985647,0.6989699776641838
LOC107985648,0.0
LOC107985650,0.0
LOC107985651,0.0
LOC107985652,0.0
LOC107985653,0.0
LOC107985656,0.0
LOC107985657,0.0
LOC107985659,0.0
LOC107985662,0.0
LOC107985664,0.0
LOC107985666,0.0
LOC107985667,0.0
LOC107985669,0.0
LOC107985670,0.0
LOC107985674,0.0
LOC107985675,0.0
LOC107985676,0.0
LOC107985677,0.0
LOC107985677-2,0.0
LOC107985680,0.0
LOC107985681,0.0
LOC107985683,0.0
LOC107985684,0.0
LOC107985686,0.0
LOC107985687,0.0
LOC107985688,0.0
LOC107985694,0.30102995725588794
LOC107985695,0.0
LOC107985698,0.0
LOC107985699,0.0
LOC107985700,0.0
LOC107985703,0.0
LOC107985704,0.0
LOC107985705,0.0
LOC107985707,0.0
LOC107985708,0.0
LOC107985709,0.0
LOC107985710,0.0
LOC107985713,0.0
LOC107985714,0.0
LOC107985720,0.0
LOC107985725,0.0
LOC107985728,0.0
LOC107985729,0.0
LOC107985732,0.0
LOC107985732-2,0.0
LOC107985736,0.0
LOC107985743,0.0
LOC107985744,0.0
LOC107985745,0.0
LOC107985747,0.0
LOC107985766,0.0
LOC107985767,0.0
LOC107985769,0.0
LOC107985771,0.0
LOC107985774,0.0
LOC107985776,0.0
LOC107985779,1.8808135932250447
LOC107985784,0.0
LOC107985785,0.0
LOC107985787,0.0
LOC107985788,0.0
LOC107985792,0.0
LOC107985802,0.0
LOC107985807,0.0
LOC107985808,0.0
LOC107985809,0.0
LOC107985810,0.0
LOC107985811,0.0
LOC107985812,0.0
LOC107985814,0.0
LOC107985815,0.0
LOC107985817,0.0
LOC107985821,0.0
LOC107985822,0.0
LOC107985824,0.0
LOC107985826,0.0
LOC107985827,0.0
LOC107985828,0.0
LOC107985829,0.0
LOC107985830,0.0
LOC107985831,0.0
LOC107985832,0.0
LOC107985833,0.0
LOC107985835,0.0
LOC107985836,0.0
LOC107985838,0.0
LOC107985839,0.0
LOC107985840,0.0
LOC107985841,0.0
LOC107985842,0.0
LOC107985843,0.0
LOC107985845,0.0
LOC107985846,0.0
LOC107985847,0.0
LOC107985848,0.0
LOC107985853,0.0
LOC107985854,0.0
LOC107985855,0.0
LOC107985856,0.0
LOC107985857,0.0
LOC107985858,0.0
LOC107985861,0.0
LOC107985862,0.0
LOC107985863,0.0
LOC107985865,0.0
LOC107985866,0.0
LOC107985868,0.0
LOC107985869,0.0
LOC107985870,0.0
LOC107985871,0.30834042670102846
LOC107985876,0.0
LOC107985880,0.0
LOC107985882,0.0
LOC107985889,0.0
LOC107985890,0.0
LOC107985891,0.0
LOC107985892,0.0
LOC107985895,0.0
LOC107985897,0.30103001424765014
LOC107985900,0.0
LOC107985903,2.32014628398218
LOC107985904,0.0
LOC107985905,0.0
LOC107985908,0.0
LOC107985909,0.0
LOC107985910,0.0
LOC107985911,0.3010299905373589
LOC107985915,0.0
LOC107985916,0.0
LOC107985920,0.0
LOC107985922,0.0
LOC107985923,0.0
LOC107985926,0.0
LOC107985927,0.0
LOC107985929,0.0
LOC107985931,0.0
LOC107985933,0.0
LOC107985934,0.30103004361385466
LOC107985936,0.0
LOC107985937,0.0
LOC107985939,0.0
LOC107985940,0.0
LOC107985941,0.0
LOC107985943,0.0
LOC107985944,2.338456482512074
LOC107985945,0.0
LOC107985946,0.0
LOC107985948,0.0
LOC107985949,0.0
LOC107985952,0.0
LOC107985953,0.4779129825260897
LOC107985957,2.3783979256412415
LOC107985958,0.0
LOC107985959,0.595978357494107
LOC107985960,0.0
LOC107985962,0.0
LOC107985965,0.0
LOC107985968,0.0
LOC107985969,0.0
LOC107985972,0.0
LOC107985977,0.0
LOC107985978,0.0
LOC107985980,0.0
LOC107985981,0.0
LOC107985982,0.0
LOC107985983,1.2477076652741304
LOC107985984,0.0
LOC107985987,0.0
LOC107985990,0.0
LOC107985991,0.0
LOC107985992,0.0
LOC107985993,0.0
LOC107985994,0.0
LOC107985995,0.0
LOC107985996,0.0
LOC107985998,0.0
LOC107986001,0.0
LOC107986002,0.0
LOC107986003,0.0
LOC107986009,0.0
LOC107986010,0.0
LOC107986011,0.0
LOC107986012,0.0
LOC107986015,3.145480661853152
LOC107986017,0.0
LOC107986018,0.0
LOC107986019,0.0
LOC107986021,0.0
LOC107986023,0.0
LOC107986025,0.0
LOC107986027,0.3010301206446972
LOC107986031,0.0
LOC107986040,0.0
LOC107986042,0.0
LOC107986044,0.0
LOC107986045,0.0
LOC107986047,0.0
LOC107986048,0.0
LOC107986049,0.0
LOC107986050,0.0
LOC107986051,0.0
LOC107986052,0.0
LOC107986053,0.0
LOC107986054,0.0
LOC107986056,0.0
LOC107986057,0.0
LOC107986058,0.0
LOC107986059,0.0
LOC107986061,0.0
LOC107986064,0.3010300452131896
LOC107986065,0.0
LOC107986066,0.0
LOC107986068,0.0
LOC107986070,0.0
LOC107986072,0.0
LOC107986075,0.0
LOC107986077,0.0
LOC107986079,0.0
LOC107986081,0.0
LOC107986082,0.0
LOC107986086,0.0
LOC107986087,0.0
LOC107986088,0.0
LOC107986091,0.0
LOC107986092,0.0
LOC107986094,0.0
LOC107986095,0.0
LOC107986095-2,0.0
LOC107986098,0.0
LOC107986099,0.0
LOC107986103,0.0
LOC107986104,0.0
LOC107986105,0.0
LOC107986106,0.0
LOC107986108,0.0
LOC107986110,0.0
LOC107986112,0.0
LOC107986116,0.0
LOC107986118,0.0
LOC107986121,0.0
LOC107986124,0.0
LOC107986126,0.0
LOC107986127,0.0
LOC107986129,0.0
LOC107986131,0.0
LOC107986133,0.301030062629056
LOC107986138,0.0
LOC107986141,0.0
LOC107986142,0.0
LOC107986150,0.7781511776193921
LOC107986151,0.0
LOC107986154,0.0
LOC107986160,0.0
LOC107986162,0.30103001517826933
LOC107986163,0.47712124678329554
LOC107986166,0.0
LOC107986167,0.0
LOC107986171,0.0
LOC107986172,0.0
LOC107986173,0.0
LOC107986178,0.0
LOC107986179,0.0
LOC107986181,0.0
LOC107986182,0.0
LOC107986185,0.0
LOC107986186,0.0
LOC107986187,0.0
LOC107986188,0.0
LOC107986190,0.0
LOC107986192,0.0
LOC107986193,0.0
LOC107986195,0.0
LOC107986196,0.0
LOC107986196-2,0.0
LOC107986197,0.0
LOC107986198,0.0
LOC107986200,0.0
LOC107986201,0.0
LOC107986203,0.0
LOC107986204,0.0
LOC107986205,0.0
LOC107986218,0.0
LOC107986219,0.0
LOC107986220,0.0
LOC107986221,0.0
LOC107986222,0.0
LOC107986223,0.0
LOC107986228,0.0
LOC107986229,0.30102992010148055
LOC107986230,0.0
LOC107986232,0.0
LOC107986235,0.0
LOC107986238,0.0
LOC107986239,0.0
LOC107986240,0.0
LOC107986246,0.3010299723164041
LOC107986249,0.4771212067195459
LOC107986250,0.0
LOC107986252,0.0
LOC107986254,0.0
LOC107986256,0.0
LOC107986260,0.0
LOC107986261,0.0
LOC107986262,0.0
LOC107986263,0.0
LOC107986268,0.0
LOC107986269,0.0
LOC107986270,0.0
LOC107986270-2,0.0
LOC107986271,0.0
LOC107986271-2,0.0
LOC107986272,0.0
LOC107986275,0.0
LOC107986277,0.0
LOC107986279,0.0
LOC107986281,0.0
LOC107986283,0.0
LOC107986284,0.0
LOC107986285,0.0
LOC107986286,0.0
LOC107986287,0.0
LOC107986289,0.0
LOC107986292,0.0
LOC107986293,0.0
LOC107986294,0.0
LOC107986297,0.0
LOC107986298,0.0
LOC107986299,0.0
LOC107986305,0.0
LOC107986306,0.0
LOC107986307,0.0
LOC107986309,0.0
LOC107986310,0.0
LOC107986312,0.0
LOC107986314,0.0
LOC107986315,0.0
LOC107986320,0.0
LOC107986324,0.0
LOC107986325,0.0
LOC107986326,0.0
LOC107986327,0.0
LOC107986328,0.0
LOC107986330,0.0
LOC107986334,0.0
LOC107986335,0.0
LOC107986337,0.0
LOC107986338,0.0
LOC107986343,0.0
LOC107986345,0.0
LOC107986346,0.0
LOC107986347,3.249931768515241
LOC107986350,0.0
LOC107986355,0.0
LOC107986355-2,0.0
LOC107986363,0.0
LOC107986365,0.0
LOC107986366,0.0
LOC107986368,0.0
LOC107986372,0.0
LOC107986372-2,0.0
LOC107986373,0.0
LOC107986373-2,0.0
LOC107986373-3,0.0
LOC107986375,0.0
LOC107986376,0.0
LOC107986377,0.0
LOC107986379,0.0
LOC107986380,0.0
LOC107986381,0.0
LOC107986382,0.0
LOC107986383,0.0
LOC107986384,0.0
LOC107986385,0.0
LOC107986386,0.0
LOC107986387,0.0
LOC107986388,0.0
LOC107986391,0.0
LOC107986392,0.0
LOC107986395,0.0
LOC107986396,0.0
LOC107986396-2,0.0
LOC107986397,0.0
LOC107986399,0.0
LOC107986400,0.0
LOC107986401,0.0
LOC107986403,0.0
LOC107986405,0.0
LOC107986406,0.0
LOC107986409,0.0
LOC107986414,0.0
LOC107986415,0.0
LOC107986416,0.0
LOC107986419,0.0
LOC107986420,0.0
LOC107986422,0.0
LOC107986423,0.0
LOC107986426,0.0
LOC107986428,0.0
LOC107986430,0.0
LOC107986432,0.0
LOC107986433,0.0
LOC107986434,0.0
LOC107986436,0.0
LOC107986437,0.0
LOC107986438,0.0
LOC107986440,0.0
LOC107986441,0.0
LOC107986444,0.0
LOC107986446,0.0
LOC107986448,1.113943226253146
LOC107986449,0.0
LOC107986453,0.0
LOC107986454,0.0
LOC107986455,0.30103003352304947
LOC107986457,0.0
LOC107986458,0.0
LOC107986459,0.0
LOC107986461,0.0
LOC107986462,0.0
LOC107986463,0.0
LOC107986464,0.0
LOC107986465,0.0
LOC107986466,0.0
LOC107986467,0.0
LOC107986468,0.0
LOC107986472,0.0
LOC107986473,0.0
LOC107986474,0.0
LOC107986475,0.0
LOC107986476,0.0
LOC107986478,0.0
LOC107986479,0.0
LOC107986482,0.0
LOC107986484,0.0
LOC107986487,0.0
LOC107986489,0.0
LOC107986493,0.0
LOC107986494,0.0
LOC107986494-2,0.0
LOC107986512,0.0
LOC107986514,0.0
LOC107986516,0.3991488579005946
LOC107986522,0.0
LOC107986523,0.0
LOC107986524,0.0
LOC107986525,0.0
LOC107986528,0.0
LOC107986529,0.0
LOC107986531,0.0
LOC107986537,0.0
LOC107986538,0.0
LOC107986539,0.0
LOC107986540,0.0
LOC107986541,0.0
LOC107986543,0.0
LOC107986546,0.0
LOC107986547,0.0
LOC107986548,0.0
LOC107986549,0.0
LOC107986550,0.0
LOC107986552,0.0
LOC107986555,0.0
LOC107986556,0.0
LOC107986557,0.0
LOC107986558,0.3010302096504393
LOC107986559,0.0
LOC107986560,0.0
LOC107986561,0.0
LOC107986562,0.0
LOC107986564,0.0
LOC107986567,0.0
LOC107986570,0.0
LOC107986571,0.0
LOC107986573,0.0
LOC107986575,0.0
LOC107986578,0.0
LOC107986579,0.0
LOC107986583,0.0
LOC107986583-2,0.0
LOC107986586,0.0
LOC107986586-2,0.0
LOC107986590,0.0
LOC107986594,0.0
LOC107986595,0.0
LOC107986596,0.0
LOC107986599,0.0
LOC107986601,0.0
LOC107986602,0.0
LOC107986606,0.0
LOC107986607,0.0
LOC107986608,0.0
LOC107986610,0.0
LOC107986611,0.0
LOC107986613,0.0
LOC107986614,0.0
LOC107986617,0.301029954767236
LOC107986619,0.0
LOC107986620,0.0
LOC107986621,0.0
LOC107986623,0.0
LOC107986624,0.0
LOC107986625,0.0
LOC107986626,0.0
LOC107986627,0.0
LOC107986629,0.0
LOC107986631,0.0
LOC107986632,0.0
LOC107986633,0.0
LOC107986634,0.0
LOC107986635,0.0
LOC107986636,0.0
LOC107986637,0.0
LOC107986638,0.0
LOC107986639,0.0
LOC107986640,0.0
LOC107986642,0.0
LOC107986644,0.0
LOC107986650,0.0
LOC107986651,0.0
LOC107986652,0.0
LOC107986654,0.0
LOC107986656,0.30102996764623524
LOC107986659,0.0
LOC107986660,0.0
LOC107986661,0.0
LOC107986663,0.0
LOC107986667,0.0
LOC107986668,0.0
LOC107986668-2,0.0
LOC107986669,0.0
LOC107986671,0.0
LOC107986672,0.0
LOC107986673,0.0
LOC107986674,0.0
LOC107986675,0.0
LOC107986676,0.0
LOC107986676-2,0.0
LOC107986699,0.0
LOC107986707,0.0
LOC107986709,0.0
LOC107986710,0.0
LOC107986715,0.0
LOC107986716,0.0
LOC107986717,0.0
LOC107986719,0.0
LOC107986720,0.0
LOC107986721,0.0
LOC107986722,0.0
LOC107986733,0.0
LOC107986734,0.0
LOC107986735,0.0
LOC107986736,0.0
LOC107986738,0.0
LOC107986741,0.0
LOC107986742,0.0
LOC107986743,0.0
LOC107986744,0.0
LOC107986745,0.0
LOC107986746,0.0
LOC107986747,0.0
LOC107986749,0.0
LOC107986750,0.0
LOC107986759,0.0
LOC107986760,0.0
LOC107986763,0.0
LOC107986764,0.0
LOC107986766,0.0
LOC107986767,0.0
LOC107986768,0.0
LOC107986770,0.0
LOC107986772,0.0
LOC107986773,0.0
LOC107986774,0.0
LOC107986775,0.0
LOC107986776,0.0
LOC107986777,0.0
LOC107986781,0.0
LOC107986782,0.0
LOC107986785,0.0
LOC107986787,0.0
LOC107986789,0.0
LOC107986790,0.0
LOC107986794,0.0
LOC107986796,0.0
LOC107986800,0.0
LOC107986812,0.0
LOC107986813,0.30102998716459684
LOC107986815,0.0
LOC107986816,0.0
LOC107986817,0.0
LOC107986819,0.0
LOC107986821,0.0
LOC107986822,0.0
LOC107986823,0.0
LOC107986825,0.0
LOC107986826,0.0
LOC107986829,0.0
LOC107986832,0.0
LOC107986833,0.0
LOC107986834,0.0
LOC107986835,0.0
LOC107986836,0.0
LOC107986837,0.0
LOC107986838,0.0
LOC107986840,0.0
LOC107986841,0.0
LOC107986843,0.0
LOC107986845,0.0
LOC107986847,0.0
LOC107986849,0.0
LOC107986852,0.0
LOC107986853,0.0
LOC107986854,0.0
LOC107986855,0.0
LOC107986856,0.0
LOC107986858,0.0
LOC107986860,0.0
LOC107986864,0.0
LOC107986865,0.0
LOC107986868,0.0
LOC107986872,0.0
LOC107986876,0.0
LOC107986882,0.0
LOC107986883,0.0
LOC107986884,0.0
LOC107986885,0.0
LOC107986886,0.0
LOC107986887,0.0
LOC107986888,0.0
LOC107986890,0.0
LOC107986891,0.0
LOC107986892,0.0
LOC107986893,0.0
LOC107986894,0.0
LOC107986895,0.0
LOC107986896,0.0
LOC107986897,0.0
LOC107986899,0.0
LOC107986901,0.0
LOC107986902,0.0
LOC107986903,0.0
LOC107986904,0.0
LOC107986905,0.0
LOC107986906,0.0
LOC107986907,0.0
LOC107986908,0.0
LOC107986909,0.0
LOC107986909-2,0.0
LOC107986910,0.0
LOC107986910-2,0.0
LOC107986913,0.0
LOC107986913-2,0.0
LOC107986918,0.0
LOC107986919,0.0
LOC107986920,0.0
LOC107986921,0.0
LOC107986922,0.0
LOC107986922-2,0.0
LOC107986924,0.0
LOC107986925,0.0
LOC107986926,0.0
LOC107986930,0.0
LOC107986931,0.0
LOC107986932,0.0
LOC107986933,0.0
LOC107986934,0.0
LOC107986935,0.0
LOC107986938,0.3010300227997961
LOC107986939,0.0
LOC107986940,0.0
LOC107986941,0.0
LOC107986941-2,0.0
LOC107986942,0.0
LOC107986943,0.0
LOC107986945,0.0
LOC107986946,0.0
LOC107986949,0.3010299951622981
LOC107986950,0.0
LOC107986951,0.0
LOC107986952,0.0
LOC107986953,0.0
LOC107986954,0.0
LOC107986955,0.0
LOC107986956,0.0
LOC107986957,0.0
LOC107986964,0.0
LOC107986965,0.0
LOC107986966,0.0
LOC107986968,0.37067182590747577
LOC107986970,0.0
LOC107986972,0.0
LOC107986976,0.0
LOC107986978,0.0
LOC107986979,0.0
LOC107986981,0.0
LOC107986982,0.0
LOC107986985,0.0
LOC107986986,0.0
LOC107986986-2,0.0
LOC107986990,0.0
LOC107986992,0.0
LOC107986993,0.9924543630151954
LOC107986995,0.0
LOC107986997,0.0
LOC107987000,0.0
LOC107987003,0.0
LOC107987004,0.0
LOC107987007,0.30102994536093086
LOC107987008,0.0
LOC107987009,0.0
LOC107987011,0.0
LOC107987012,0.0
LOC107987013,0.0
LOC107987014,0.0
LOC107987016,0.0
LOC107987020,0.0
LOC107987025,0.0
LOC107987026,0.9358271791632916
LOC107987027,0.0
LOC107987028,0.0
LOC107987029,0.0
LOC107987031,0.0
LOC107987032,0.0
LOC107987033,0.0
LOC107987037,0.0
LOC107987038,0.0
LOC107987039,0.0
LOC107987040,0.0
LOC107987042,0.0
LOC107987043,2.6893088494507977
LOC107987046,0.0
LOC107987049,0.0
LOC107987051,0.0
LOC107987053,0.0
LOC107987054,1.782797224155554
LOC107987056,0.0
LOC107987059,0.0
LOC107987060,0.0
LOC107987061,0.0
LOC107987064,0.0
LOC107987065,0.0
LOC107987067,0.0
LOC107987068,1.9017898246509466
LOC107987069,0.0
LOC107987071,0.0
LOC107987073,0.0
LOC107987077,0.0
LOC107987078,0.0
LOC107987079,0.0
LOC107987081,2.6550265501151475
LOC107987083,0.0
LOC107987084,0.0
LOC107987085,0.0
LOC107987086,0.0
LOC107987087,0.0
LOC107987088,0.0
LOC107987091,0.0
LOC107987094,0.0
LOC107987095,0.0
LOC107987097,0.3010299929011597
LOC107987099,0.0
LOC107987100,0.47712131385843415
LOC107987101,0.0
LOC107987102,0.0
LOC107987103,0.0
LOC107987104,0.0
LOC107987105,0.0
LOC107987107,0.6020603919266884
LOC107987108,0.0
LOC107987109,0.0
LOC107987110,0.0
LOC107987111,0.0
LOC107987112,0.0
LOC107987114,0.0
LOC107987115,0.0
LOC107987116,0.0
LOC107987119,0.30103013271937434
LOC107987120,0.0
LOC107987121,0.0
LOC107987122,0.0
LOC107987123,0.0
LOC107987125,0.0
LOC107987126,0.0
LOC107987129,0.0
LOC107987132,0.0
LOC107987133,0.0
LOC107987134,0.0
LOC107987137,0.0
LOC107987138,0.0
LOC107987140,0.0
LOC107987142,0.0
LOC107987143,0.0
LOC107987146,0.0
LOC107987151,0.0
LOC107987157,0.0
LOC107987157-2,0.0
LOC107987157-3,0.0
LOC107987160,0.0
LOC107987164,0.0
LOC107987165,0.0
LOC107987166,0.0
LOC107987169,0.0
LOC107987170,0.0
LOC107987171,0.0
LOC107987176,0.0
LOC107987177,0.0
LOC107987178,0.0
LOC107987180,0.0
LOC107987182,0.0
LOC107987189,0.0
LOC107987190,0.0
LOC107987191,0.0
LOC107987192,0.0
LOC107987192-2,0.0
LOC107987207,0.0
LOC107987209,0.0
LOC107987218,0.0
LOC107987218-2,0.0
LOC107987221,0.0
LOC107987223,0.0
LOC107987224,0.0
LOC107987227,0.0
LOC107987228,0.0
LOC107987234,0.0
LOC107987234-2,2.783188702951052
LOC107987236,0.0
LOC107987240,0.0
LOC107987243,0.0
LOC107987244,0.0
LOC107987245,0.0
LOC107987246,0.3010299667876409
LOC107987247,0.0
LOC107987262,0.0
LOC107987266,0.0
LOC107987269,0.0
LOC107987270,0.0
LOC107987272,0.0
LOC107987280,0.0
LOC107987282,0.0
LOC107987284,0.30102996436452945
LOC107987288,0.0
LOC107987292,0.0
LOC107987299,0.0
LOC107987300,0.0
LOC107987303,0.0
LOC107987311,0.0
LOC107987323,0.0
LOC107987325,0.0
LOC107987331,0.0
LOC107987334,0.0
LOC107987338,0.0
LOC107987339,0.0
LOC107987340,0.0
LOC107987342,0.0
LOC107987343,0.0
LOC107987346,0.0
LOC107987347,0.0
LOC107987348,0.0
LOC107987349,0.0
LOC107987350,0.0
LOC107987352,0.0
LOC107987353,0.0
LOC107987354,0.0
LOC107987355,0.0
LOC107987356,0.0
LOC107987357,0.0
LOC107987359,0.0
LOC107987365,0.0
LOC107987366,0.0
LOC107987370,0.0
LOC107987371,0.0
LOC107987372,0.0
LOC107987381,0.0
LOC107987382,0.0
LOC107987386,0.0
LOC107987389,0.6989700194203818
LOC107987392,0.0
LOC107987393,0.0
LOC107987401,0.0
LOC107987405,0.0
LOC107987407,0.0
LOC107987412,0.0
LOC107987413,0.0
LOC107987414,0.0
LOC107987417,0.0
LOC107987417-2,0.0
LOC107987418,0.0
LOC107987419,0.0
LOC107987420,0.0
LOC107987420-2,0.0
LOC107987420-3,0.0
LOC107987420-4,0.0
LOC107987421,0.0
LOC107987422,0.30102995191316334
LOC107987423,0.0
LOC107987425,0.0
LOC107987426,0.0
LOC107987427,0.0
LOC107987429,0.0
LOC107987432,0.0
LOC107987433,0.0
LOC107987433-2,0.0
LOC107987435,0.0
LOC107987435-2,0.47712119653446616
LOC107987440,0.0
LOC107987441,0.0
LOC107987443,0.0
LOC107987447,0.0
LOC107987452,0.0
LOC107987457,0.0
LOC107987461,0.0
LOC107987462,0.0
LOC107987463,0.0
LOC107987463-2,0.0
LOC107987463-3,0.0
LOC107987463-4,0.0
LOC107987463-5,0.0
LOC107987464,0.0
LOC107987467,0.0
LOC107987474,0.0
LOC107987478,0.0
LOC107987479,0.0
LOC107987545,0.0
LOC110091768,0.0
LOC110091776,0.0
LOC110091777,0.0
LOC110384692,0.0
LOC112267855,0.0
LOC112267858,0.0
LOC112267859,0.0
LOC112267865,0.0
LOC112267868,0.0
LOC112267879,0.0
LOC112267881,0.0
LOC112267888,0.0
LOC112267890,0.0
LOC112267892,0.0
LOC112267896,0.0
LOC112267897,0.0
LOC112267899,0.0
LOC112267900,0.0
LOC112267901,0.0
LOC112267902,0.0
LOC112267902-2,0.0
LOC112267902-3,0.0
LOC112267902-4,0.0
LOC112267903,0.0
LOC112267908,0.0
LOC112267909,0.0
LOC112267910,0.0
LOC112267914,0.0
LOC112267917,0.0
LOC112267918,0.0
LOC112267932,0.0
LOC112267933,0.0
LOC112267934,0.0
LOC112267936,0.0
LOC112267937,0.0
LOC112267942,0.12493867272940312
LOC112267942-2,0.12493867272940312
LOC112267944,0.0
LOC112267952,0.0
LOC112267955,0.0
LOC112267957,0.0
LOC112267962,0.0
LOC112267968,0.0
LOC112267969,0.0
LOC112267970,0.4771212535702934
LOC112267974,0.0
LOC112267984,0.0
LOC112267986,0.0
LOC112267988,0.0
LOC112267988-2,0.0
LOC112267991,0.0
LOC112267992,0.0
LOC112267993,0.0
LOC112268009,0.3010304936574782
LOC112268012,0.0
LOC112268015,0.0
LOC112268016,0.0
LOC112268017,0.0
LOC112268022,2.54593572942474
LOC112268023,0.0
LOC112268025,0.0
LOC112268027,0.0
LOC112268029,0.0
LOC112268030,0.0
LOC112268033,0.0
LOC112268036,0.0
LOC112268038,0.0
LOC112268039,0.0
LOC112268044,0.3072780814918693
LOC112268045,0.64457419221276
LOC112268046,0.0
LOC112268048,0.0
LOC112268050,0.0
LOC112268055,0.0
LOC112268057,0.0
LOC112268060,0.0
LOC112268061,0.3010304657333578
LOC112268062,0.0
LOC112268063,0.0
LOC112268064,0.30102995859127024
LOC112268065,0.0
LOC112268067,0.0
LOC112268068,0.0
LOC112268069,0.0
LOC112268070,0.0
LOC112268071,0.0
LOC112268073,0.0
LOC112268076,0.0
LOC112268077,0.0
LOC112268078,0.0
LOC112268079,0.0
LOC112268080,0.0
LOC112268081,0.0
LOC112268087,0.0
LOC112268088,0.0
LOC112268090,0.0
LOC112268093,0.0
LOC112268095,0.0
LOC112268096,0.0
LOC112268101,0.0
LOC112268102,0.0
LOC112268104,0.0
LOC112268106,0.0
LOC112268110,0.737390119236957
LOC112268113,0.5260853454064218
LOC112268114,0.0
LOC112268117,0.0
LOC112268118,0.0
LOC112268119,0.0
LOC112268120,0.0
LOC112268123,0.0
LOC112268126,0.0
LOC112268127,0.0
LOC112268130,0.0
LOC112268133,0.47712063718678666
LOC112268135,0.0
LOC112268136,0.0
LOC112268140,0.0
LOC112268143,0.0
LOC112268145,0.0
LOC112268146,0.0
LOC112268148,0.0
LOC112268150,0.0
LOC112268151,2.5932860746622572
LOC112268152,0.0
LOC112268153,0.0
LOC112268154,0.0
LOC112268154-2,0.0
LOC112268156,0.0
LOC112268159,0.0
LOC112268159-2,0.0
LOC112268165,0.0
LOC112268169,0.0
LOC112268172,0.0
LOC112268173,0.0
LOC112268174,0.0
LOC112268174-2,0.0
LOC112268175,0.0
LOC112268175-2,0.0
LOC112268176,0.0
LOC112268179,0.0
LOC112268182,0.0
LOC112268191,0.0
LOC112268194,0.0
LOC112268198,0.0
LOC112268199,0.0
LOC112268200,0.0
LOC112268204,0.0
LOC112268206,0.0
LOC112268208,0.0
LOC112268209,0.0
LOC112268210,0.0
LOC112268212,0.0
LOC112268218,0.0
LOC112268219,0.0
LOC112268220,0.0
LOC112268220-2,0.0
LOC112268225,0.30472370158329615
LOC112268227,2.9523080181787638
LOC112268231,0.0
LOC112268234,0.0
LOC112268235,0.0
LOC112268239,0.0
LOC112268244,0.0
LOC112268245,0.0
LOC112268247,0.0
LOC112268247-2,0.0
LOC112268248,0.0
LOC112268250,0.0
LOC112268251,0.0
LOC112268252,0.0
LOC112268260,0.0
LOC112268261,0.0
LOC112268263,0.0
LOC112268265,0.0
LOC112268267,0.0
LOC112268269,0.0
LOC112268270,0.0
LOC112268271,0.0
LOC112268272,0.0
LOC112268273,0.0
LOC112268274,0.30747317711265987
LOC112268276,0.0
LOC112268283,0.0
LOC112268286,0.0
LOC112268288,0.0
LOC112268289,0.0
LOC112268291,0.0
LOC112268295,0.0
LOC112268297,0.0
LOC112268303,0.0
LOC112268307,0.0
LOC112268311,0.0
LOC112268312,0.0
LOC112268315,0.0
LOC112268317,0.6020600231535853
LOC112268321,0.0
LOC112268321-2,0.0
LOC112268327,0.0
LOC112268330,0.0
LOC112268330-2,0.0
LOC112268336,0.0
LOC112268337,0.0
LOC112268339,0.0
LOC112268340,0.0
LOC112268342,0.0
LOC112268347,0.0
LOC112268354,0.0
LOC112268355,0.0
LOC112268362,0.0
LOC112268371,0.3010303870987197
LOC112268372,0.0
LOC112268374,0.0
LOC112268384,0.0
LOC112268390,0.0
LOC112268400,0.0
LOC112268402,0.0
LOC112268402-2,0.0
LOC112268404,0.0
LOC112268405,0.0
LOC112268407,0.0
LOC112268408,0.0
LOC112268411,0.0
LOC112268412,0.0
LOC112268413,0.0
LOC112268415,0.0
LOC112268416,0.0
LOC112268418,0.0
LOC112268418-2,0.0
LOC112268419,0.0
LOC112268423,0.0
LOC112268425,0.0
LOC112268431,0.0
LOC112268432,0.0
LOC112268433,0.0
LOC112268436,0.0
LOC112268438,0.0
LOC112268439,0.0
LOC112268440,0.0
LOC112268445,0.0
LOC112268449,0.0
LOC112268450,0.0
LOC112268458,0.0
LOC112268460,0.0
LOC112268461,0.0
LOC112268462,0.0
LOC112268465,0.0
LOC112268467,0.0
LOC112268468,0.0
LOC112268469,0.0
LOC112268470,0.0
LOC112268472,0.0
LOC112268474,2.3138672307097723
LOC112543491,0.0
LOC112577592,0.0
LOC112694756,0.0
LOC114224,3.25090759765872
LOC114841035,0.0
LOC115308161,0.0
LOC116435278,0.0
LOC117779438,0.0
LOC118567325,0.0
LOC119746555,0.0
LOC121725015,0.0
LOC122319696,0.0
LOC122394732,0.0
LOC122455340,0.0
LOC122455341,0.6222842927137917
LOC122455342,0.0
LOC122513141,1.1760912099211498
LOC122526780,0.0
LOC122526782,0.0
LOC122539213,0.0
LOC122539214,0.0
LOC124900162,0.0
LOC124900163,0.0
LOC124900164,0.0
LOC124900165,0.30103019532230907
LOC124900166,0.0
LOC124900167,0.0
LOC124900169,0.0
LOC124900170,0.0
LOC124900171,0.4834892318611224
LOC124900172,0.0
LOC124900173,2.9429889952530615
LOC124900174,0.0
LOC124900175,0.0
LOC124900176,0.0
LOC124900179,0.0
LOC124900180,0.0
LOC124900181,0.0
LOC124900184,0.0
LOC124900185,0.0
LOC124900186,0.0
LOC124900187,0.0
LOC124900188,0.0
LOC124900189,0.0
LOC124900190,0.0
LOC124900191,0.30102989767758337
LOC124900192,0.0
LOC124900193,0.0
LOC124900194,0.0
LOC124900195,0.0
LOC124900196,0.0
LOC124900197,0.0
LOC124900198,0.0
LOC124900199,0.0
LOC124900200,0.0
LOC124900201,0.0
LOC124900202,0.0
LOC124900203,0.0
LOC124900204,0.0
LOC124900205,0.0
LOC124900207,0.0
LOC124900208,0.0
LOC124900209,0.0
LOC124900212,0.0
LOC124900214,0.0
LOC124900215,0.0
LOC124900216,0.31112781164707015
LOC124900216-2,0.0
LOC124900217,0.0
LOC124900218,0.0
LOC124900219,0.0
LOC124900220,0.0
LOC124900221,0.0
LOC124900222,0.0
LOC124900223,0.0
LOC124900224,0.0
LOC124900225,0.0
LOC124900226,0.0
LOC124900227,0.0
LOC124900227-2,0.0
LOC124900227-3,0.0
LOC124900227-4,0.0
LOC124900227-5,0.0
LOC124900227-6,0.0
LOC124900227-7,0.0
LOC124900227-8,0.0
LOC124900228,0.0
LOC124900229,0.0
LOC124900230,0.0
LOC124900231,0.0
LOC124900232,0.0
LOC124900233,0.0
LOC124900234,0.3010302160648462
LOC124900235,0.0
LOC124900236,0.0
LOC124900237,0.0
LOC124900238,0.0
LOC124900239,0.0
LOC124900240,0.0
LOC124900241,0.0
LOC124900243,0.0
LOC124900244,0.0
LOC124900245,0.0
LOC124900246,0.0
LOC124900247,0.0
LOC124900249,0.0
LOC124900249-2,0.0
LOC124900250,0.0
LOC124900251,0.0
LOC124900252,0.0
LOC124900253,0.0
LOC124900255,0.0
LOC124900256,0.0
LOC124900257,0.0
LOC124900259,0.0
LOC124900259-2,0.0
LOC124900260,0.0
LOC124900264,0.0
LOC124900266,0.0
LOC124900267,0.0
LOC124900268,0.0
LOC124900269,0.0
LOC124900270,0.0
LOC124900270-2,0.0
LOC124900270-3,0.0
LOC124900271,0.0
LOC124900272,0.5049139767982115
LOC124900273,0.0
LOC124900274,2.029383787599755
LOC124900275,0.6020600935584687
LOC124900276,0.0
LOC124900277,0.0
LOC124900282,0.0
LOC124900283,0.0
LOC124900287,0.0
LOC124900288,0.3010300656825649
LOC124900289,0.3245026085284979
LOC124900290,0.0
LOC124900291,0.0
LOC124900293,0.0
LOC124900294,0.0
LOC124900295,0.0
LOC124900295-2,0.0
LOC124900296,0.0
LOC124900297,0.0
LOC124900298,0.0
LOC124900300,0.0
LOC124900301,0.0
LOC124900302,0.3010298768647124
LOC124900303,0.0
LOC124900304,0.0
LOC124900305,0.0
LOC124900306,0.0
LOC124900308,0.0
LOC124900309,0.0
LOC124900309-2,0.0
LOC124900310,0.0
LOC124900311,0.0
LOC124900313,0.0
LOC124900314,0.0
LOC124900315,0.0
LOC124900317,0.0
LOC124900318,0.0
LOC124900319,0.0
LOC124900320,0.0
LOC124900322,0.0
LOC124900323,0.0
LOC124900324,0.0
LOC124900325,0.0
LOC124900327,0.0
LOC124900328,0.0
LOC124900329,0.0
LOC124900330,0.0
LOC124900332,0.0
LOC124900333,0.0
LOC124900334,0.0
LOC124900335,0.0
LOC124900336,0.0
LOC124900337,0.3010301240543248
LOC124900338,0.0
LOC124900339,0.0
LOC124900341,0.0
LOC124900343,0.0
LOC124900344,0.0
LOC124900345,0.0
LOC124900346,0.0
LOC124900347,0.0
LOC124900349,0.0
LOC124900350,0.0
LOC124900351,0.0
LOC124900353,0.0
LOC124900354,0.0
LOC124900355,0.0
LOC124900356,0.0
LOC124900356-2,0.0
LOC124900357,0.0
LOC124900357-2,0.0
LOC124900357-3,0.0
LOC124900358,0.0
LOC124900358-2,0.0
LOC124900358-3,0.0
LOC124900359,0.0
LOC124900359-2,0.0
LOC124900359-3,0.0
LOC124900362,0.0
LOC124900362-2,0.0
LOC124900362-3,0.0
LOC124900363,0.0
LOC124900364,0.0
LOC124900365,0.0
LOC124900366,0.0
LOC124900366-2,0.0
LOC124900367,0.0
LOC124900368,0.0
LOC124900369,0.0
LOC124900370,0.0
LOC124900371,0.0
LOC124900372,0.0
LOC124900373,0.0
LOC124900374,0.0
LOC124900377,0.0
LOC124900378,0.0
LOC124900379,0.0
LOC124900382,0.0
LOC124900383,0.0
LOC124900384,0.0
LOC124900387,0.0
LOC124900388,0.0
LOC124900389,0.0
LOC124900390,0.0
LOC124900391,0.0
LOC124900392,0.0
LOC124900393,0.0
LOC124900395,0.0
LOC124900396,0.0
LOC124900398,0.0
LOC124900399,0.0
LOC124900400,0.0
LOC124900403,0.0
LOC124900404,0.0
LOC124900405,0.0
LOC124900406,0.0
LOC124900407,0.0
LOC124900409,0.0
LOC124900410,0.0
LOC124900411,0.0
LOC124900412,3.572936568781045
LOC124900413,0.0
LOC124900414,0.0
LOC124900416,0.0
LOC124900417,0.0
LOC124900418,0.0
LOC124900419,0.0
LOC124900420,0.0
LOC124900421,0.0
LOC124900422,0.0
LOC124900423,0.0
LOC124900425,0.0
LOC124900426,0.0
LOC124900428,0.0
LOC124900429,0.0
LOC124900430,0.0
LOC124900433,0.0
LOC124900434,0.0
LOC124900435,0.0
LOC124900437,0.0
LOC124900438,0.0
LOC124900439,0.0
LOC124900440,0.0
LOC124900441,0.0
LOC124900444,0.0
LOC124900446,0.0
LOC124900447,0.0
LOC124900448,0.0
LOC124900450,0.0
LOC124900451,0.0
LOC124900452,0.0
LOC124900457,0.0
LOC124900458,0.0
LOC124900459,0.30103034328655864
LOC124900460,0.0
LOC124900461,0.0
LOC124900462,0.0
LOC124900463,0.0
LOC124900464,0.0
LOC124900465,0.3010300241305699
LOC124900466,0.3010300373376096
LOC124900467,0.0
LOC124900468,0.7149844903184921
LOC124900469,0.0
LOC124900470,0.0
LOC124900472,0.0
LOC124900473,0.0
LOC124900473-2,0.0
LOC124900474,0.0
LOC124900475,0.0
LOC124900476,0.0
LOC124900477,0.0
LOC124900478,0.0
LOC124900479,0.0
LOC124900480,0.0
LOC124900481,0.0
LOC124900482,0.0
LOC124900483,0.0
LOC124900484,0.0
LOC124900485,0.0
LOC124900486,0.0
LOC124900487,0.0
LOC124900488,0.0
LOC124900490,0.0
LOC124900491,0.0
LOC124900492,0.0
LOC124900495,0.0
LOC124900496,0.0
LOC124900497,0.0
LOC124900498,0.0
LOC124900501,0.0
LOC124900502,0.0
LOC124900503,0.0
LOC124900504,0.0
LOC124900505,0.0
LOC124900506,0.0
LOC124900507,0.0
LOC124900508,0.0
LOC124900509,0.0
LOC124900511,0.0
LOC124900512,0.0
LOC124900514,0.0
LOC124900515,0.5686732275170191
LOC124900516,0.0
LOC124900516-2,0.0
LOC124900517,0.0
LOC124900518,0.0
LOC124900519,0.0
LOC124900520,0.0
LOC124900521,0.0
LOC124900522,0.0
LOC124900524,0.0
LOC124900525,0.0
LOC124900526,0.0
LOC124900527,0.0
LOC124900528,0.0
LOC124900529,0.0
LOC124900530,0.0
LOC124900531,0.0
LOC124900532,0.0
LOC124900533,0.0
LOC124900534,0.0
LOC124900537,0.0
LOC124900538,0.0
LOC124900539,0.0
LOC124900540,0.0
LOC124900541,0.0
LOC124900542,0.0
LOC124900543,0.8450982976672339
LOC124900544,0.3010303199353919
LOC124900545,0.0
LOC124900546,0.3010301122323372
LOC124900547,1.3424402029958473
LOC124900548,0.6028328708283482
LOC124900551,0.0
LOC124900552,0.0
LOC124900554,0.0
LOC124900555,0.0
LOC124900556,0.0
LOC124900557,0.0
LOC124900558,0.0
LOC124900559,0.0
LOC124900560,0.0
LOC124900561,0.0
LOC124900562,0.0
LOC124900563,0.0
LOC124900564,0.0
LOC124900565,0.0
LOC124900565-2,0.0
LOC124900566,0.0
LOC124900568,0.0
LOC124900569,0.0
LOC124900570,0.0
LOC124900571,0.0
LOC124900572,0.0
LOC124900573,0.0
LOC124900574,0.0
LOC124900576,0.0
LOC124900577,0.0
LOC124900583,0.0
LOC124900584,0.0
LOC124900586,0.0
LOC124900593,0.0
LOC124900595,0.0
LOC124900596,0.0
LOC124900597,0.0
LOC124900597-2,0.0
LOC124900598,0.0
LOC124900599,0.0
LOC124900600,0.0
LOC124900601,0.0
LOC124900602,0.0
LOC124900603,0.0
LOC124900604,0.0
LOC124900605,0.0
LOC124900608,0.0
LOC124900609,0.0
LOC124900610,0.0
LOC124900611,0.0
LOC124900612,0.0
LOC124900613,0.0
LOC124900614,0.0
LOC124900615,0.0
LOC124900616,0.0
LOC124900617,0.0
LOC124900618,0.0
LOC124900619,0.0
LOC124900620,0.0
LOC124900621,0.0
LOC124900622,0.0
LOC124900623,0.0
LOC124900624,0.0
LOC124900626,0.0
LOC124900628,0.0
LOC124900629,0.0
LOC124900630,0.0
LOC124900632,0.0
LOC124900632-2,0.0
LOC124900633,0.0
LOC124900633-2,0.0
LOC124900633-3,0.0
LOC124900634,0.0
LOC124900637,0.0
LOC124900638,0.0
LOC124900641,0.0
LOC124900642,0.0
LOC124900643,0.0
LOC124900644,0.0
LOC124900645,0.0
LOC124900646,0.0
LOC124900647,0.0
LOC124900648,0.0
LOC124900649,0.0
LOC124900650,0.0
LOC124900651,0.0
LOC124900652,0.0
LOC124900653,0.49609166210401384
LOC124900654,0.0
LOC124900655,0.0
LOC124900656,0.0
LOC124900657,0.0
LOC124900658,0.0
LOC124900659,0.0
LOC124900660,0.3010298661043334
LOC124900661,0.0
LOC124900662,0.0
LOC124900663,0.0
LOC124900664,0.0
LOC124900665,0.0
LOC124900666,0.0
LOC124900667,0.0
LOC124900668,0.3010295112198227
LOC124900669,0.0
LOC124900670,0.0
LOC124900671,0.0
LOC124900672,0.0
LOC124900673,0.0
LOC124900674,1.0413927051496406
LOC124900675,0.0
LOC124900676,0.0
LOC124900677,1.4913617068055376
LOC124900678,0.0
LOC124900679,0.602060136877737
LOC124900680,0.0
LOC124900681,0.0
LOC124900682,0.0
LOC124900683,0.0
LOC124900684,0.0
LOC124900685,0.0
LOC124900686,0.0
LOC124900687,0.0
LOC124900688,0.0
LOC124900689,0.0
LOC124900690,0.0
LOC124900691,0.0
LOC124900692,0.0
LOC124900693,0.0
LOC124900694,0.0
LOC124900695,0.0
LOC124900696,0.0
LOC124900697,0.0
LOC124900698,0.0
LOC124900700,0.0
LOC124900701,1.9138138003824252
LOC124900702,0.0
LOC124900703,0.0
LOC124900704,0.0
LOC124900705,0.0
LOC124900706,2.3673558830862937
LOC124900707,0.0
LOC124900708,0.3010300242007193
LOC124900709,0.0
LOC124900710,0.0
LOC124900711,0.0
LOC124900712,0.0
LOC124900713,0.0
LOC124900715,0.0
LOC124900716,0.0
LOC124900717,0.0
LOC124900718,0.0
LOC124900719,0.0
LOC124900721,0.0
LOC124900722,0.8536989074099952
LOC124900723,0.0
LOC124900724,0.0
LOC124900725,0.0
LOC124900726,0.0
LOC124900727,0.0
LOC124900728,0.0
LOC124900729,0.0
LOC124900730,0.0
LOC124900731,0.0
LOC124900732,0.0
LOC124900733,0.0
LOC124900734,0.0
LOC124900735,0.0
LOC124900736,0.0
LOC124900737,0.0
LOC124900738,0.0
LOC124900739,0.0
LOC124900740,0.0
LOC124900741,0.0
LOC124900742,0.0
LOC124900743,0.0
LOC124900744,0.0
LOC124900745,0.0
LOC124900746,0.0
LOC124900747,0.0
LOC124900748,0.0
LOC124900749,0.0
LOC124900750,0.0
LOC124900751,0.0
LOC124900752,0.0
LOC124900753,0.0
LOC124900754,0.0
LOC124900755,0.0
LOC124900756,0.0
LOC124900757,0.0
LOC124900759,0.0
LOC124900760,0.0
LOC124900761,0.0
LOC124900762,0.0
LOC124900763,0.0
LOC124900764,0.0
LOC124900765,0.0
LOC124900766,0.0
LOC124900767,0.0
LOC124900768,0.0
LOC124900769,0.0
LOC124900770,0.0
LOC124900771,0.0
LOC124900772,0.0
LOC124900773,0.0
LOC124900774,0.0
LOC124900775,0.0
LOC124900776,0.0
LOC124900777,0.0
LOC124900778,0.0
LOC124900779,0.0
LOC124900780,1.6127838457506845
LOC124900781,0.0
LOC124900782,0.0
LOC124900783,0.0
LOC124900784,0.0
LOC124900785,0.0
LOC124900786,0.0
LOC124900787,0.0
LOC124900788,0.0
LOC124900789,0.0
LOC124900790,0.0
LOC124900791,0.0
LOC124900792,0.0
LOC124900793,0.0
LOC124900794,0.0
LOC124900795,0.0
LOC124900796,0.0
LOC124900797,0.0
LOC124900798,0.0
LOC124900799,0.7416795524944997
LOC124900800,0.0
LOC124900801,0.0
LOC124900802,0.3010299787591463
LOC124900803,0.0
LOC124900804,0.0
LOC124900805,0.0
LOC124900806,0.0
LOC124900807,0.0
LOC124900808,0.0
LOC124900809,0.602060047816085
LOC124900810,0.0
LOC124900811,0.0
LOC124900812,0.0
LOC124900815,0.0
LOC124900816,0.0
LOC124900817,0.0
LOC124900818,0.0
LOC124900819,0.0
LOC124900820,0.0
LOC124900821,0.0
LOC124900822,0.0
LOC124900823,0.0
LOC124900824,0.0
LOC124900825,0.0
LOC124900826,0.0
LOC124900827,0.0
LOC124900828,0.0
LOC124900829,0.0
LOC124900830,0.0
LOC124900831,0.0
LOC124900832,0.0
LOC124900833,0.0
LOC124900834,0.0
LOC124900835,0.0
LOC124900836,0.0
LOC124900837,0.0
LOC124900838,0.0
LOC124900839,0.0
LOC124900841,0.0
LOC124900842,0.0
LOC124900843,0.0
LOC124900844,0.0
LOC124900845,0.0
LOC124900846,0.0
LOC124900847,0.0
LOC124900848,0.0
LOC124900849,0.0
LOC124900850,0.0
LOC124900851,0.0
LOC124900852,0.0
LOC124900853,0.0
LOC124900853-2,0.0
LOC124900854,0.0
LOC124900855,0.0
LOC124900856,0.3010298135453106
LOC124900857,0.0
LOC124900859,0.0
LOC124900860,0.0
LOC124900861,0.0
LOC124900862,0.0
LOC124900863,0.0
LOC124900864,0.0
LOC124900866,0.0
LOC124900867,0.0
LOC124900868,0.0
LOC124900869,0.0
LOC124900870,0.0
LOC124900871,0.30102989994435436
LOC124900872,0.0
LOC124900873,0.0
LOC124900874,0.0
LOC124900875,0.0
LOC124900876,0.0
LOC124900877,0.0
LOC124900878,0.0
LOC124900879,0.0
LOC124900880,0.0
LOC124900881,0.0
LOC124900882,0.0
LOC124900883,0.0
LOC124900884,0.0
LOC124900885,0.0
LOC124900887,0.0
LOC124900889,0.0
LOC124900890,0.0
LOC124900891,0.0
LOC124900892,0.0
LOC124900893,0.0
LOC124900894,0.0
LOC124900895,0.0
LOC124900896,0.0
LOC124900897,0.0
LOC124900898,0.0
LOC124900899,0.0
LOC124900900,0.0
LOC124900901,0.0
LOC124900902,0.0
LOC124900903,0.0
LOC124900904,0.0
LOC124900905,0.0
LOC124900906,0.0
LOC124900907,0.3010291302343391
LOC124900908,0.0
LOC124900909,0.0
LOC124900910,0.0
LOC124900911,0.0
LOC124900915,0.0
LOC124900922,0.0
LOC124900928,0.0
LOC124900929,0.0
LOC124900930,0.0
LOC124900931,0.0
LOC124900932,0.0
LOC124900933,0.0
LOC124900934,0.0
LOC124900935,0.0
LOC124900936,0.0
LOC124900937,0.0
LOC124900938,0.0
LOC124900939,0.0
LOC124900940,0.0
LOC124900941,0.0
LOC124900942,0.0
LOC124900943,0.0
LOC124900944,0.0
LOC124900945,0.0
LOC124900946,2.910090563971405
LOC124900947,0.0
LOC124900948,0.0
LOC124900949,0.0
LOC124900950,0.0
LOC124900951,0.0
LOC124900952,0.0
LOC124900953,0.0
LOC124900954,0.0
LOC124900955,0.0
LOC124900956,0.0
LOC124900957,0.0
LOC124900958,0.0
LOC124900959,0.0
LOC124900960,0.3010300514713441
LOC124900961,0.30103002738163953
LOC124900962,0.0
LOC124900963,0.0
LOC124900964,0.0
LOC124900965,0.0
LOC124900966,0.0
LOC124900967,0.0
LOC124900968,0.0
LOC124900969,0.0
LOC124900970,0.0
LOC124900971,0.0
LOC124900972,0.0
LOC124900974,0.0
LOC124900975,0.0
LOC124900976,0.0
LOC124900977,0.0
LOC124900978,0.0
LOC124900979,0.0
LOC124900980,0.0
LOC124900981,0.0
LOC124900982,0.0
LOC124900983,0.0
LOC124900984,0.0
LOC124900985,0.0
LOC124900986,0.0
LOC124900987,0.3010300875643797
LOC124900988,0.3010299455041293
LOC124900989,0.0
LOC124900990,0.0
LOC124900991,0.0
LOC124900992,0.0
LOC124900993,0.0
LOC124900994,1.7320050628039256
LOC124900995,0.0
LOC124900996,0.0
LOC124900997,2.143748637051023
LOC124900998,0.0
LOC124900999,0.0
LOC124900999-2,0.0
LOC124900999-3,0.0
LOC124900999-4,0.0
LOC124901000,0.0
LOC124901001,0.0
LOC124901002,0.0
LOC124901003,0.0
LOC124901004,0.0
LOC124901005,0.0
LOC124901006,0.0
LOC124901007,0.0
LOC124901008,0.0
LOC124901009,0.0
LOC124901010,0.0
LOC124901011,0.0
LOC124901012,0.0
LOC124901013,0.0
LOC124901014,0.0
LOC124901015,0.0
LOC124901017,0.0
LOC124901018,0.0
LOC124901019,0.0
LOC124901020,0.0
LOC124901021,0.0
LOC124901022,0.0
LOC124901023,0.0
LOC124901025,0.0
LOC124901026,0.0
LOC124901027,0.0
LOC124901028,0.0
LOC124901029,0.0
LOC124901030,0.0
LOC124901031,0.0
LOC124901032,0.0
LOC124901033,0.0
LOC124901034,0.0
LOC124901035,0.0
LOC124901036,0.0
LOC124901037,0.0
LOC124901038,0.0
LOC124901039,0.0
LOC124901040,0.3010301320379426
LOC124901042,0.30103008047545526
LOC124901043,0.0
LOC124901044,0.0
LOC124901045,0.0
LOC124901046,0.0
LOC124901047,0.0
LOC124901048,0.0
LOC124901049,0.0
LOC124901050,0.0
LOC124901051,0.0
LOC124901052,0.0
LOC124901053,0.0
LOC124901054,0.0
LOC124901055,0.0
LOC124901056,0.0
LOC124901057,0.0
LOC124901058,0.0
LOC124901059,0.0
LOC124901060,0.0
LOC124901061,0.0
LOC124901062,0.0
LOC124901063,0.0
LOC124901066,0.0
LOC124901067,0.0
LOC124901068,0.0
LOC124901069,0.0
LOC124901070,0.0
LOC124901071,0.9542421166794237
LOC124901072,0.0
LOC124901073,0.0
LOC124901074,0.0
LOC124901075,0.0
LOC124901076,0.0
LOC124901077,0.0
LOC124901078,0.0
LOC124901079,0.0
LOC124901080,0.0
LOC124901081,0.0
LOC124901082,0.0
LOC124901083,0.0
LOC124901084,0.0
LOC124901085,0.0
LOC124901086,0.0
LOC124901087,0.0
LOC124901088,0.0
LOC124901090,0.0
LOC124901091,0.0
LOC124901092,0.0
LOC124901093,0.0
LOC124901094,0.0
LOC124901095,0.0
LOC124901096,0.0
LOC124901097,0.0
LOC124901098,0.0
LOC124901099,0.0
LOC124901100,0.0
LOC124901101,0.0
LOC124901102,0.0
LOC124901103,0.0
LOC124901104,0.0
LOC124901105,3.0737691814392663
LOC124901106,0.0
LOC124901107,0.0
LOC124901108,0.0
LOC124901110,0.3010300763850795
LOC124901111,0.0
LOC124901112,0.0
LOC124901113,0.0
LOC124901114,0.0
LOC124901115,0.0
LOC124901116,0.0
LOC124901117,0.0
LOC124901118,0.0
LOC124901119,0.0
LOC124901120,0.0
LOC124901121,0.0
LOC124901122,0.0
LOC124901123,0.0
LOC124901124,0.32303620099736824
LOC124901125,0.0
LOC124901126,0.0
LOC124901127,0.0
LOC124901128,0.0
LOC124901129,0.0
LOC124901130,0.0
LOC124901131,0.0
LOC124901132,0.30102994306181646
LOC124901133,0.0
LOC124901134,0.0
LOC124901135,0.0
LOC124901136,0.0
LOC124901137,0.0
LOC124901138,0.0
LOC124901139,0.0
LOC124901140,0.0
LOC124901141,0.0
LOC124901142,0.0
LOC124901143,0.0
LOC124901144,0.0
LOC124901145,0.0
LOC124901146,0.0
LOC124901146-2,0.0
LOC124901147,0.0
LOC124901148,0.6989700620159002
LOC124901149,0.0
LOC124901149-2,0.0
LOC124901150,0.0
LOC124901151,0.0
LOC124901152,0.0
LOC124901153,0.0
LOC124901154,0.0
LOC124901155,0.0
LOC124901156,0.3010299359510412
LOC124901156-2,0.3010299359510412
LOC124901157,0.0
LOC124901158,0.0
LOC124901159,0.0
LOC124901160,0.0
LOC124901161,0.0
LOC124901162,0.0
LOC124901163,0.0
LOC124901164,0.0
LOC124901165,0.0
LOC124901166,0.0
LOC124901167,0.0
LOC124901168,0.0
LOC124901169,0.0
LOC124901170,0.0
LOC124901171,0.0
LOC124901172,0.0
LOC124901173,0.0
LOC124901174,0.0
LOC124901175,0.0
LOC124901176,0.0
LOC124901177,0.0
LOC124901178,0.30103002738163953
LOC124901179,0.0
LOC124901180,0.0
LOC124901181,0.0
LOC124901182,0.0
LOC124901183,0.0
LOC124901184,0.0
LOC124901185,0.0
LOC124901190,0.0
LOC124901191,0.0
LOC124901192,0.0
LOC124901195,0.0
LOC124901196,0.0
LOC124901197,0.0
LOC124901198,0.0
LOC124901199,0.0
LOC124901200,0.0
LOC124901201,0.0
LOC124901202,0.0
LOC124901203,0.0
LOC124901204,0.0
LOC124901205,0.0
LOC124901206,0.0
LOC124901207,0.0
LOC124901208,0.0
LOC124901209,0.0
LOC124901210,0.0
LOC124901211,0.0
LOC124901212,0.0
LOC124901213,0.0
LOC124901219,0.0
LOC124901220,0.0
LOC124901221,0.0
LOC124901224,0.0
LOC124901224-2,0.0
LOC124901225,0.0
LOC124901227,0.0
LOC124901228,0.0
LOC124901229,0.0
LOC124901231,0.0
LOC124901232,0.6020600313098456
LOC124901234,0.0
LOC124901235,0.0
LOC124901235-2,0.0
LOC124901236,0.0
LOC124901237,0.0
LOC124901238,0.0
LOC124901239,0.0
LOC124901240,0.0
LOC124901241,0.0
LOC124901242,0.0
LOC124901244,0.0
LOC124901245,0.3010301531152673
LOC124901246,0.0
LOC124901247,0.0
LOC124901248,0.0
LOC124901249,0.8450980112810469
LOC124901250,0.0
LOC124901251,0.0
LOC124901252,0.0
LOC124901253,0.0
LOC124901254,0.0
LOC124901255,0.0
LOC124901256,0.0
LOC124901257,0.0
LOC124901258,0.0
LOC124901260,0.0
LOC124901261,0.0
LOC124901262,0.0
LOC124901263,1.5147409766863988
LOC124901264,0.0
LOC124901265,0.0
LOC124901266,0.0
LOC124901267,0.47712130048873796
LOC124901268,0.0
LOC124901269,0.0
LOC124901270,0.0
LOC124901271,0.0
LOC124901272,0.0
LOC124901273,0.0
LOC124901274,0.0
LOC124901275,0.0
LOC124901276,0.0
LOC124901277,0.0
LOC124901278,0.0
LOC124901279,0.4771213991324078
LOC124901280,0.0
LOC124901281,0.0
LOC124901282,0.0
LOC124901283,0.0
LOC124901284,0.0
LOC124901285,0.0
LOC124901287,0.0
LOC124901288,0.0
LOC124901289,0.0
LOC124901289-2,0.0
LOC124901290,0.0
LOC124901290-2,0.4771211836851077
LOC124901291,0.0
LOC124901292,0.0
LOC124901293,0.0
LOC124901294,0.0
LOC124901295,0.0
LOC124901296,0.0
LOC124901297,0.0
LOC124901298,0.0
LOC124901298-2,0.0
LOC124901299,0.0
LOC124901299-2,0.0
LOC124901299-3,0.0
LOC124901299-4,0.0
LOC124901299-5,0.0
LOC124901300,0.0
LOC124901300-2,0.0
LOC124901300-3,0.0
LOC124901300-4,0.0
LOC124901300-5,0.0
LOC124901302,0.0
LOC124901303,0.0
LOC124901304,0.0
LOC124901305,0.0
LOC124901306,0.0
LOC124901307,0.0
LOC124901308,0.0
LOC124901309,0.0
LOC124901310,0.0
LOC124901311,0.0
LOC124901312,0.0
LOC124901313,0.0
LOC124901314,0.0
LOC124901315,0.0
LOC124901316,0.0
LOC124901317,0.0
LOC124901318,0.30102995271876204
LOC124901319,0.0
LOC124901320,0.0
LOC124901321,0.0
LOC124901322,0.0
LOC124901323,0.0
LOC124901324,0.0
LOC124901325,0.0
LOC124901326,0.0
LOC124901327,0.0
LOC124901328,0.0
LOC124901329,0.0
LOC124901330,0.477121241153604
LOC124901331,0.0
LOC124901332,0.0
LOC124901333,0.0
LOC124901334,0.0
LOC124901335,0.0
LOC124901336,0.0
LOC124901337,0.0
LOC124901338,0.0
LOC124901339,0.0
LOC124901340,0.0
LOC124901343,0.0
LOC124901344,0.0
LOC124901345,0.0
LOC124901346,0.0
LOC124901347,0.0
LOC124901348,0.0
LOC124901349,0.0
LOC124901350,0.0
LOC124901351,0.0
LOC124901352,0.0
LOC124901353,0.0
LOC124901354,0.0
LOC124901355,0.0
LOC124901356,0.0
LOC124901357,0.0
LOC124901358,0.0
LOC124901359,0.0
LOC124901360,0.0
LOC124901361,0.0
LOC124901362,0.0
LOC124901363,0.0
LOC124901364,0.0
LOC124901365,0.0
LOC124901366,0.0
LOC124901367,0.0
LOC124901368,0.0
LOC124901369,0.0
LOC124901370,0.0
LOC124901371,2.3071319271397925
LOC124901372,0.0
LOC124901373,0.0
LOC124901374,0.0
LOC124901375,0.0
LOC124901376,0.0
LOC124901377,0.0
LOC124901378,0.0
LOC124901379,0.0
LOC124901380,0.0
LOC124901381,0.0
LOC124901382,0.0
LOC124901383,0.0
LOC124901384,0.0
LOC124901385,0.0
LOC124901386,0.0
LOC124901387,0.0
LOC124901388,0.0
LOC124901389,0.0
LOC124901390,0.0
LOC124901391,0.0
LOC124901392,0.0
LOC124901393,0.0
LOC124901394,0.0
LOC124901395,0.0
LOC124901397,0.0
LOC124901398,0.0
LOC124901399,0.0
LOC124901400,0.0
LOC124901400-2,0.0
LOC124901401,0.0
LOC124901402,0.0
LOC124901403,0.0
LOC124901404,0.30102999924456764
LOC124901405,0.0
LOC124901406,0.0
LOC124901407,0.0
LOC124901408,0.0
LOC124901410,0.0
LOC124901411,0.0
LOC124901412,0.0
LOC124901413,0.0
LOC124901414,0.0
LOC124901415,0.0
LOC124901416,0.0
LOC124901417,0.0
LOC124901418,0.0
LOC124901419,0.0
LOC124901420,0.0
LOC124901421,0.0
LOC124901422,0.0
LOC124901423,0.3010302949365009
LOC124901424,0.0
LOC124901425,0.0
LOC124901426,0.0
LOC124901427,0.0
LOC124901428,0.0
LOC124901429,0.0
LOC124901430,0.0
LOC124901431,0.0
LOC124901432,0.0
LOC124901433,0.0
LOC124901434,0.0
LOC124901435,0.0
LOC124901436,0.0
LOC124901437,0.0
LOC124901439,0.0
LOC124901440,0.0
LOC124901441,0.3010298797289411
LOC124901442,0.0
LOC124901443,0.0
LOC124901444,0.0
LOC124901445,0.0
LOC124901446,0.0
LOC124901447,0.0
LOC124901448,0.0
LOC124901449,0.0
LOC124901450,0.0
LOC124901451,0.0
LOC124901452,0.0
LOC124901453,0.0
LOC124901454,0.0
LOC124901455,0.0
LOC124901456,0.0
LOC124901457,0.0
LOC124901458,0.0
LOC124901459,0.0
LOC124901460,0.0
LOC124901461,0.0
LOC124901462,0.0
LOC124901463,0.0
LOC124901464,0.0
LOC124901465,0.0
LOC124901466,0.0
LOC124901467,0.0
LOC124901468,0.0
LOC124901469,0.0
LOC124901470,0.0
LOC124901471,0.0
LOC124901472,0.0
LOC124901473,0.0
LOC124901474,0.0
LOC124901474-2,0.0
LOC124901475,0.0
LOC124901475-2,0.0
LOC124901476,0.0
LOC124901477,0.0
LOC124901478,0.0
LOC124901479,0.0
LOC124901480,0.0
LOC124901481,0.0
LOC124901482,0.0
LOC124901483,0.0
LOC124901484,0.0
LOC124901485,0.0
LOC124901486,0.0
LOC124901486-2,0.0
LOC124901486-3,0.0
LOC124901487,0.0
LOC124901488,0.0
LOC124901489,0.0
LOC124901490,0.0
LOC124901491,0.0
LOC124901492,0.0
LOC124901493,0.0
LOC124901494,0.0
LOC124901495,0.0
LOC124901496,0.0
LOC124901497,0.0
LOC124901498,0.0
LOC124901499,0.0
LOC124901500,0.477121265147704
LOC124901501,0.0
LOC124901505,0.0
LOC124901506,0.0
LOC124901507,0.0
LOC124901508,0.0
LOC124901509,0.0
LOC124901516,0.0
LOC124901518,0.0
LOC124901522,0.0
LOC124901523,0.0
LOC124901526,0.0
LOC124901527,0.0
LOC124901528,0.0
LOC124901529,0.0
LOC124901530,0.0
LOC124901531,0.0
LOC124901532,0.0
LOC124901533,0.0
LOC124901534,0.0
LOC124901535,0.0
LOC124901536,0.0
LOC124901536-2,0.0
LOC124901537,0.0
LOC124901538,0.0
LOC124901539,0.0
LOC124901540,0.0
LOC124901541,0.0
LOC124901542,0.0
LOC124901543,0.0
LOC124901544,0.0
LOC124901545,0.0
LOC124901566,0.0
LOC124901567,0.0
LOC124901568,0.0
LOC124901569,0.0
LOC124901570,0.0
LOC124901572,0.0
LOC124901573,0.0
LOC124901574,0.0
LOC124901575,0.0
LOC124901576,0.0
LOC124901577,0.0
LOC124901578,0.0
LOC124901579,0.0
LOC124901580,0.0
LOC124901581,0.0
LOC124901582,0.0
LOC124901583,0.0
LOC124901584,0.0
LOC124901585,0.0
LOC124901586,0.0
LOC124901587,0.0
LOC124901588,0.0
LOC124901589,0.0
LOC124901590,0.0
LOC124901591,0.0
LOC124901592,0.0
LOC124901593,0.0
LOC124901594,0.0
LOC124901595,0.0
LOC124901596,0.0
LOC124901597,0.0
LOC124901598,0.0
LOC124901599,0.0
LOC124901600,0.0
LOC124901601,0.0
LOC124901602,0.0
LOC124901603,0.0
LOC124901604,0.0
LOC124901605,0.0
LOC124901606,0.0
LOC124901607,0.0
LOC124901608,0.0
LOC124901609,0.0
LOC124901610,0.0
LOC124901611,0.0
LOC124901612,0.0
LOC124901613,0.0
LOC124901614,0.0
LOC124901615,0.0
LOC124901616,0.0
LOC124901617,0.0
LOC124901618,0.0
LOC124901619,0.0
LOC124901620,0.0
LOC124901621,0.0
LOC124901622,0.0
LOC124901623,0.0
LOC124901624,0.0
LOC124901625,0.0
LOC124901626,0.0
LOC124901627,0.0
LOC124901628,0.0
LOC124901629,0.0
LOC124901630,0.0
LOC124901631,0.0
LOC124901632,0.0
LOC124901633,0.0
LOC124901634,0.0
LOC124901635,0.0
LOC124901636,0.0
LOC124901637,0.0
LOC124901638,0.47712121982731026
LOC124901639,0.0
LOC124901640,0.0
LOC124901641,0.0
LOC124901643,0.0
LOC124901644,0.0
LOC124901645,0.0
LOC124901646,0.0
LOC124901647,0.0
LOC124901648,0.0
LOC124901649,0.0
LOC124901650,0.0
LOC124901651,0.0
LOC124901652,0.0
LOC124901653,0.0
LOC124901654,0.0
LOC124901655,0.0
LOC124901656,0.0
LOC124901657,0.0
LOC124901658,0.0
LOC124901659,0.0
LOC124901660,0.0
LOC124901661,0.0
LOC124901662,0.0
LOC124901663,0.0
LOC124901664,1.0280514612327798
LOC124901665,0.0
LOC124901666,0.3010300601474869
LOC124901667,0.0
LOC124901668,0.0
LOC124901669,0.3011192880063101
LOC124901671,0.0
LOC124901672,0.0
LOC124901673,0.0
LOC124901674,0.0
LOC124901675,0.0
LOC124901676,0.0
LOC124901677,0.0
LOC124901678,0.0
LOC124901679,0.0
LOC124901680,0.0
LOC124901681,0.0
LOC124901682,0.0
LOC124901683,0.0
LOC124901684,0.0
LOC124901685,0.0
LOC124901686,0.0
LOC124901687,0.0
LOC124901688,0.0
LOC124901689,0.0
LOC124901690,0.0
LOC124901691,0.0
LOC124901692,0.0
LOC124901693,0.0
LOC124901694,0.0
LOC124901695,0.0
LOC124901696,0.0
LOC124901697,0.0
LOC124901698,0.0
LOC124901699,0.0
LOC124901700,0.0
LOC124901701,0.0
LOC124901702,0.0
LOC124901703,0.0
LOC124901704,0.0
LOC124901705,0.0
LOC124901706,0.0
LOC124901707,0.0
LOC124901708,0.0
LOC124901709,0.0
LOC124901710,0.0
LOC124901711,0.0
LOC124901712,0.0
LOC124901713,0.0
LOC124901714,0.0
LOC124901715,0.0
LOC124901717,0.0
LOC124901718,0.0
LOC124901719,0.0
LOC124901720,0.0
LOC124901720-2,0.0
LOC124901721,0.0
LOC124901721-2,0.0
LOC124901722,0.0
LOC124901723,0.0
LOC124901724,0.0
LOC124901725,0.9542425614477049
LOC124901726,0.0
LOC124901727,0.0
LOC124901729,0.0
LOC124901730,0.0
LOC124901731,0.0
LOC124901732,0.0
LOC124901733,0.0
LOC124901734,0.0
LOC124901735,0.7881519513049389
LOC124901736,0.0
LOC124901737,0.0
LOC124901738,0.0
LOC124901739,0.0
LOC124901740,0.0
LOC124901741,0.0
LOC124901742,0.0
LOC124901743,0.0
LOC124901744,0.0
LOC124901745,0.0
LOC124901746,0.0
LOC124901747,0.0
LOC124901748,0.0
LOC124901749,0.0
LOC124901750,0.0
LOC124901751,0.0
LOC124901752,0.0
LOC124901753,0.0
LOC124901754,0.0
LOC124901755,0.0
LOC124901756,0.0
LOC124901757,0.0
LOC124901758,0.0
LOC124901759,0.0
LOC124901760,0.0
LOC124901761,0.0
LOC124901762,0.0
LOC124901763,0.0
LOC124901764,0.0
LOC124901765,0.0
LOC124901766,0.0
LOC124901767,0.0
LOC124901768,0.0
LOC124901769,0.0
LOC124901770,0.0
LOC124901771,0.0
LOC124901772,0.0
LOC124901773,0.0
LOC124901774,0.0
LOC124901775,0.0
LOC124901776,0.0
LOC124901777,0.0
LOC124901778,0.0
LOC124901779,0.0
LOC124901780,0.0
LOC124901781,0.0
LOC124901782,0.0
LOC124901783,0.0
LOC124901784,0.0
LOC124901785,0.0
LOC124901786,0.0
LOC124901787,0.0
LOC124901788,0.0
LOC124901789,0.0
LOC124901790,0.0
LOC124901791,0.0
LOC124901792,0.0
LOC124901793,0.0
LOC124901794,0.0
LOC124901795,0.0
LOC124901796,0.0
LOC124901797,0.0
LOC124901798,0.0
LOC124901803,0.0
LOC124901804,0.0
LOC124901805,0.0
LOC124901806,0.0
LOC124901807,0.0
LOC124901807-2,0.0
LOC124901808,0.0
LOC124901809,0.0
LOC124901810,0.0
LOC124901811,0.0
LOC124901812,0.0
LOC124901813,0.0
LOC124901814,0.0
LOC124901815,0.0
LOC124901816,0.30102969967147397
LOC124901817,0.0
LOC124901818,0.0
LOC124901819,0.0
LOC124901820,0.0
LOC124901826,0.0
LOC124901827,0.0
LOC124901828,0.0
LOC124901829,0.0
LOC124901829-2,0.0
LOC124901830,0.0
LOC124901831,0.0
LOC124901832,0.0
LOC124901833,0.0
LOC124901834,0.0
LOC124901835,0.0
LOC124901836,0.0
LOC124901837,0.0
LOC124901838,0.0
LOC124901839,0.0
LOC124901841,0.0
LOC124901842,0.0
LOC124901843,0.0
LOC124901844,0.0
LOC124901846,0.0
LOC124901847,0.0
LOC124901848,0.0
LOC124901850,0.0
LOC124901854,0.0
LOC124901858,0.0
LOC124901859,0.0
LOC124901859-2,0.0
LOC124901860,0.0
LOC124901863,0.0
LOC124901866,0.0
LOC124901866-2,0.0
LOC124901867,0.0
LOC124901868,0.0
LOC124901869,0.0
LOC124901870,0.0
LOC124901870-2,0.0
LOC124901871,0.0
LOC124901872,0.0
LOC124901872-2,0.0
LOC124901873,0.0
LOC124901873-2,0.0
LOC124901874,0.0
LOC124901874-2,0.0
LOC124901875,0.0
LOC124901875-2,0.0
LOC124901876,0.0
LOC124901877,0.0
LOC124901878,0.0
LOC124901879,0.0
LOC124901879-2,0.0
LOC124901881,0.0
LOC124901882,0.0
LOC124901883,0.0
LOC124901884,0.0
LOC124901884-2,0.0
LOC124901885,0.0
LOC124901886,0.0
LOC124901887,1.671752006909091
LOC124901888,0.0
LOC124901889,0.0
LOC124901889-2,0.0
LOC124901890,0.0
LOC124901891,0.0
LOC124901892,0.0
LOC124901893,0.0
LOC124901894,0.0
LOC124901895,0.0
LOC124901896,0.4771210421551838
LOC124901897,0.0
LOC124901898,0.0
LOC124901899,0.0
LOC124901900,0.0
LOC124901901,0.0
LOC124901902,0.0
LOC124901903,0.0
LOC124901904,0.0
LOC124901905,0.30103001093573356
LOC124901906,0.0
LOC124901907,0.0
LOC124901908,0.0
LOC124901911,0.0
LOC124901912,0.3037875208505741
LOC124901913,0.0
LOC124901914,0.0
LOC124901915,0.0
LOC124901916,1.2304489414716715
LOC124901917,0.0
LOC124901918,0.0
LOC124901919,0.0
LOC124901920,0.0
LOC124901921,0.0
LOC124901922,0.0
LOC124901923,0.0
LOC124901924,0.0
LOC124901925,0.30103000002976993
LOC124901926,0.0
LOC124901927,0.0
LOC124901928,0.0
LOC124901929,0.0
LOC124901930,0.0
LOC124901931,0.0
LOC124901932,0.0
LOC124901933,0.0
LOC124901934,0.0
LOC124901935,0.0
LOC124901936,0.0
LOC124901937,0.0
LOC124901938,0.0
LOC124901939,0.3010300634828702
LOC124901940,0.0
LOC124901941,0.0
LOC124901942,0.0
LOC124901943,0.0
LOC124901944,0.0
LOC124901945,0.0
LOC124901946,0.0
LOC124901947,0.0
LOC124901948,0.0
LOC124901949,0.0
LOC124901950,0.0
LOC124901951,0.0
LOC124901952,0.0
LOC124901954,0.0
LOC124901955,0.0
LOC124901956,0.3010300876044042
LOC124901957,0.0
LOC124901958,0.0
LOC124901959,0.0
LOC124901960,0.0
LOC124901961,0.0
LOC124901962,0.0
LOC124901963,0.0
LOC124901964,0.0
LOC124901965,0.0
LOC124901966,0.0
LOC124901967,0.0
LOC124901968,0.0
LOC124901969,0.0
LOC124901970,0.0
LOC124901971,0.0
LOC124901972,0.0
LOC124901973,0.0
LOC124901974,0.47712119431588407
LOC124901975,0.0
LOC124901976,0.0
LOC124901977,0.0
LOC124901978,0.0
LOC124901979,0.0
LOC124901980,0.0
LOC124901981,1.3010299025821757
LOC124901982,0.0
LOC124901983,0.0
LOC124901984,0.0
LOC124901985,0.0
LOC124901986,0.0
LOC124901987,0.0
LOC124901988,0.0
LOC124901989,0.0
LOC124901990,0.0
LOC124901991,0.0
LOC124901992,0.0
LOC124901993,0.0
LOC124901994,0.0
LOC124901996,0.0
LOC124901997,0.0
LOC124901998,0.0
LOC124901999,0.0
LOC124902000,0.0
LOC124902001,0.0
LOC124902002,0.0
LOC124902003,0.0
LOC124902004,0.0
LOC124902005,0.8067628615919722
LOC124902006,0.0
LOC124902007,0.0
LOC124902008,0.0
LOC124902009,0.0
LOC124902010,0.0
LOC124902011,0.0
LOC124902012,0.0
LOC124902013,0.0
LOC124902014,0.0
LOC124902015,0.0
LOC124902016,0.0
LOC124902017,0.0
LOC124902020,0.0
LOC124902021,0.0
LOC124902022,0.0
LOC124902023,0.0
LOC124902024,0.0
LOC124902025,0.0
LOC124902026,0.0
LOC124902027,0.0
LOC124902028,0.0
LOC124902029,0.0
LOC124902030,0.0
LOC124902031,0.0
LOC124902032,0.0
LOC124902033,0.0
LOC124902034,0.0
LOC124902034-2,0.0
LOC124902035,0.0
LOC124902036,0.0
LOC124902037,0.4451236197107059
LOC124902038,0.0
LOC124902039,0.0
LOC124902040,0.0
LOC124902041,0.0
LOC124902042,0.0
LOC124902044,0.0
LOC124902045,0.0
LOC124902046,0.0
LOC124902047,0.0
LOC124902048,0.0
LOC124902050,0.9294191793475426
LOC124902050-2,0.9294191793475426
LOC124902051,0.0
LOC124902052,0.0
LOC124902053,0.0
LOC124902054,0.0
LOC124902055,0.0
LOC124902056,0.6020600400776868
LOC124902057,0.0
LOC124902058,0.0
LOC124902059,0.0
LOC124902060,0.0
LOC124902062,0.0
LOC124902063,0.0
LOC124902064,0.0
LOC124902065,0.0
LOC124902066,0.0
LOC124902067,0.0
LOC124902068,0.0
LOC124902070,0.0
LOC124902071,0.0
LOC124902072,0.0
LOC124902073,0.0
LOC124902074,0.0
LOC124902075,0.0
LOC124902076,0.0
LOC124902077,0.0
LOC124902077-2,0.0
LOC124902078,0.0
LOC124902079,0.0
LOC124902080,0.0
LOC124902081,0.0
LOC124902082,0.0
LOC124902082-2,0.0
LOC124902083,0.0
LOC124902084,0.0
LOC124902085,0.0
LOC124902085-2,0.0
LOC124902087,0.0
LOC124902088,0.0
LOC124902089,0.0
LOC124902090,0.0
LOC124902091,0.0
LOC124902094,0.0
LOC124902095,0.0
LOC124902100,0.0
LOC124902101,0.0
LOC124902106,0.0
LOC124902107,0.0
LOC124902108,0.0
LOC124902109,0.0
LOC124902110,0.0
LOC124902111,0.0
LOC124902112,0.0
LOC124902113,0.0
LOC124902114,0.0
LOC124902115,0.0
LOC124902116,0.0
LOC124902117,0.0
LOC124902118,0.0
LOC124902119,0.0
LOC124902120,0.0
LOC124902121,0.0
LOC124902122,0.0
LOC124902123,0.0
LOC124902124,0.0
LOC124902125,0.0
LOC124902126,0.0
LOC124902127,0.0
LOC124902128,0.0
LOC124902129,0.0
LOC124902130,0.0
LOC124902131,0.0
LOC124902132,0.0
LOC124902133,0.0
LOC124902134,0.0
LOC124902135,0.0
LOC124902136,0.0
LOC124902137,0.0
LOC124902138,0.0
LOC124902139,0.0
LOC124902140,0.0
LOC124902141,0.0
LOC124902142,0.0
LOC124902143,0.0
LOC124902144,0.3010298318394929
LOC124902145,0.0
LOC124902146,0.0
LOC124902147,0.0
LOC124902148,0.0
LOC124902149,0.0
LOC124902150,0.0
LOC124902151,0.0
LOC124902152,0.0
LOC124902153,0.0
LOC124902154,0.0
LOC124902156,0.0
LOC124902157,0.0
LOC124902158,0.0
LOC124902159,0.0
LOC124902160,0.0
LOC124902161,0.0
LOC124902162,0.0
LOC124902163,0.0
LOC124902165,0.0
LOC124902167,0.0
LOC124902168,1.8195439416714798
LOC124902169,1.462397959871249
LOC124902170,0.0
LOC124902171,0.0
LOC124902172,0.0
LOC124902173,0.0
LOC124902174,0.0
LOC124902175,0.3010300668648489
LOC124902176,0.0
LOC124902177,0.0
LOC124902178,0.0
LOC124902179,0.0
LOC124902180,0.0
LOC124902181,0.0
LOC124902182,0.0
LOC124902183,0.9848561576543214
LOC124902184,0.0
LOC124902185,0.0
LOC124902186,0.0
LOC124902187,0.0
LOC124902188,0.0
LOC124902189,0.0
LOC124902190,0.0
LOC124902191,0.0
LOC124902192,0.0
LOC124902193,0.0
LOC124902194,0.0
LOC124902195,0.0
LOC124902196,0.0
LOC124902197,0.0
LOC124902198,0.0
LOC124902199,0.0
LOC124902200,0.0
LOC124902201,0.0
LOC124902202,0.0
LOC124902203,0.0
LOC124902204,0.30102992774878157
LOC124902205,0.0
LOC124902206,0.0
LOC124902207,0.0
LOC124902208,0.0
LOC124902209,0.0
LOC124902210,0.0
LOC124902211,0.0
LOC124902212,0.0
LOC124902213,0.0
LOC124902214,0.0
LOC124902215,0.0
LOC124902216,0.0
LOC124902217,0.0
LOC124902218,0.0
LOC124902219,0.0
LOC124902220,0.0
LOC124902221,0.0
LOC124902224,0.0
LOC124902225,0.0
LOC124902226,0.0
LOC124902227,0.0
LOC124902228,0.0
LOC124902229,0.0
LOC124902230,0.0
LOC124902231,0.0
LOC124902232,0.0
LOC124902233,0.0
LOC124902234,0.0
LOC124902235,0.0
LOC124902236,0.0
LOC124902237,0.0
LOC124902238,0.0
LOC124902239,0.0
LOC124902240,0.9271956709745112
LOC124902241,0.0
LOC124902242,0.0
LOC124902243,0.0
LOC124902244,0.0
LOC124902245,0.0
LOC124902246,0.0
LOC124902247,0.0
LOC124902248,0.0
LOC124902249,0.0
LOC124902250,0.0
LOC124902251,0.0
LOC124902252,0.0
LOC124902253,0.0
LOC124902254,0.0
LOC124902255,0.0
LOC124902256,0.0
LOC124902257,0.0
LOC124902258,0.0
LOC124902259,0.0
LOC124902260,0.0
LOC124902261,0.0
LOC124902262,0.0
LOC124902263,0.0
LOC124902264,0.0
LOC124902265,0.0
LOC124902266,0.0
LOC124902267,0.0
LOC124902268,0.0
LOC124902269,0.0
LOC124902270,0.0
LOC124902271,0.0
LOC124902272,0.0
LOC124902273,0.0
LOC124902274,0.0
LOC124902275,0.0
LOC124902276,0.0
LOC124902277,0.0
LOC124902278,0.0
LOC124902279,0.0
LOC124902280,0.0
LOC124902281,0.0
LOC124902282,0.0
LOC124902283,0.0
LOC124902284,0.0
LOC124902285,0.0
LOC124902286,0.0
LOC124902287,0.0
LOC124902288,0.0
LOC124902289,0.0
LOC124902291,0.0
LOC124902292,0.0
LOC124902293,0.0
LOC124902294,0.0
LOC124902294-2,0.0
LOC124902295,0.0
LOC124902296,0.0
LOC124902297,0.0
LOC124902298,0.0
LOC124902299,0.0
LOC124902300,0.0
LOC124902301,0.0
LOC124902302,0.0
LOC124902303,0.0
LOC124902304,0.0
LOC124902305,0.0
LOC124902306,0.0
LOC124902307,0.0
LOC124902308,0.0
LOC124902309,0.0
LOC124902310,0.0
LOC124902311,0.0
LOC124902312,0.0
LOC124902313,0.0
LOC124902314,0.0
LOC124902315,0.0
LOC124902316,0.0
LOC124902317,0.0
LOC124902318,0.0
LOC124902319,0.0
LOC124902320,0.0
LOC124902321,0.0
LOC124902322,0.0
LOC124902325,0.0
LOC124902326,0.0
LOC124902327,0.0
LOC124902328,0.0
LOC124902329,0.0
LOC124902330,0.0
LOC124902331,0.0
LOC124902333,0.0
LOC124902335,0.0
LOC124902338,0.0
LOC124902339,0.0
LOC124902340,0.0
LOC124902341,0.0
LOC124902342,0.0
LOC124902343,0.0
LOC124902344,0.0
LOC124902345,0.0
LOC124902346,0.0
LOC124902347,0.0
LOC124902348,0.0
LOC124902349,0.0
LOC124902352,0.0
LOC124902353,0.0
LOC124902360,0.0
LOC124902361,0.0
LOC124902362,0.0
LOC124902363,0.0
LOC124902364,0.0
LOC124902365,0.0
LOC124902366,0.0
LOC124902367,0.30103015426529395
LOC124902368,0.0
LOC124902369,0.0
LOC124902370,0.3010299642051164
LOC124902372,0.3165168581138149
LOC124902373,0.3010300245785989
LOC124902375,0.0
LOC124902376,0.0
LOC124902377,0.5977013015396566
LOC124902378,0.0
LOC124902379,0.0
LOC124902380,0.0
LOC124902381,0.0
LOC124902383,0.0
LOC124902384,0.0
LOC124902385,0.0
LOC124902386,0.0
LOC124902387,0.0
LOC124902388,0.0
LOC124902389,0.0
LOC124902390,0.0
LOC124902391,0.0
LOC124902392,0.0
LOC124902393,0.0
LOC124902394,0.0
LOC124902395,0.0
LOC124902396,0.0
LOC124902397,0.0
LOC124902398,0.0
LOC124902399,0.0
LOC124902400,0.0
LOC124902401,0.0
LOC124902402,0.0
LOC124902403,0.0
LOC124902404,0.0
LOC124902405,0.0
LOC124902406,0.0
LOC124902407,0.0
LOC124902408,0.0
LOC124902409,0.3010300162261459
LOC124902410,0.0
LOC124902411,0.0
LOC124902412,0.0
LOC124902413,0.0
LOC124902414,0.0
LOC124902416,0.0
LOC124902417,0.0
LOC124902418,0.0
LOC124902419,0.0
LOC124902420,0.0
LOC124902421,0.0
LOC124902422,0.0
LOC124902423,0.0
LOC124902424,0.0
LOC124902425,0.0
LOC124902426,0.0
LOC124902427,0.0
LOC124902428,0.0
LOC124902429,0.0
LOC124902430,0.0
LOC124902431,0.0
LOC124902432,0.0
LOC124902433,0.0
LOC124902434,0.0
LOC124902435,0.0
LOC124902436,0.0
LOC124902437,0.0
LOC124902438,0.0
LOC124902439,0.0
LOC124902440,0.0
LOC124902441,0.0
LOC124902442,0.0
LOC124902443,0.0
LOC124902444,0.0
LOC124902445,0.0
LOC124902446,0.0
LOC124902447,0.0
LOC124902448,0.0
LOC124902450,0.0
LOC124902451,0.0
LOC124902452,0.31613531066746625
LOC124902453,0.0
LOC124902454,0.0
LOC124902455,0.0
LOC124902456,0.3011817716537204
LOC124902457,0.0
LOC124902458,0.0
LOC124902459,0.0
LOC124902460,0.0
LOC124902461,0.0
LOC124902462,0.0
LOC124902463,0.0
LOC124902464,0.0
LOC124902465,0.0
LOC124902466,0.0
LOC124902467,0.0
LOC124902468,0.0
LOC124902469,0.0
LOC124902470,0.0
LOC124902471,0.0
LOC124902472,0.8224127626285247
LOC124902473,0.0
LOC124902474,0.0
LOC124902475,0.0
LOC124902476,0.0
LOC124902477,0.0
LOC124902478,0.0
LOC124902479,0.0
LOC124902480,0.0
LOC124902481,0.0
LOC124902482,0.0
LOC124902483,0.0
LOC124902484,0.0
LOC124902485,0.0
LOC124902486,0.31828985551733746
LOC124902487,0.0
LOC124902488,0.0
LOC124902489,0.302704671986008
LOC124902490,0.0
LOC124902491,0.0
LOC124902492,0.0
LOC124902493,0.0
LOC124902494,0.0
LOC124902495,0.30102996328584625
LOC124902496,0.0
LOC124902497,0.0
LOC124902498,0.0
LOC124902499,0.0
LOC124902500,0.0
LOC124902501,0.0
LOC124902502,0.0
LOC124902503,0.3176835142945146
LOC124902504,0.0
LOC124902505,0.0
LOC124902506,0.0
LOC124902507,0.0
LOC124902508,0.47712121714021716
LOC124902509,0.0
LOC124902510,0.0
LOC124902513,0.0
LOC124902514,0.0
LOC124902515,0.0
LOC124902516,0.0
LOC124902517,0.0
LOC124902518,0.3010300020003289
LOC124902519,0.0
LOC124902520,0.0
LOC124902521,0.0
LOC124902522,0.0
LOC124902523,0.0
LOC124902524,0.0
LOC124902525,0.0
LOC124902526,0.0
LOC124902527,0.0
LOC124902528,0.0
LOC124902530,0.0
LOC124902531,0.0
LOC124902532,0.0
LOC124902533,0.0
LOC124902534,0.0
LOC124902535,0.0
LOC124902536,0.0
LOC124902537,0.0
LOC124902538,0.0
LOC124902539,0.0
LOC124902540,0.0
LOC124902541,0.0
LOC124902542,0.0
LOC124902543,0.0
LOC124902544,0.0
LOC124902545,0.0
LOC124902546,0.0
LOC124902547,0.0
LOC124902548,0.0
LOC124902549,0.0
LOC124902550,0.0
LOC124902551,0.0
LOC124902552,0.0
LOC124902553,0.0
LOC124902554,0.0
LOC124902555,0.0
LOC124902556,0.0
LOC124902557,0.0
LOC124902558,0.0
LOC124902559,0.0
LOC124902560,0.0
LOC124902561,0.30102992096084286
LOC124902562,0.0
LOC124902563,0.0
LOC124902564,0.0
LOC124902565,0.0
LOC124902572,0.0
LOC124902573,0.0
LOC124902574,0.0
LOC124902575,0.0
LOC124902576,0.0
LOC124902577,0.0
LOC124902578,0.0
LOC124902579,0.0
LOC124902580,0.0
LOC124902581,0.0
LOC124902582,0.0
LOC124902583,0.0
LOC124902584,0.0
LOC124902585,0.0
LOC124902586,0.0
LOC124902587,0.0
LOC124902588,0.0
LOC124902589,0.0
LOC124902595,0.0
LOC124902596,0.0
LOC124902601,0.0
LOC124902602,0.0
LOC124902603,0.5961391270886984
LOC124902605,0.4771212957201185
LOC124902605-2,0.0
LOC124902605-3,0.0
LOC124902606,0.0
LOC124902607,0.0
LOC124902607-2,0.0
LOC124902608,0.0
LOC124902608-2,0.0
LOC124902608-3,0.0
LOC124902608-4,0.0
LOC124902609,0.0
LOC124902610,0.0
LOC124902611,0.0
LOC124902612,0.0
LOC124902613,0.0
LOC124902614,0.0
LOC124902614-2,0.0
LOC124902615,0.0
LOC124902617,0.0
LOC124902618,0.0
LOC124902619,0.0
LOC124902620,0.0
LOC124902621,0.0
LOC124902622,0.0
LOC124902623,0.0
LOC124902624,0.0
LOC124902625,0.0
LOC124902626,0.0
LOC124902627,0.0
LOC124902628,0.0
LOC124902629,0.30102993344404144
LOC124902630,0.0
LOC124902631,0.0
LOC124902632,0.0
LOC124902633,0.0
LOC124902634,0.0
LOC124902635,0.0
LOC124902636,0.0
LOC124902637,0.0
LOC124902639,0.0
LOC124902640,0.48810378501910145
LOC124902641,0.0
LOC124902642,0.0
LOC124902643,0.0
LOC124902644,0.0
LOC124902645,0.0
LOC124902646,0.0
LOC124902647,0.0
LOC124902648,0.0
LOC124902649,0.0
LOC124902650,0.0
LOC124902651,0.0
LOC124902652,0.0
LOC124902653,0.0
LOC124902654,0.0
LOC124902655,0.0
LOC124902656,0.0
LOC124902657,0.0
LOC124902658,0.0
LOC124902659,0.0
LOC124902660,0.0
LOC124902661,0.0
LOC124902662,0.0
LOC124902663,0.0
LOC124902664,0.0
LOC124902665,0.0
LOC124902666,0.0
LOC124902667,0.0
LOC124902668,0.0
LOC124902669,0.0
LOC124902670,0.0
LOC124902671,0.4355299704518086
LOC124902672,0.0
LOC124902673,0.0
LOC124902674,0.0
LOC124902675,0.0
LOC124902676,0.0
LOC124902677,0.0
LOC124902678,1.2041199770386242
LOC124902679,0.0
LOC124902680,0.3670203677898202
LOC124902681,0.0
LOC124902682,0.0
LOC124902683,0.0
LOC124902684,0.0
LOC124902685,0.0
LOC124902686,0.0
LOC124902687,0.0
LOC124902688,0.0
LOC124902689,0.0
LOC124902690,0.0
LOC124902691,0.0
LOC124902692,0.0
LOC124902693,0.0
LOC124902694,0.0
LOC124902695,0.0
LOC124902696,0.0
LOC124902697,0.0
LOC124902698,0.0
LOC124902699,0.0
LOC124902700,0.0
LOC124902701,0.0
LOC124902702,0.0
LOC124902703,0.0
LOC124902704,0.0
LOC124902705,0.0
LOC124902706,0.0
LOC124902708,0.0
LOC124902709,0.0
LOC124902710,0.0
LOC124902711,0.0
LOC124902712,0.0
LOC124902713,0.0
LOC124902714,0.0
LOC124902715,0.0
LOC124902716,0.0
LOC124902717,0.0
LOC124902719,0.0
LOC124902720,0.0
LOC124902722,0.0
LOC124902723,0.0
LOC124902724,0.0
LOC124902725,0.0
LOC124902726,0.0
LOC124902727,0.0
LOC124902729,0.0
LOC124902730,0.0
LOC124902731,0.0
LOC124902732,0.0
LOC124902733,0.0
LOC124902734,0.0
LOC124902735,0.0
LOC124902736,0.0
LOC124902737,0.0
LOC124902738,0.0
LOC124902739,0.0
LOC124902740,0.0
LOC124902741,0.0
LOC124902742,0.0
LOC124902743,0.0
LOC124902744,0.0
LOC124902745,0.0
LOC124902746,0.0
LOC124902747,0.0
LOC124902748,0.0
LOC124902749,0.0
LOC124902750,0.9576500408111434
LOC124902752,0.0
LOC124902753,0.0
LOC124902754,0.0
LOC124902755,0.0
LOC124902756,0.0
LOC124902757,0.0
LOC124902758,0.0
LOC124902759,0.0
LOC124902760,0.0
LOC124902761,0.0
LOC124902763,2.779596502744334
LOC124902764,0.0
LOC124902765,0.0
LOC124902766,0.0
LOC124902767,0.0
LOC124902768,0.0
LOC124902769,0.0
LOC124902770,0.0
LOC124902771,0.0
LOC124902772,0.0
LOC124902773,0.0
LOC124902774,0.0
LOC124902775,0.0
LOC124902776,0.0
LOC124902777,0.0
LOC124902778,0.0
LOC124902779,0.0
LOC124902780,0.0
LOC124902781,0.0
LOC124902782,0.0
LOC124902783,0.0
LOC124902784,0.0
LOC124902785,0.30102995508205105
LOC124902786,0.0
LOC124902787,0.0
LOC124902788,0.0
LOC124902789,0.0
LOC124902790,0.0
LOC124902791,0.0
LOC124902792,0.0
LOC124902793,0.0
LOC124902794,0.0
LOC124902795,0.0
LOC124902796,1.7558748579789927
LOC124902797,3.019918156530523
LOC124902798,0.0
LOC124902799,0.0
LOC124902800,0.0
LOC124902801,0.0
LOC124902802,0.763600845333959
LOC124902805,0.0
LOC124902805-2,0.0
LOC124902806,0.0
LOC124902807,0.0
LOC124902808,0.0
LOC124902809,0.0
LOC124902811,0.0
LOC124902812,0.0
LOC124902813,0.30102994496188634
LOC124902818,0.0
LOC124902821,0.0
LOC124902824,0.0
LOC124902825,0.0
LOC124902826,0.0
LOC124902827,0.0
LOC124902828,0.0
LOC124902829,0.0
LOC124902830,0.0
LOC124902831,0.0
LOC124902832,0.0
LOC124902833,0.0
LOC124902834,0.0
LOC124902835,0.0
LOC124902836,0.0
LOC124902839,0.0
LOC124902840,0.0
LOC124902847,0.0
LOC124902852,0.0
LOC124902853,0.30103003710369636
LOC124902854,0.30103001676574154
LOC124902855,0.30139006418391817
LOC124902856,0.30102982987541854
LOC124902857,0.0
LOC124902857-2,0.0
LOC124902858,0.0
LOC124902858-2,0.0
LOC124902859,0.0
LOC124902860,0.0
LOC124902861,0.0
LOC124902862,0.0
LOC124902863,0.0
LOC124902864,0.0
LOC124902865,0.0
LOC124902866,0.0
LOC124902867,0.0
LOC124902868,0.0
LOC124902869,0.0
LOC124902870,0.0
LOC124902871,0.6020599630502008
LOC124902872,0.0
LOC124902873,0.0
LOC124902874,0.0
LOC124902875,0.0
LOC124902876,0.0
LOC124902877,0.0
LOC124902878,0.0
LOC124902879,0.0
LOC124902880,0.0
LOC124902881,0.0
LOC124902882,0.0
LOC124902883,0.0
LOC124902884,0.3316760015253538
LOC124902885,0.0
LOC124902886,0.0
LOC124902887,0.0
LOC124902888,0.0
LOC124902889,0.0
LOC124902890,0.3010299420518311
LOC124902891,0.0
LOC124902892,0.0
LOC124902893,0.0
LOC124902894,0.0
LOC124902895,0.0
LOC124902896,0.0
LOC124902897,0.0
LOC124902898,0.0
LOC124902899,0.30102999894818555
LOC124902900,0.0
LOC124902901,0.0
LOC124902902,0.0
LOC124902903,0.0
LOC124902905,0.0
LOC124902906,0.0
LOC124902907,0.0
LOC124902908,0.0
LOC124902909,0.0
LOC124902911,0.0
LOC124902912,0.0
LOC124902912-2,0.0
LOC124902913,0.0
LOC124902914,0.0
LOC124902915,0.0
LOC124902916,0.0
LOC124902917,0.0
LOC124902918,0.0
LOC124902919,0.0
LOC124902920,0.0
LOC124902921,0.0
LOC124902922,0.0
LOC124902923,0.30103002311768456
LOC124902924,0.0
LOC124902925,0.0
LOC124902926,0.0
LOC124902927,0.0
LOC124902928,0.0
LOC124902929,0.0
LOC124902930,0.0
LOC124902931,0.0
LOC124902932,0.0
LOC124902933,0.0
LOC124902934,0.0
LOC124902935,0.0
LOC124902936,0.0
LOC124902937,0.0
LOC124902938,0.0
LOC124902939,0.0
LOC124902940,0.0
LOC124902941,0.0
LOC124902942,0.0
LOC124902943,0.0
LOC124902944,0.0
LOC124902945,0.4771212784284765
LOC124902946,0.0
LOC124902947,0.0
LOC124902948,0.0
LOC124902949,0.0
LOC124902950,0.0
LOC124902952,0.0
LOC124902953,0.0
LOC124902954,0.0
LOC124902955,0.0
LOC124902956,0.0
LOC124902957,0.0
LOC124902958,0.0
LOC124902959,0.0
LOC124902960,0.0
LOC124902961,0.301029973756412
LOC124902962,0.0
LOC124902963,0.0
LOC124902964,0.0
LOC124902965,0.0
LOC124902966,0.0
LOC124902967,0.0
LOC124902968,0.0
LOC124902969,0.0
LOC124902970,0.0
LOC124902971,0.0
LOC124902972,0.0
LOC124902973,0.0
LOC124902974,0.0
LOC124902975,0.0
LOC124902976,0.0
LOC124902977,0.0
LOC124902978,0.4771211978243354
LOC124902979,0.0
LOC124902980,0.30102991186653577
LOC124902981,0.0
LOC124902982,0.0
LOC124902983,0.0
LOC124902984,0.0
LOC124902985,0.0
LOC124902986,0.0
LOC124902987,0.0
LOC124902988,0.0
LOC124902989,0.0
LOC124902990,0.0
LOC124902991,0.0
LOC124902992,0.0
LOC124902993,0.0
LOC124902994,0.0
LOC124902996,0.0
LOC124902997,0.0
LOC124902998,0.0
LOC124902999,0.0
LOC124903000,0.0
LOC124903001,0.0
LOC124903002,0.0
LOC124903003,0.0
LOC124903005,0.0
LOC124903006,0.0
LOC124903007,0.0
LOC124903008,0.0
LOC124903009,0.0
LOC124903010,0.0
LOC124903011,0.0
LOC124903012,0.0
LOC124903013,0.0
LOC124903014,0.0
LOC124903015,0.0
LOC124903016,0.0
LOC124903017,0.0
LOC124903018,0.0
LOC124903019,0.0
LOC124903020,0.0
LOC124903021,0.0
LOC124903022,0.0
LOC124903023,0.0
LOC124903024,0.0
LOC124903025,0.0
LOC124903026,0.0
LOC124903028,0.0
LOC124903029,0.0
LOC124903030,0.0
LOC124903031,0.0
LOC124903032,0.0
LOC124903033,0.0
LOC124903034,0.0
LOC124903035,0.0
LOC124903036,0.0
LOC124903037,0.0
LOC124903038,0.0
LOC124903039,0.0
LOC124903040,0.0
LOC124903041,0.0
LOC124903042,0.0
LOC124903043,0.0
LOC124903043-2,0.0
LOC124903044,0.0
LOC124903045,0.0
LOC124903046,0.477121220403234
LOC124903047,0.0
LOC124903048,0.0
LOC124903049,0.0
LOC124903050,0.0
LOC124903051,0.0
LOC124903052,0.0
LOC124903053,0.0
LOC124903054,0.0
LOC124903055,0.0
LOC124903056,0.0
LOC124903057,0.0
LOC124903058,0.0
LOC124903059,0.0
LOC124903060,0.0
LOC124903061,0.0
LOC124903062,0.0
LOC124903063,0.0
LOC124903064,0.0
LOC124903065,0.6020599903489909
LOC124903066,0.0
LOC124903067,0.0
LOC124903069,0.0
LOC124903070,0.0
LOC124903071,0.0
LOC124903072,0.0
LOC124903073,0.0
LOC124903074,0.0
LOC124903075,0.0
LOC124903076,0.0
LOC124903077,0.0
LOC124903078,0.0
LOC124903079,0.0
LOC124903080,0.0
LOC124903081,0.0
LOC124903082,0.3010299824149774
LOC124903083,0.0
LOC124903084,0.0
LOC124903085,0.0
LOC124903086,0.0
LOC124903087,0.0
LOC124903088,0.0
LOC124903090,0.0
LOC124903091,0.0
LOC124903094,0.0
LOC124903096,0.0
LOC124903097,0.0
LOC124903098,0.0
LOC124903099,0.0
LOC124903100,0.0
LOC124903101,0.0
LOC124903102,0.0
LOC124903103,0.0
LOC124903104,0.0
LOC124903105,0.0
LOC124903106,0.0
LOC124903107,0.0
LOC124903108,0.0
LOC124903110,0.0
LOC124903111,0.0
LOC124903113,0.0
LOC124903114,0.0
LOC124903116,0.0
LOC124903119,0.0
LOC124903120,0.0
LOC124903128,0.0
LOC124903129,0.0
LOC124903130,0.0
LOC124903131,0.0
LOC124903132,0.0
LOC124903133,0.0
LOC124903134,0.0
LOC124903135,0.0
LOC124903136,0.0
LOC124903137,0.0
LOC124903138,0.0
LOC124903139,0.0
LOC124903140,0.0
LOC124903141,0.0
LOC124903142,0.0
LOC124903143,0.0
LOC124903144,0.0
LOC124903145,0.0
LOC124903146,0.0
LOC124903147,0.0
LOC124903148,0.0
LOC124903149,0.0
LOC124903150,0.0
LOC124903151,0.0
LOC124903152,0.0
LOC124903153,0.0
LOC124903154,0.0
LOC124903155,0.0
LOC124903156,0.0
LOC124903157,0.0
LOC124903158,0.0
LOC124903159,0.0
LOC124903160,0.0
LOC124903161,0.0
LOC124903162,0.0
LOC124903163,0.0
LOC124903164,0.0
LOC124903165,0.0
LOC124903166,0.0
LOC124903167,0.0
LOC124903168,0.0
LOC124903169,0.0
LOC124903170,0.0
LOC124903171,0.0
LOC124903172,0.0
LOC124903173,0.0
LOC124903174,0.0
LOC124903175,0.0
LOC124903176,0.0
LOC124903177,0.0
LOC124903178,0.0
LOC124903179,0.0
LOC124903181,0.0
LOC124903182,0.0
LOC124903183,0.3010300010522141
LOC124903184,0.0
LOC124903185,0.0
LOC124903186,0.0
LOC124903187,0.0
LOC124903188,0.0
LOC124903189,0.0
LOC124903190,0.0
LOC124903191,0.0
LOC124903192,0.0
LOC124903193,0.0
LOC124903194,0.0
LOC124903195,0.0
LOC124903196,0.0
LOC124903197,0.0
LOC124903198,0.0
LOC124903199,0.3010301735601434
LOC124903200,0.0
LOC124903201,0.0
LOC124903202,0.0
LOC124903203,0.0
LOC124903204,0.0
LOC124903205,0.0
LOC124903206,0.0
LOC124903207,0.0
LOC124903208,0.0
LOC124903210,0.30102976884172694
LOC124903211,0.0
LOC124903212,0.0
LOC124903213,0.0
LOC124903214,0.0
LOC124903215,0.0
LOC124903216,0.0
LOC124903217,0.0
LOC124903218,0.0
LOC124903219,0.0
LOC124903220,0.0
LOC124903221,0.0
LOC124903221-2,0.0
LOC124903222,2.4562505805385806
LOC124903224,0.0
LOC124903225,0.0
LOC124903226,0.0
LOC124903227,0.0
LOC124903228,0.0
LOC124903229,0.0
LOC124903230,0.0
LOC124903231,0.0
LOC124903232,2.7845856639553364
LOC124903233,0.0
LOC124903235,0.0
LOC124903236,0.0
LOC124903237,0.0
LOC124903238,0.0
LOC124903239,0.0
LOC124903240,0.0
LOC124903241,0.0
LOC124903242,0.0
LOC124903243,0.0
LOC124903244,0.0
LOC124903245,0.0
LOC124903246,0.0
LOC124903247,0.0
LOC124903248,0.0
LOC124903249,0.0
LOC124903250,0.0
LOC124903251,0.0
LOC124903252,0.0
LOC124903253,0.0
LOC124903255,0.0
LOC124903256,0.0
LOC124903257,0.0
LOC124903258,0.0
LOC124903259,0.0
LOC124903260,0.0
LOC124903261,0.0
LOC124903262,0.0
LOC124903263,0.0
LOC124903264,0.0
LOC124903265,0.0
LOC124903266,0.0
LOC124903267,0.0
LOC124903268,0.0
LOC124903269,0.0
LOC124903270,0.0
LOC124903275,0.0
LOC124903276,0.0
LOC124903277,0.0
LOC124903278,0.0
LOC124903278-2,0.0
LOC124903279,1.4299272798819698
LOC124903280,0.0
LOC124903281,0.0
LOC124903282,0.0
LOC124903283,0.0
LOC124903284,0.0
LOC124903285,0.0
LOC124903286,0.30103005108817255
LOC124903287,0.0
LOC124903288,0.0
LOC124903289,0.0
LOC124903290,0.30102993551521556
LOC124903291,0.0
LOC124903292,0.0
LOC124903292-2,0.0
LOC124903293,0.0
LOC124903294,0.0
LOC124903295,0.0
LOC124903296,0.0
LOC124903297,0.0
LOC124903298,0.0
LOC124903299,0.0
LOC124903300,0.8450979216155005
LOC124903301,0.0
LOC124903302,0.0
LOC124903303,0.0
LOC124903304,0.0
LOC124903305,0.0
LOC124903306,0.0
LOC124903307,0.0
LOC124903308,0.0
LOC124903309,0.0
LOC124903309-2,0.0
LOC124903310,0.0
LOC124903311,0.0
LOC124903312,0.0
LOC124903313,0.0
LOC124903314,0.0
LOC124903315,0.0
LOC124903316,0.0
LOC124903317,0.0
LOC124903318,0.0
LOC124903319,0.0
LOC124903320,0.0
LOC124903322,0.0
LOC124903323,0.0
LOC124903324,0.0
LOC124903325,0.0
LOC124903326,0.0
LOC124903327,0.0
LOC124903328,0.0
LOC124903329,0.6020599764246345
LOC124903330,0.0
LOC124903331,0.3010300064592846
LOC124903332,0.30102944175109836
LOC124903333,0.3010299622029815
LOC124903334,0.0
LOC124903335,0.0
LOC124903336,0.0
LOC124903338,0.0
LOC124903339,0.0
LOC124903340,0.0
LOC124903341,0.0
LOC124903342,0.0
LOC124903343,0.0
LOC124903344,0.0
LOC124903345,0.0
LOC124903346,0.0
LOC124903347,0.0
LOC124903348,0.0
LOC124903349,0.0
LOC124903350,0.0
LOC124903351,0.0
LOC124903352,0.0
LOC124903353,0.0
LOC124903354,0.0
LOC124903355,0.0
LOC124903356,0.0
LOC124903357,0.0
LOC124903358,0.0
LOC124903359,0.0
LOC124903360,0.0
LOC124903361,0.0
LOC124903362,0.0
LOC124903363,0.0
LOC124903364,0.0
LOC124903365,0.0
LOC124903366,0.0
LOC124903367,0.0
LOC124903368,0.0
LOC124903368-2,0.0
LOC124903369,0.0
LOC124903370,0.0
LOC124903371,0.0
LOC124903372,0.0
LOC124903373,0.0
LOC124903374,0.0
LOC124903375,0.0
LOC124903376,0.0
LOC124903377,0.0
LOC124903378,0.0
LOC124903379,0.0
LOC124903380,0.0
LOC124903381,0.0
LOC124903382,0.0
LOC124903383,0.3010300691569636
LOC124903384,0.0
LOC124903385,0.0
LOC124903386,0.0
LOC124903387,0.0
LOC124903388,0.0
LOC124903389,0.0
LOC124903390,0.3011479894114049
LOC124903391,0.0
LOC124903392,0.0
LOC124903393,0.0
LOC124903394,0.0
LOC124903395,0.0
LOC124903395-2,0.0
LOC124903396,0.0
LOC124903397,0.0
LOC124903398,0.0
LOC124903399,0.3044163533819652
LOC124903400,0.0
LOC124903401,0.0
LOC124903402,0.0
LOC124903403,0.0
LOC124903404,0.0
LOC124903405,0.0
LOC124903406,0.0
LOC124903407,0.0
LOC124903408,0.0
LOC124903410,0.0
LOC124903411,0.0
LOC124903412,0.0
LOC124903414,0.0
LOC124903416,0.0
LOC124903418,0.0
LOC124903419,0.0
LOC124903420,0.0
LOC124903421,0.0
LOC124903422,0.0
LOC124903423,0.0
LOC124903424,0.0
LOC124903425,0.0
LOC124903426,0.0
LOC124903427,0.0
LOC124903428,0.0
LOC124903431,0.0
LOC124903435,0.0
LOC124903436,0.0
LOC124903436-2,0.0
LOC124903441,0.0
LOC124903441-2,0.0
LOC124903441-3,0.0
LOC124903442,0.0
LOC124903442-2,0.0
LOC124903443,0.0
LOC124903443-2,0.0
LOC124903445,0.0
LOC124903446,0.0
LOC124903447,0.0
LOC124903448,0.0
LOC124903449,0.0
LOC124903450,0.0
LOC124903450-2,0.0
LOC124903450-3,0.0
LOC124903451,0.0
LOC124903452,0.0
LOC124903452-2,0.0
LOC124903452-3,0.0
LOC124903453,0.0
LOC124903453-2,0.0
LOC124903453-3,0.0
LOC124903454,0.0
LOC124903455,0.0
LOC124903456,0.0
LOC124903457,1.7634279541204365
LOC124903458,0.0
LOC124903459,0.0
LOC124903460,0.0
LOC124903461,0.0
LOC124903462,0.0
LOC124903463,0.0
LOC124903464,0.0
LOC124903465,0.0
LOC124903466,0.0
LOC124903467,0.0
LOC124903468,0.0
LOC124903469,0.0
LOC124903470,0.0
LOC124903471,0.0
LOC124903472,0.0
LOC124903473,0.0
LOC124903474,0.0
LOC124903475,0.0
LOC124903476,0.0
LOC124903477,0.0
LOC124903478,0.0
LOC124903479,0.0
LOC124903480,0.0
LOC124903481,0.0
LOC124903482,0.0
LOC124903483,0.0
LOC124903484,0.0
LOC124903485,0.0
LOC124903486,0.0
LOC124903487,0.0
LOC124903488,0.0
LOC124903489,0.0
LOC124903490,0.0
LOC124903491,0.0
LOC124903492,0.0
LOC124903493,0.0
LOC124903494,0.0
LOC124903495,0.0
LOC124903496,0.0
LOC124903497,0.0
LOC124903498,0.3010299857710987
LOC124903499,0.0
LOC124903500,0.0
LOC124903501,0.0
LOC124903502,0.0
LOC124903503,0.0
LOC124903504,0.0
LOC124903505,0.0
LOC124903506,0.0
LOC124903507,0.0
LOC124903508,0.0
LOC124903509,0.0
LOC124903510,0.0
LOC124903511,0.0
LOC124903512,0.0
LOC124903513,0.0
LOC124903514,0.0
LOC124903515,0.30103000718611544
LOC124903516,0.0
LOC124903517,0.0
LOC124903518,0.3010300305834668
LOC124903519,0.0
LOC124903520,0.0
LOC124903521,0.0
LOC124903522,0.0
LOC124903523,0.0
LOC124903524,0.30102988212517123
LOC124903525,0.0
LOC124903526,0.0
LOC124903527,0.30103006624093726
LOC124903528,0.0
LOC124903529,0.0
LOC124903530,0.0
LOC124903531,0.0
LOC124903532,0.0
LOC124903533,0.0
LOC124903534,0.30103006649644126
LOC124903535,0.0
LOC124903536,0.3010302074033834
LOC124903537,0.0
LOC124903538,0.0
LOC124903539,0.0
LOC124903540,0.0
LOC124903541,0.0
LOC124903542,0.0
LOC124903543,0.0
LOC124903544,0.0
LOC124903544-2,0.0
LOC124903545,0.0
LOC124903546,0.0
LOC124903547,0.0
LOC124903548,0.0
LOC124903549,0.0
LOC124903550,0.0
LOC124903551,0.0
LOC124903552,0.0
LOC124903554,0.0
LOC124903555,0.0
LOC124903556,0.0
LOC124903557,0.0
LOC124903558,0.0
LOC124903559,0.0
LOC124903560,0.0
LOC124903561,0.0
LOC124903563,0.0
LOC124903564,0.0
LOC124903565,0.0
LOC124903566,0.0
LOC124903567,0.0
LOC124903568,0.0
LOC124903569,0.0
LOC124903570,0.0
LOC124903571,0.0
LOC124903573,0.0
LOC124903575,0.0
LOC124903576,0.0
LOC124903577,0.0
LOC124903578,0.0
LOC124903579,0.0
LOC124903580,0.0
LOC124903581,0.0
LOC124903582,0.0
LOC124903583,0.0
LOC124903584,0.0
LOC124903585,0.0
LOC124903590,0.0
LOC124903594,0.0
LOC124903595,0.0
LOC124903596,0.0
LOC124903598,0.0
LOC124903599,0.0
LOC124903600,0.0
LOC124903601,0.0
LOC124903602,0.0
LOC124903604,0.0
LOC124903605,0.0
LOC124903606,0.0
LOC124903606-2,0.0
LOC124903606-3,0.0
LOC124903607,0.0
LOC124903609,0.0
LOC124903610,0.0
LOC124903610-2,0.0
LOC124903610-3,0.0
LOC124903611,0.0
LOC124903612,0.0
LOC124903617,0.0
LOC124903618,0.0
LOC124903619,0.0
LOC124903620,0.0
LOC124903621,0.0
LOC124903622,0.30102996862140236
LOC124903623,0.0
LOC124903624,0.0
LOC124903625,0.0
LOC124903626,0.0
LOC124903627,0.0
LOC124903628,0.0
LOC124903629,0.8055691747515994
LOC124903630,0.0
LOC124903631,0.0
LOC124903632,0.0
LOC124903633,0.0
LOC124903634,0.0
LOC124903635,0.0
LOC124903635-2,0.0
LOC124903636,0.0
LOC124903636-2,0.0
LOC124903637,0.0
LOC124903638,0.0
LOC124903640,0.0
LOC124903641,0.0
LOC124903643,0.0
LOC124903644,0.0
LOC124903645,0.0
LOC124903646,0.0
LOC124903647,0.0
LOC124903649,0.0
LOC124903649-2,0.0
LOC124903650,0.0
LOC124903650-2,0.0
LOC124903651,0.0
LOC124903651-2,0.0
LOC124903652,0.0
LOC124903653,0.0
LOC124903654,0.8791604378254031
LOC124903654-2,0.5351518714316897
LOC124903655,0.0
LOC124903656,0.0
LOC124903657,0.0
LOC124903658,0.0
LOC124903659,0.0
LOC124903660,0.0
LOC124903662,0.0
LOC124903663,0.0
LOC124903664,0.0
LOC124903665,0.0
LOC124903666,0.0
LOC124903667,0.0
LOC124903668,0.0
LOC124903669,0.0
LOC124903670,0.30102997955629646
LOC124903671,0.0
LOC124903672,0.0
LOC124903673,0.0
LOC124903674,0.0
LOC124903675,0.0
LOC124903676,0.0
LOC124903677,0.0
LOC124903678,0.0
LOC124903679,0.0
LOC124903680,0.0
LOC124903681,0.0
LOC124903683,0.0
LOC124903685,0.0
LOC124903686,0.0
LOC124903687,0.0
LOC124903689,0.0
LOC124903690,0.0
LOC124903691,0.0
LOC124903692,0.0
LOC124903693,0.0
LOC124903694,0.0
LOC124903695,0.0
LOC124903696,0.0
LOC124903697,0.7781512504827902
LOC124903698,0.0
LOC124903699,0.0
LOC124903700,0.0
LOC124903701,0.47712123708351034
LOC124903702,0.0
LOC124903703,0.0
LOC124903704,0.0
LOC124903705,0.0
LOC124903706,0.0
LOC124903707,0.0
LOC124903708,0.0
LOC124903709,0.0
LOC124903710,0.0
LOC124903711,0.0
LOC124903712,0.0
LOC124903713,0.0
LOC124903714,0.0
LOC124903715,0.0
LOC124903716,0.0
LOC124903717,0.0
LOC124903718,0.0
LOC124903719,0.0
LOC124903720,0.0
LOC124903721,0.0
LOC124903722,0.0
LOC124903723,0.0
LOC124903724,0.0
LOC124903725,0.0
LOC124903726,0.0
LOC124903727,0.0
LOC124903728,0.0
LOC124903729,0.0
LOC124903730,0.0
LOC124903731,0.0
LOC124903733,0.0
LOC124903734,0.0
LOC124903735,0.0
LOC124903736,0.0
LOC124903737,0.0
LOC124903738,0.0
LOC124903739,0.0
LOC124903740,0.0
LOC124903741,0.0
LOC124903742,0.0
LOC124903743,0.0
LOC124903744,0.0
LOC124903745,0.0
LOC124903746,0.0
LOC124903747,0.0
LOC124903748,0.0
LOC124903749,0.0
LOC124903750,0.0
LOC124903751,0.0
LOC124903752,0.0
LOC124903753,0.0
LOC124903754,0.0
LOC124903755,0.0
LOC124903756,0.0
LOC124903757,0.0
LOC124903758,0.0
LOC124903759,0.0
LOC124903760,0.0
LOC124903761,0.0
LOC124903762,0.0
LOC124903765,0.0
LOC124903766,0.0
LOC124903767,0.0
LOC124903768,0.0
LOC124903769,0.0
LOC124903770,0.0
LOC124903771,0.0
LOC124903772,0.0
LOC124903773,0.0
LOC124903775,0.0
LOC124903777,0.0
LOC124903778,0.0
LOC124903779,0.0
LOC124903780,0.0
LOC124903782,0.0
LOC124903784,0.0
LOC124903785,0.0
LOC124903786,0.0
LOC124903787,0.0
LOC124903789,0.0
LOC124903790,0.0
LOC124903791,0.0
LOC124903792,0.0
LOC124903793,0.0
LOC124903794,0.0
LOC124903795,0.0
LOC124903796,0.0
LOC124903797,0.0
LOC124903798,0.0
LOC124903799,0.0
LOC124903800,0.0
LOC124903800-2,0.0
LOC124903801,0.0
LOC124903801-2,0.0
LOC124903802,0.0
LOC124903803,0.0
LOC124903805,0.0
LOC124903806,0.0
LOC124903808,0.0
LOC124903813,0.0
LOC124903814,0.0
LOC124903815,0.0
LOC124903816,0.0
LOC124903817,0.0
LOC124903818,0.0
LOC124903819,0.0
LOC124903820,0.0
LOC124903821,0.0
LOC124903822,0.0
LOC124903823,0.0
LOC124903824,0.0
LOC124903825,0.0
LOC124903826,0.0
LOC124903827,0.0
LOC124903828,0.0
LOC124903829,0.0
LOC124903830,0.0
LOC124903831,0.0
LOC124903832,1.9726363541029766
LOC124903833,0.0
LOC124903834,0.0
LOC124903835,0.0
LOC124903836,0.0
LOC124903837,0.0
LOC124903838,0.0
LOC124903839,0.0
LOC124903840,0.0
LOC124903841,0.0
LOC124903842,0.0
LOC124903843,0.0
LOC124903844,0.0
LOC124903845,0.0
LOC124903846,0.0
LOC124903847,0.7450604175957232
LOC124903848,0.0
LOC124903849,0.0
LOC124903850,0.0
LOC124903851,0.0
LOC124903852,0.0
LOC124903853,0.0
LOC124903854,0.0
LOC124903855,0.0
LOC124903856,0.0
LOC124903857,0.0
LOC124903857-2,0.0
LOC124903858,0.0
LOC124903859,0.0
LOC124903861,0.0
LOC124903861-2,0.0
LOC124903862,0.0
LOC124903863,0.0
LOC124903864,0.0
LOC124903865,0.0
LOC124903866,0.0
LOC124903867,0.0
LOC124903868,0.0
LOC124903869,0.0
LOC124903870,0.0
LOC124903871,0.0
LOC124903872,0.0
LOC124903874,0.0
LOC124903875,0.0
LOC124903875-2,0.0
LOC124903876,0.0
LOC124903876-2,0.0
LOC124903877,0.0
LOC124903878,0.0
LOC124903879,0.0
LOC124903880,0.0
LOC124903881,0.3010299587407839
LOC124903882,0.0
LOC124903883,0.0
LOC124903884,0.0
LOC124903885,0.0
LOC124903886,0.0
LOC124903887,0.0
LOC124903888,0.0
LOC124903889,0.0
LOC124903890,0.0
LOC124903890-2,0.0
LOC124903891,0.0
LOC124903892,0.0
LOC124903893,0.0
LOC124903894,0.0
LOC124903895,0.0
LOC124903896,0.0
LOC124903897,0.0
LOC124903898,0.0
LOC124903899,0.0
LOC124903900,0.0
LOC124903901,0.0
LOC124903902,0.0
LOC124903903,0.0
LOC124903904,0.0
LOC124903905,0.0
LOC124903906,1.2787535950273585
LOC124903907,1.1900568912172524
LOC124903908,0.0
LOC124903909,0.0
LOC124903910,0.0
LOC124903911,0.0
LOC124903912,0.0
LOC124903913,0.0
LOC124903914,0.0
LOC124903915,0.0
LOC124903916,0.0
LOC124903917,0.0
LOC124903918,0.0
LOC124903919,0.0
LOC124903920,0.0
LOC124903921,0.0
LOC124903922,0.0
LOC124903923,0.0
LOC124903924,0.0
LOC124903925,0.0
LOC124903926,0.0
LOC124903927,0.0
LOC124903928,0.0
LOC124903929,0.0
LOC124903930,0.0
LOC124903931,0.0
LOC124903932,0.0
LOC124903933,0.0
LOC124903934,0.0
LOC124903935,0.0
LOC124903936,0.0
LOC124903937,0.0
LOC124903938,0.0
LOC124903939,0.0
LOC124903940,0.0
LOC124903941,0.0
LOC124903942,0.0
LOC124903943,0.0
LOC124903944,0.0
LOC124903945,0.0
LOC124903946,0.0
LOC124903947,0.0
LOC124903948,0.0
LOC124903949,0.0
LOC124903950,0.0
LOC124903951,0.0
LOC124903952,0.0
LOC124903953,0.0
LOC124903954,0.0
LOC124903955,0.0
LOC124903956,0.0
LOC124903957,0.0
LOC124903958,0.0
LOC124903959,0.0
LOC124903960,0.0
LOC124903961,0.0
LOC124903962,0.0
LOC124903963,0.0
LOC124903964,0.0
LOC124903965,0.0
LOC124903966,0.0
LOC124903967,0.0
LOC124903969,0.0
LOC124903970,0.30102995288909845
LOC124903971,0.0
LOC124903972,0.0
LOC124903973,0.30102999089620885
LOC124903974,0.0
LOC124903975,0.0
LOC124903976,0.0
LOC124903977,0.0
LOC124903978,0.0
LOC124903979,0.0
LOC124903980,0.0
LOC124903981,0.0
LOC124903982,0.0
LOC124903983,0.0
LOC124903984,0.0
LOC124903985,2.766412792702078
LOC124903986,0.0
LOC124903987,0.0
LOC124903989,0.0
LOC124903990,0.0
LOC124903991,0.0
LOC124903992,0.0
LOC124903993,0.3010299751018644
LOC124903994,0.0
LOC124903995,0.0
LOC124903996,0.0
LOC124903997,0.0
LOC124903998,0.0
LOC124903999,0.0
LOC124904000,0.0
LOC124904001,1.380211301282875
LOC124904002,0.0
LOC124904003,0.0
LOC124904004,0.0
LOC124904005,0.0
LOC124904006,0.0
LOC124904007,0.0
LOC124904008,0.0
LOC124904009,0.0
LOC124904010,0.0
LOC124904012,0.0
LOC124904013,0.0
LOC124904014,0.0
LOC124904014-2,0.0
LOC124904014-3,0.0
LOC124904015,0.0
LOC124904016,0.0
LOC124904017,0.0
LOC124904018,0.0
LOC124904019,0.0
LOC124904020,0.0
LOC124904021,0.0
LOC124904022,0.0
LOC124904023,0.0
LOC124904024,0.0
LOC124904025,0.0
LOC124904026,0.0
LOC124904027,0.0
LOC124904028,0.0
LOC124904029,0.0
LOC124904030,0.0
LOC124904031,0.0
LOC124904032,0.0
LOC124904033,0.0
LOC124904034,0.0
LOC124904035,0.0
LOC124904036,0.0
LOC124904037,0.0
LOC124904038,0.0
LOC124904039,0.0
LOC124904040,0.0
LOC124904041,0.3486876154305119
LOC124904042,0.0
LOC124904043,0.49011855892077194
LOC124904044,0.0
LOC124904045,0.0
LOC124904046,0.0
LOC124904047,0.0
LOC124904048,0.0
LOC124904049,0.0
LOC124904050,0.0
LOC124904051,0.0
LOC124904052,0.0
LOC124904053,0.0
LOC124904054,0.0
LOC124904055,0.0
LOC124904056,0.0
LOC124904057,0.0
LOC124904058,0.0
LOC124904059,0.0
LOC124904060,0.0
LOC124904061,0.0
LOC124904062,0.0
LOC124904064,0.0
LOC124904065,0.0
LOC124904066,0.0
LOC124904067,0.0
LOC124904068,0.0
LOC124904069,0.0
LOC124904070,0.0
LOC124904071,0.0
LOC124904072,0.0
LOC124904073,0.0
LOC124904074,0.0
LOC124904074-2,0.0
LOC124904075,0.0
LOC124904076,0.0
LOC124904077,0.0
LOC124904078,0.0
LOC124904079,0.0
LOC124904080,0.0
LOC124904081,0.0
LOC124904082,0.3010299359029101
LOC124904083,0.0
LOC124904084,0.0
LOC124904085,0.0
LOC124904086,0.0
LOC124904087,0.0
LOC124904088,1.1474598491474997
LOC124904089,0.0
LOC124904090,0.0
LOC124904091,0.0
LOC124904092,0.0
LOC124904093,0.0
LOC124904094,0.0
LOC124904094-2,0.0
LOC124904095,0.0
LOC124904095-2,0.0
LOC124904096,0.0
LOC124904097,0.0
LOC124904098,0.0
LOC124904099,0.0
LOC124904100,0.0
LOC124904101,0.0
LOC124904102,0.0
LOC124904103,0.0
LOC124904104,0.0
LOC124904105,0.0
LOC124904106,0.0
LOC124904107,0.0
LOC124904108,0.0
LOC124904108-2,0.0
LOC124904109,0.0
LOC124904111,0.0
LOC124904112,0.0
LOC124904114,0.0
LOC124904115,0.0
LOC124904116,0.0
LOC124904117,0.0
LOC124904118,0.0
LOC124904120,0.0
LOC124904121,0.0
LOC124904121-2,0.0
LOC124904122,0.3010294216333766
LOC124904123,0.0
LOC124904124,0.0
LOC124904125,0.0
LOC124904127,0.0
LOC124904128,0.0
LOC124904129,0.0
LOC124904130,0.0
LOC124904135,0.0
LOC124904136,0.0
LOC124904137,0.0
LOC124904138,0.0
LOC124904139,0.0
LOC124904140,0.0
LOC124904141,0.0
LOC124904142,0.0
LOC124904143,0.0
LOC124904144,0.0
LOC124904145,0.0
LOC124904146,0.0
LOC124904147,0.0
LOC124904149,0.0
LOC124904151,0.0
LOC124904157,0.0
LOC124904158,0.0
LOC124904159,0.0
LOC124904160,0.0
LOC124904161,0.0
LOC124904162,0.0
LOC124904163,0.0
LOC124904164,0.0
LOC124904165,0.0
LOC124904166,0.0
LOC124904167,0.0
LOC124904168,0.0
LOC124904169,0.0
LOC124904170,0.0
LOC124904171,0.0
LOC124904172,0.0
LOC124904173,0.0
LOC124904174,0.0
LOC124904175,0.0
LOC124904177,0.0
LOC124904178,0.0
LOC124904179,0.30102995868010796
LOC124904180,0.0
LOC124904181,0.0
LOC124904182,0.0
LOC124904183,0.0
LOC124904184,0.0
LOC124904185,0.0
LOC124904186,0.0
LOC124904187,0.0
LOC124904188,0.0
LOC124904189,0.0
LOC124904190,0.0
LOC124904191,0.0
LOC124904192,0.0
LOC124904193,0.0
LOC124904194,0.0
LOC124904195,0.0
LOC124904196,0.7781511841594208
LOC124904197,0.0
LOC124904198,0.0
LOC124904199,0.0
LOC124904200,0.0
LOC124904201,0.0
LOC124904202,0.0
LOC124904203,0.0
LOC124904204,0.0
LOC124904205,0.0
LOC124904206,0.0
LOC124904207,0.0
LOC124904208,0.0
LOC124904210,0.0
LOC124904211,0.0
LOC124904212,0.0
LOC124904213,0.0
LOC124904214,2.4199557576243973
LOC124904215,0.0
LOC124904216,0.0
LOC124904217,0.0
LOC124904218,0.3015808874920379
LOC124904219,0.0
LOC124904221,0.0
LOC124904222,0.0
LOC124904223,0.0
LOC124904224,0.0
LOC124904225,0.0
LOC124904226,0.0
LOC124904227,0.0
LOC124904228,0.0
LOC124904229,0.0
LOC124904230,0.0
LOC124904231,0.0
LOC124904232,0.0
LOC124904233,0.0
LOC124904234,0.0
LOC124904235,0.0
LOC124904236,0.0
LOC124904237,0.0
LOC124904238,0.0
LOC124904239,0.0
LOC124904240,0.0
LOC124904241,0.0
LOC124904242,0.0
LOC124904243,0.0
LOC124904244,0.0
LOC124904245,0.0
LOC124904246,0.0
LOC124904247,0.0
LOC124904248,0.0
LOC124904249,0.47712124969181346
LOC124904250,0.0
LOC124904251,0.30102994906318664
LOC124904252,0.0
LOC124904253,0.0
LOC124904254,0.0
LOC124904255,0.0
LOC124904256,0.0
LOC124904257,0.0
LOC124904258,0.0
LOC124904259,0.0
LOC124904260,0.0
LOC124904260-2,0.0
LOC124904261,0.4771213118781746
LOC124904262,0.0
LOC124904263,0.0
LOC124904264,0.0
LOC124904265,0.0
LOC124904265-2,0.0
LOC124904266,0.0
LOC124904267,0.0
LOC124904268,0.0
LOC124904269,0.0
LOC124904270,0.0
LOC124904271,0.0
LOC124904272,0.0
LOC124904273,0.0
LOC124904274,0.0
LOC124904275,0.0
LOC124904276,0.0
LOC124904277,0.0
LOC124904278,0.0
LOC124904279,0.0
LOC124904280,0.0
LOC124904281,0.0
LOC124904282,0.0
LOC124904283,0.0
LOC124904284,0.0
LOC124904285,0.0
LOC124904286,0.0
LOC124904287,0.602059926855729
LOC124904288,0.0
LOC124904289,0.0
LOC124904290,0.0
LOC124904291,0.0
LOC124904292,0.0
LOC124904293,0.0
LOC124904294,0.0
LOC124904295,0.0
LOC124904296,0.0
LOC124904297,0.0
LOC124904298,0.0
LOC124904299,0.0
LOC124904300,0.0
LOC124904301,0.0
LOC124904302,0.0
LOC124904303,1.5440679946971327
LOC124904304,0.0
LOC124904305,0.0
LOC124904306,0.0
LOC124904307,0.0
LOC124904308,0.0
LOC124904309,0.0
LOC124904310,0.0
LOC124904312,0.44898530391093666
LOC124904313,0.3103192965205765
LOC124904314,0.0
LOC124904315,0.0
LOC124904316,0.0
LOC124904317,0.0
LOC124904318,0.0
LOC124904319,0.0
LOC124904320,0.0
LOC124904321,0.0
LOC124904322,0.0
LOC124904323,0.0
LOC124904324,0.0
LOC124904325,0.0
LOC124904326,0.0
LOC124904327,0.0
LOC124904328,0.0
LOC124904329,0.0
LOC124904330,0.0
LOC124904331,0.0
LOC124904332,0.0
LOC124904333,0.0
LOC124904334,0.0
LOC124904335,0.0
LOC124904335-2,0.0
LOC124904336,0.0
LOC124904337,0.0
LOC124904338,0.0
LOC124904339,0.0
LOC124904340,0.0
LOC124904341,0.0
LOC124904342,0.0
LOC124904343,0.0
LOC124904344,0.0
LOC124904345,0.0
LOC124904346,0.0
LOC124904347,0.0
LOC124904348,0.0
LOC124904349,0.0
LOC124904350,0.0
LOC124904351,0.0
LOC124904352,0.0
LOC124904353,0.0
LOC124904354,0.0
LOC124904355,0.0
LOC124904355-2,0.0
LOC124904356,0.0
LOC124904357,0.0
LOC124904358,0.0
LOC124904359,0.0
LOC124904360,0.0
LOC124904362,0.0
LOC124904363,0.0
LOC124904364,0.0
LOC124904365,0.0
LOC124904366,0.0
LOC124904367,0.0
LOC124904368,0.0
LOC124904369,0.0
LOC124904370,0.0
LOC124904371,0.0
LOC124904373,0.0
LOC124904375,0.0
LOC124904378,0.0
LOC124904380,0.0
LOC124904381,0.0
LOC124904384,0.0
LOC124904385,0.0
LOC124904386,0.0
LOC124904387,0.0
LOC124904388,0.0
LOC124904389,0.0
LOC124904390,0.0
LOC124904391,2.220108098881607
LOC124904392,0.0
LOC124904393,0.0
LOC124904394,0.0
LOC124904395,0.0
LOC124904396,0.0
LOC124904400,0.0
LOC124904401,0.0
LOC124904402,0.0
LOC124904403,0.0
LOC124904404,0.0
LOC124904405,0.0
LOC124904406,0.0
LOC124904407,0.0
LOC124904408,0.0
LOC124904409,1.113943340009972
LOC124904410,1.4623979887339393
LOC124904411,0.0
LOC124904412,0.0
LOC124904413,0.0
LOC124904414,0.0
LOC124904416,0.0
LOC124904417,0.0
LOC124904418,0.0
LOC124904419,0.0
LOC124904420,0.0
LOC124904421,0.0
LOC124904422,0.0
LOC124904423,0.0
LOC124904424,0.0
LOC124904425,0.0
LOC124904425-2,0.0
LOC124904426,0.0
LOC124904426-2,0.0
LOC124904427,0.0
LOC124904428,0.0
LOC124904429,0.0
LOC124904431,0.35994568138678457
LOC124904432,0.0
LOC124904433,0.0
LOC124904434,0.0
LOC124904435,0.0
LOC124904436,0.0
LOC124904437,0.0
LOC124904438,0.0
LOC124904439,0.0
LOC124904440,0.0
LOC124904441,0.0
LOC124904442,0.0
LOC124904443,0.0
LOC124904444,0.0
LOC124904445,0.0
LOC124904446,0.0
LOC124904447,0.0
LOC124904448,0.0
LOC124904449,0.0
LOC124904450,0.0
LOC124904451,0.0
LOC124904452,0.0
LOC124904453,0.0
LOC124904454,0.0
LOC124904455,0.0
LOC124904456,0.0
LOC124904457,0.0
LOC124904458,0.6020599944261823
LOC124904459,0.0
LOC124904460,0.0
LOC124904462,0.0
LOC124904463,0.0
LOC124904464,0.0
LOC124904465,0.0
LOC124904466,0.0
LOC124904467,0.0
LOC124904468,0.0
LOC124904469,0.0
LOC124904471,0.0
LOC124904472,0.0
LOC124904473,0.0
LOC124904474,0.0
LOC124904475,0.0
LOC124904476,0.0
LOC124904477,0.0
LOC124904478,0.0
LOC124904479,0.0
LOC124904480,0.7781512365048266
LOC124904481,0.0
LOC124904482,0.0
LOC124904483,2.093644792271897
LOC124904484,0.0
LOC124904485,0.0
LOC124904486,0.0
LOC124904487,0.0
LOC124904488,0.0
LOC124904490,0.0
LOC124904491,0.0
LOC124904493,0.0
LOC124904494,0.0
LOC124904495,0.0
LOC124904496,0.0
LOC124904498,0.0
LOC124904499,0.0
LOC124904500,0.0
LOC124904501,0.0
LOC124904502,0.0
LOC124904503,0.0
LOC124904504,0.0
LOC124904505,0.0
LOC124904506,0.0
LOC124904507,0.0
LOC124904508,0.0
LOC124904509,0.0
LOC124904510,0.0
LOC124904511,0.0
LOC124904512,0.0
LOC124904513,0.0
LOC124904514,0.0
LOC124904515,0.0
LOC124904516,0.0
LOC124904517,0.0
LOC124904518,0.0
LOC124904519,0.0
LOC124904520,0.0
LOC124904521,0.0
LOC124904522,0.0
LOC124904523,0.0
LOC124904524,0.0
LOC124904525,0.0
LOC124904526,0.0
LOC124904527,0.0
LOC124904528,0.0
LOC124904529,0.0
LOC124904530,0.0
LOC124904531,0.0
LOC124904532,0.0
LOC124904533,0.0
LOC124904534,0.0
LOC124904535,0.0
LOC124904536,0.47712121219528625
LOC124904537,0.47712122469486873
LOC124904538,0.0
LOC124904539,0.0
LOC124904540,0.0
LOC124904541,0.0
LOC124904542,0.0
LOC124904543,0.0
LOC124904544,0.0
LOC124904545,0.0
LOC124904546,0.0
LOC124904547,0.0
LOC124904548,0.0
LOC124904549,0.0
LOC124904550,0.0
LOC124904551,0.0
LOC124904552,0.0
LOC124904553,0.0
LOC124904554,0.0
LOC124904555,0.0
LOC124904556,0.0
LOC124904557,0.0
LOC124904559,0.0
LOC124904560,0.0
LOC124904561,0.0
LOC124904562,0.0
LOC124904563,0.0
LOC124904564,0.0
LOC124904565,0.0
LOC124904566,0.0
LOC124904567,0.0
LOC124904568,0.0
LOC124904569,0.0
LOC124904570,0.0
LOC124904571,0.0
LOC124904572,0.0
LOC124904573,0.0
LOC124904574,0.0
LOC124904575,0.0
LOC124904576,0.0
LOC124904577,0.0
LOC124904578,0.0
LOC124904579,0.0
LOC124904581,0.0
LOC124904583,0.0
LOC124904584,0.0
LOC124904586,0.0
LOC124904588,0.0
LOC124904589,0.0
LOC124904590,0.0
LOC124904591,0.0
LOC124904592,0.0
LOC124904593,0.0
LOC124904594,0.0
LOC124904595,0.0
LOC124904596,0.0
LOC124904597,0.31566141885879395
LOC124904597-2,0.31566141885879395
LOC124904598,0.0
LOC124904599,0.0
LOC124904600,0.0
LOC124904601,0.0
LOC124904602,0.0
LOC124904603,0.0
LOC124904604,0.3010300495827105
LOC124904605,0.0
LOC124904606,0.0
LOC124904607,0.0
LOC124904608,0.0
LOC124904609,0.0
LOC124904610,0.0
LOC124904611,0.0
LOC124904612,0.0
LOC124904613,0.47624588435804693
LOC124904614,0.0
LOC124904615,0.3010299661041621
LOC124904617,0.0
LOC124904618,0.0
LOC124904620,0.0
LOC124904622,0.0
LOC124904623,0.0
LOC124904625,0.0
LOC124904626,0.0
LOC124904628,0.0
LOC124904629,0.0
LOC124904630,0.0
LOC124904631,0.0
LOC124904632,0.0
LOC124904633,0.0
LOC124904634,0.0
LOC124904635,0.0
LOC124904636,0.0
LOC124904637,0.0
LOC124904638,0.0
LOC124904639,0.0
LOC124904642,0.0
LOC124904643,0.0
LOC124904644,0.0
LOC124904647,0.0
LOC124904648,0.0
LOC124904649,0.0
LOC124904650,0.0
LOC124904651,0.0
LOC124904652,0.3010299898790551
LOC124904653,0.0
LOC124904654,0.0
LOC124904655,0.0
LOC124904656,0.0
LOC124904660,0.0
LOC124904662,0.0
LOC124904663,0.0
LOC124904664,0.47712126755272255
LOC124904665,0.0
LOC124904666,0.0
LOC124904667,0.0
LOC124904668,0.0
LOC124904669,0.0
LOC124904670,0.0
LOC124904672,0.0
LOC124904674,0.0
LOC124904675,0.0
LOC124904677,0.0
LOC124904678,0.0
LOC124904679,0.0
LOC124904681,0.0
LOC124904682,0.0
LOC124904683,2.618048055469599
LOC124904685,0.0
LOC124904688,0.0
LOC124904689,0.0
LOC124904690,0.0
LOC124904691,0.0
LOC124904692,0.0
LOC124904693,0.0
LOC124904694,0.0
LOC124904695,0.0
LOC124904696,0.0
LOC124904697,0.0
LOC124904698,0.0
LOC124904699,0.0
LOC124904700,0.0
LOC124904701,0.0
LOC124904703,0.0
LOC124904704,0.0
LOC124904705,0.0
LOC124904706,0.0
LOC124904707,0.30102990490476156
LOC124904708,0.0
LOC124904710,0.0
LOC124904711,0.6989699919114024
LOC124904711-2,0.0
LOC124904712,0.0
LOC124904712-2,0.0
LOC124904713,0.0
LOC124904714,0.0
LOC124904716,0.0
LOC124904717,0.0
LOC124904717-2,0.0
LOC124904718,0.0
LOC124904719,0.0
LOC124904720,0.0
LOC124904720-2,0.0
LOC124904722,0.0
LOC124904724,0.0
LOC124904726,0.0
LOC124904727,0.0
LOC124904728,0.0
LOC124904729,0.0
LOC124904730,0.0
LOC124904731,0.0
LOC124904732,0.0
LOC124904733,0.0
LOC124904734,0.0
LOC124904735,0.0
LOC124904737,0.0
LOC124904738,0.0
LOC124904740,0.0
LOC124904741,0.0
LOC124904742,0.0
LOC124904743,0.0
LOC124904744,0.0
LOC124904745,0.0
LOC124904746,0.0
LOC124904747,0.0
LOC124904748,0.0
LOC124904749,0.0
LOC124904751,0.0
LOC124904752,0.0
LOC124904753,0.0
LOC124904754,0.0
LOC124904755,0.0
LOC124904756,0.0
LOC124904758,0.3010299492978684
LOC124904760,0.0
LOC124904761,0.0
LOC124904762,0.0
LOC124904763,0.0
LOC124904765,0.0
LOC124904766,0.0
LOC124904767,0.0
LOC124904768,0.0
LOC124904769,0.0
LOC124904769-2,0.0
LOC124904770,0.0
LOC124904771,0.0
LOC124904772,0.0
LOC124904773,0.0
LOC124904774,0.0
LOC124904775,0.30102991592764183
LOC124904776,0.0
LOC124904777,0.0
LOC124904778,0.0
LOC124904779,0.0
LOC124904780,0.0
LOC124904781,0.0
LOC124904782,0.9999999513677499
LOC124904783,0.0
LOC124904784,0.0
LOC124904788,0.0
LOC124904789,0.0
LOC124904790,0.0
LOC124904791,0.0
LOC124904792,0.0
LOC124904794,0.0
LOC124904795,0.0
LOC124904796,0.0
LOC124904797,0.0
LOC124904798,0.0
LOC124904802,0.0
LOC124904804,0.0
LOC124904806,0.0
LOC124904807,0.0
LOC124904808,0.0
LOC124904809,0.0
LOC124904810,0.0
LOC124904811,0.0
LOC124904812,0.0
LOC124904813,0.0
LOC124904813-2,0.0
LOC124904814,0.0
LOC124904815,0.0
LOC124904816,0.0
LOC124904817,0.0
LOC124904818,0.0
LOC124904819,0.0
LOC124904820,0.0
LOC124904820-2,0.0
LOC124904821,0.0
LOC124904822,0.0
LOC124904823,0.0
LOC124904824,0.0
LOC124904825,0.0
LOC124904826,0.0
LOC124904827,0.0
LOC124904828,0.0
LOC124904829,0.0
LOC124904830,0.0
LOC124904831,0.0
LOC124904832,0.0
LOC124904833,0.0
LOC124904834,0.0
LOC124904835,0.0
LOC124904836,0.0
LOC124904837,0.0
LOC124904837-2,0.0
LOC124904838,0.0
LOC124904839,0.0
LOC124904840,0.0
LOC124904842,0.0
LOC124904843,0.0
LOC124904843-2,0.0
LOC124904847,0.0
LOC124904848,0.0
LOC124904853,0.0
LOC124904854,0.0
LOC124904855,0.0
LOC124904856,0.0
LOC124904857,0.0
LOC124904858,0.0
LOC124904859,0.0
LOC124904860,0.0
LOC124904861,0.0
LOC124904862,0.0
LOC124904863,0.0
LOC124904864,0.0
LOC124904865,0.0
LOC124904866,0.0
LOC124904867,0.0
LOC124904868,0.0
LOC124904869,0.0
LOC124904870,0.0
LOC124904871,0.0
LOC124904872,0.0
LOC124904873,0.0
LOC124904874,0.0
LOC124904875,0.0
LOC124904876,0.0
LOC124904877,0.0
LOC124904878,0.0
LOC124904879,0.0
LOC124904880,0.0
LOC124904881,0.0
LOC124904882,0.0
LOC124904883,0.0
LOC124904884,0.0
LOC124904885,0.0
LOC124904886,0.0
LOC124904887,0.0
LOC124904888,0.0
LOC124904889,0.0
LOC124904890,0.0
LOC124904891,0.0
LOC124904892,0.0
LOC124904893,0.0
LOC124904894,0.0
LOC124904895,0.0
LOC124904896,0.0
LOC124904897,0.0
LOC124904898,0.0
LOC124904899,0.0
LOC124904900,0.0
LOC124904901,0.0
LOC124904902,0.0
LOC124904903,0.0
LOC124904904,0.0
LOC124904905,0.0
LOC124904906,0.0
LOC124904907,0.0
LOC124904908,0.0
LOC124904909,0.0
LOC124904910,0.0
LOC124904911,0.0
LOC124904912,0.0
LOC124904913,0.0
LOC124904914,0.3010298883685632
LOC124904915,0.0
LOC124904916,0.0
LOC124904917,0.0
LOC124904918,0.0
LOC124904919,0.0
LOC124904920,0.0
LOC124904921,0.0
LOC124904922,0.0
LOC124904923,0.0
LOC124904924,0.0
LOC124904925,0.0
LOC124904926,0.0
LOC124904927,0.0
LOC124904928,0.0
LOC124904929,0.0
LOC124904930,0.0
LOC124904931,0.0
LOC124904932,0.0
LOC124904933,0.0
LOC124904934,0.0
LOC124904935,0.0
LOC124904936,0.0
LOC124904937,0.0
LOC124904938,0.0
LOC124904939,0.0
LOC124904940,0.0
LOC124904941,0.0
LOC124904942,0.0
LOC124904943,0.0
LOC124904944,0.0
LOC124904945,0.0
LOC124904946,0.0
LOC124904947,0.0
LOC124904948,0.0
LOC124904949,0.0
LOC124904950,0.30103008511336327
LOC124904951,0.0
LOC124904952,0.0
LOC124904953,0.0
LOC124904954,0.3010299391103711
LOC124904955,0.0
LOC124904956,0.0
LOC124904957,0.0
LOC124904958,0.0
LOC124904959,0.0
LOC124904960,0.0
LOC124904962,0.0
LOC124904963,0.0
LOC124904964,0.0
LOC124904965,0.0
LOC124904966,0.0
LOC124904967,0.0
LOC124904968,0.0
LOC124904970,0.0
LOC124904971,0.0
LOC124904974,0.0
LOC124904975,0.0
LOC124904976,0.0
LOC124904978,0.0
LOC124904979,0.0
LOC124904980,0.0
LOC124904983,0.0
LOC124904986,0.0
LOC124904989,0.0
LOC124904990,0.0
LOC124904991,0.0
LOC124904992,0.0
LOC124904993,0.0
LOC124904994,0.0
LOC124904996,0.0
LOC124904997,0.0
LOC124904998,0.0
LOC124904999,0.0
LOC124905000,0.0
LOC124905001,0.0
LOC124905002,0.7781512331207996
LOC124905003,0.0
LOC124905004,0.0
LOC124905004-2,0.0
LOC124905005,0.0
LOC124905005-2,0.0
LOC124905006,0.0
LOC124905007,0.0
LOC124905008,0.0
LOC124905009,0.0
LOC124905010,2.9116901614171944
LOC124905011,0.0
LOC124905012,0.0
LOC124905013,0.0
LOC124905015,0.0
LOC124905016,0.0
LOC124905017,0.0
LOC124905018,0.0
LOC124905019,0.0
LOC124905020,0.0
LOC124905021,0.0
LOC124905022,0.0
LOC124905023,0.0
LOC124905024,0.0
LOC124905025,0.0
LOC124905026,0.0
LOC124905027,0.0
LOC124905028,0.0
LOC124905029,0.0
LOC124905030,0.0
LOC124905031,0.0
LOC124905032,0.0
LOC124905033,0.9449051985836855
LOC124905034,0.0
LOC124905035,0.0
LOC124905037,0.0
LOC124905038,0.0
LOC124905039,0.0
LOC124905040,0.0
LOC124905041,0.0
LOC124905042,0.0
LOC124905042-2,0.0
LOC124905043,0.0
LOC124905044,0.0
LOC124905045,0.0
LOC124905046,0.30102989855418416
LOC124905047,0.0
LOC124905048,0.0
LOC124905049,0.30103002018586694
LOC124905050,0.0
LOC124905051,0.0
LOC124905052,0.0
LOC124905053,0.0
LOC124905054,0.0
LOC124905055,0.0
LOC124905056,0.0
LOC124905057,0.0
LOC124905058,0.0
LOC124905062,0.0
LOC124905065,0.0
LOC124905065-2,0.0
LOC124905068,0.0
LOC124905069,0.0
LOC124905070,0.0
LOC124905071,0.0
LOC124905072,0.0
LOC124905073,0.0
LOC124905074,0.0
LOC124905075,0.0
LOC124905076,0.0
LOC124905077,0.0
LOC124905078,0.0
LOC124905079,0.0
LOC124905080,0.0
LOC124905081,0.0
LOC124905082,0.0
LOC124905083,0.0
LOC124905084,0.0
LOC124905085,0.0
LOC124905086,0.0
LOC124905087,0.0
LOC124905088,0.0
LOC124905089,0.0
LOC124905090,0.0
LOC124905091,0.0
LOC124905092,0.0
LOC124905093,0.0
LOC124905094,0.0
LOC124905095,0.0
LOC124905096,0.0
LOC124905098,0.0
LOC124905099,0.0
LOC124905100,0.0
LOC124905102,0.0
LOC124905103,0.0
LOC124905104,0.0
LOC124905105,0.0
LOC124905106,0.0
LOC124905107,0.0
LOC124905108,0.0
LOC124905109,0.0
LOC124905110,0.0
LOC124905111,0.0
LOC124905112,0.0
LOC124905113,0.0
LOC124905114,0.0
LOC124905115,0.0
LOC124905116,0.0
LOC124905118,0.0
LOC124905119,0.0
LOC124905120,0.0
LOC124905121,0.0
LOC124905122,0.0
LOC124905123,0.0
LOC124905124,0.0
LOC124905125,0.0
LOC124905126,0.0
LOC124905127,0.0
LOC124905128,0.0
LOC124905129,0.0
LOC124905130,0.0
LOC124905131,0.3010299603058986
LOC124905132,0.0
LOC124905133,0.0
LOC124905134,0.0
LOC124905135,0.0
LOC124905136,0.0
LOC124905137,0.0
LOC124905138,0.0
LOC124905139,0.0
LOC124905140,0.0
LOC124905141,0.0
LOC124905142,0.0
LOC124905143,0.0
LOC124905144,0.0
LOC124905145,0.0
LOC124905146,0.0
LOC124905147,0.0
LOC124905149,0.4771212060122003
LOC124905150,0.0
LOC124905153,0.0
LOC124905155,0.0
LOC124905156,0.0
LOC124905157,0.0
LOC124905158,0.0
LOC124905159,0.0
LOC124905168,0.0
LOC124905169,0.0
LOC124905169-2,0.0
LOC124905170,0.0
LOC124905171,0.0
LOC124905172,0.0
LOC124905173,0.0
LOC124905174,0.0
LOC124905175,0.0
LOC124905176,0.0
LOC124905177,0.0
LOC124905178,0.0
LOC124905180,0.0
LOC124905181,0.0
LOC124905182,0.0
LOC124905183,0.0
LOC124905184,0.0
LOC124905185,0.0
LOC124905186,0.0
LOC124905187,0.0
LOC124905188,0.0
LOC124905189,0.0
LOC124905190,0.5921920062033538
LOC124905191,0.9940050470608026
LOC124905192,0.0
LOC124905193,0.0
LOC124905194,0.0
LOC124905195,0.0
LOC124905196,0.0
LOC124905197,1.919078055600954
LOC124905198,0.0
LOC124905199,0.0
LOC124905200,0.0
LOC124905201,0.0
LOC124905202,0.0
LOC124905203,0.0
LOC124905204,0.651521798731648
LOC124905205,0.0
LOC124905206,0.0
LOC124905207,0.0
LOC124905208,0.0
LOC124905209,0.0
LOC124905210,0.0
LOC124905211,0.0
LOC124905212,0.0
LOC124905213,0.0
LOC124905214,0.0
LOC124905215,0.0
LOC124905216,0.0
LOC124905217,0.0
LOC124905218,0.0
LOC124905219,0.0
LOC124905220,0.0
LOC124905222,0.0
LOC124905223,0.0
LOC124905224,0.0
LOC124905225,0.0
LOC124905226,0.0
LOC124905227,0.0
LOC124905228,0.0
LOC124905229,0.0
LOC124905230,0.0
LOC124905231,0.0
LOC124905232,0.0
LOC124905233,0.0
LOC124905234,0.0
LOC124905235,0.0
LOC124905236,0.0
LOC124905237,0.0
LOC124905238,0.0
LOC124905238-2,0.0
LOC124905239,0.0
LOC124905239-2,0.0
LOC124905240,0.0
LOC124905241,0.0
LOC124905242,0.0
LOC124905243,0.0
LOC124905244,0.0
LOC124905245,0.0
LOC124905246,0.0
LOC124905248,0.0
LOC124905249,0.0
LOC124905250,0.0
LOC124905251,0.0
LOC124905252,0.0
LOC124905253,0.0
LOC124905254,0.0
LOC124905255,0.0
LOC124905256,0.0
LOC124905257,0.0
LOC124905258,0.0
LOC124905259,0.30102993091801084
LOC124905260,0.0
LOC124905261,0.0
LOC124905262,0.0
LOC124905263,0.0
LOC124905264,0.0
LOC124905265,0.0
LOC124905266,0.0
LOC124905268,0.0
LOC124905269,0.0
LOC124905270,0.0
LOC124905271,0.0
LOC124905272,0.0
LOC124905273,0.0
LOC124905275,0.0
LOC124905276,0.0
LOC124905277,0.0
LOC124905278,0.0
LOC124905279,0.0
LOC124905280,0.0
LOC124905282,0.0
LOC124905283,0.0
LOC124905290,0.0
LOC124905291,0.0
LOC124905292,0.0
LOC124905300,0.0
LOC124905302,0.812913320035035
LOC124905303,0.812913320035035
LOC124905304,0.0
LOC124905305,0.0
LOC124905306,0.0
LOC124905310,0.3010299459854406
LOC124905312,0.0
LOC124905313,0.0
LOC124905316,0.0
LOC124905319,0.0
LOC124905320,0.0
LOC124905321,0.47624588435804693
LOC124905322,0.0
LOC124905323,0.0
LOC124905324,0.0
LOC124905325,0.0
LOC124905326,0.0
LOC124905327,0.0
LOC124905328,0.0
LOC124905329,0.0
LOC124905330,0.0
LOC124905331,0.841021473979803
LOC124905334,0.0
LOC124905335,0.0
LOC124905337,0.0
LOC124905338,0.0
LOC124905339,0.3010299031801484
LOC124905340,0.0
LOC124905344,0.0
LOC124905345,0.0
LOC124905346,0.0
LOC124905347,0.0
LOC124905349,0.0
LOC124905349-2,0.0
LOC124905350,0.0
LOC124905350-2,0.0
LOC124905351,0.47712123052118
LOC124905352,0.0
LOC124905352-2,0.0
LOC124905352-3,0.0
LOC124905353,0.9682087711657082
LOC124905354,0.0
LOC124905354-2,0.0
LOC124905356,0.0
LOC124905357,0.0
LOC124905358,0.0
LOC124905359,0.0
LOC124905360,0.0
LOC124905361,0.0
LOC124905362,0.0
LOC124905363,0.0
LOC124905364,0.0
LOC124905365,0.0
LOC124905366,0.0
LOC124905367,0.0
LOC124905368,0.0
LOC124905368-2,0.0
LOC124905369,0.0
LOC124905370,0.0
LOC124905371,0.0
LOC124905371-2,0.0
LOC124905372,0.0
LOC124905372-2,0.0
LOC124905374,0.0
LOC124905375,0.0
LOC124905376,0.0
LOC124905377,0.0
LOC124905378,0.0
LOC124905379,0.0
LOC124905380,0.0
LOC124905381,0.0
LOC124905382,0.0
LOC124905383,0.0
LOC124905385,0.0
LOC124905386,0.0
LOC124905387,0.0
LOC124905388,0.0
LOC124905389,0.0
LOC124905390,0.0
LOC124905391,0.0
LOC124905392,0.0
LOC124905393,0.0
LOC124905394,0.0
LOC124905395,0.0
LOC124905396,0.0
LOC124905398,0.0
LOC124905399,0.39794003920149323
LOC124905400,0.0
LOC124905401,0.0
LOC124905402,0.0
LOC124905403,0.0
LOC124905403-2,0.0
LOC124905404,0.0
LOC124905404-2,0.0
LOC124905406,0.0
LOC124905408,0.0
LOC124905409,0.0
LOC124905410,0.0
LOC124905411,0.0
LOC124905412,0.0
LOC124905413,0.0
LOC124905415,0.0
LOC124905416,0.0
LOC124905417,0.0
LOC124905418,0.0
LOC124905419,0.0
LOC124905420,0.0
LOC124905421,0.0
LOC124905422,0.11809906379838735
LOC124905424,0.11809906379838735
LOC124905425,0.11809906379838735
LOC124905426,0.11809906379838735
LOC124905427,0.11809906379838735
LOC124905428,0.11809906379838735
LOC124905429,0.11809906379838735
LOC124905430,0.11809906379838735
LOC124905431,0.11809906379838735
LOC124905432,0.11809906379838735
LOC124905433,0.11809906379838735
LOC124905434,0.11809906379838735
LOC124905435,0.11809906379838735
LOC124905436,0.11809906379838735
LOC124905437,0.11809906379838735
LOC124905438,0.11809906379838735
LOC124905439,0.0
LOC124905439-2,0.0
LOC124905440,0.0
LOC124905441,0.0
LOC124905442,0.0
LOC124905443,0.0
LOC124905444,0.0
LOC124905445,0.30103021890842047
LOC124905446,0.0
LOC124905447,0.0
LOC124905448,0.47712121664673124
LOC124905449,1.7634280006138923
LOC124905450,0.0
LOC124905452,0.0
LOC124905452-2,0.0
LOC124905454,0.0
LOC124905455,0.0
LOC124905456,0.0
LOC124905457,0.0
LOC124905459,0.0
LOC124905460,1.5682017690733525
LOC124905463,0.0
LOC124905464,0.0
LOC124905466,0.0
LOC124905468,0.0
LOC124905469,0.0
LOC124905471,0.0
LOC124905472,0.0
LOC124905473,0.0
LOC124905476,0.0
LOC124905479,0.0
LOC124905482,0.0
LOC124905484,0.0
LOC124905488,1.1975174147353642
LOC124905489,0.0
LOC124905490,0.0
LOC124905491,0.0
LOC124905492,0.0
LOC124905493,0.0
LOC124905494,0.0
LOC124905495,0.0
LOC124905496,0.0
LOC124905497,0.0
LOC124905498,0.0
LOC124905499,0.0
LOC124905500,0.0
LOC124905501,0.3010301948467155
LOC124905503,0.0
LOC124905504,0.0
LOC124905506,0.0
LOC124905507,0.0
LOC124905508,0.0
LOC124905509,0.0
LOC124905510,0.0
LOC124905511,0.0
LOC124905513,0.0
LOC124905514,0.0
LOC124905515,0.0
LOC124905516,0.0
LOC124905517,0.47712126794880927
LOC124905518,0.0
LOC124905519,0.0
LOC124905520,0.0
LOC124905524,0.0
LOC124905525,0.0
LOC124905526,0.0
LOC124905527,0.0
LOC124905529,0.0
LOC124905531,0.0
LOC124905532,0.0
LOC124905533,0.6020599776739097
LOC124905534,0.0
LOC124905537,0.0
LOC124905538,0.0
LOC124905539,0.0
LOC124905540,0.0
LOC124905542,0.0
LOC124905543,0.0
LOC124905544,0.0
LOC124905545,0.0
LOC124905547,0.0
LOC124905548,0.0
LOC124905549,0.0
LOC124905550,0.0
LOC124905552,0.0
LOC124905553,0.0
LOC124905554,0.0
LOC124905556,0.0
LOC124905557,0.3010299688501105
LOC124905558,0.0
LOC124905559,0.0
LOC124905560,0.0
LOC124905561,0.0
LOC124905562,0.0
LOC124905563,0.3010300099572378
LOC124905564,0.0
LOC124905565,0.0
LOC124905566,0.0
LOC124905568,0.0
LOC124905569,0.0
LOC124905570,0.0
LOC124905571,0.0
LOC124905572,0.0
LOC124905574,0.0
LOC124905589,0.0
LOC124905589-2,0.0
LOC124905590,0.0
LOC124905590-2,0.0
LOC124905591,0.0
LOC124905591-2,0.0
LOC124905592,0.0
LOC124905592-2,0.0
LOC124905593,0.0
LOC124905593-2,0.0
LOC124905594,0.0
LOC124905594-2,0.0
LOC124905596,0.0
LOC124905598,0.12493867272940312
LOC124905599,0.0
LOC124905602,0.0
LOC124905603,0.0
LOC124905604,0.0
LOC124905605,0.0
LOC124905606,0.0
LOC124905607,0.0
LOC124905609,0.0
LOC124905610,0.0
LOC124905611,0.0
LOC124905613,0.0
LOC124905614,0.0
LOC124905618,0.0
LOC124905619,0.0
LOC124905622,0.0
LOC124905623,0.0
LOC124905624,0.0
LOC124905625,0.0
LOC124905626,0.0
LOC124905627,0.0
LOC124905628,0.0
LOC124905629,0.0
LOC124905631,0.0
LOC124905633,0.0
LOC124905634,0.0
LOC124905635,0.0
LOC124905636,0.0
LOC124905637,0.0
LOC124905638,0.0
LOC124905639,0.0
LOC124905640,0.0
LOC124905641,0.0
LOC124905642,0.0
LOC124905643,0.0
LOC124905644,0.0
LOC124905645,0.0
LOC124905646,0.0
LOC124905647,0.0
LOC124905648,0.0
LOC124905649,0.0
LOC124905650,0.0
LOC124905651,0.0
LOC124905652,0.0
LOC124905653,0.39794003920149323
LOC124905654,0.0
LOC124905938,0.0
LOC124905948,0.0
LOC124905950,0.0
LOC124905953,0.0
LOC124905954,0.0
LOC124905955,0.0
LOC124905958,0.0
LOC124905959,0.0
LOC124905960,0.0
LOC124905962,0.0
LOC124905965,0.0
LOC124905966,0.558045818223138
LOC124905967,0.0
LOC124905968,0.0
LOC124905969,0.0
LOC124905970,0.0
LOC124905972,0.0
LOC124905973,0.0
LOC124905974,0.0
LOC124905975,0.0
LOC124905976,0.0
LOC124905977,0.0
LOC124905978,0.0
LOC124905979,0.0
LOC124905982,0.0
LOC124905983,0.0
LOC124905985,0.0
LOC124905986,0.3010300584085373
LOC124905987,0.0
LOC124905989,0.0
LOC124905990,0.0
LOC124905991,0.0
LOC124905993,0.0
LOC124905994,0.0
LOC124905996,0.0
LOC124905998,0.0
LOC124905999,0.0
LOC124906002,0.0
LOC124906003,0.0
LOC124906004,0.0
LOC124906005,0.0
LOC124906006,2.49136169111272
LOC124906008,0.0
LOC124906010,0.0
LOC124906012,0.0
LOC124906013,0.3010299557133027
LOC124906017,0.0
LOC124906019,0.3010299231042137
LOC124906020,0.0
LOC124906021,0.0
LOC124906022,0.0
LOC124906023,0.0
LOC124906025,0.6062986515274084
LOC124906026,0.0
LOC124906027,0.0
LOC124906030,0.0
LOC124906031,0.0
LOC124906032,0.0
LOC124906047,1.8195438576968612
LOC124906050,0.0
LOC124906051,0.0
LOC124906052,0.0
LOC124906053,0.3010297055615654
LOC124906055,0.0
LOC124906057,0.0
LOC124906058,0.0
LOC124906059,0.0
LOC124906060,0.0
LOC124906061,0.0
LOC124906063,0.0
LOC124906064,0.0
LOC124906065,0.0
LOC124906066,0.0
LOC124906067,0.0
LOC124906068,0.0
LOC124906070,0.0
LOC124906071,0.0
LOC124906072,0.0
LOC124906073,0.0
LOC124906074,0.0
LOC124906076,0.0
LOC124906077,0.0
LOC124906078,0.0
LOC124906079,0.0
LOC124906081,0.0
LOC124906082,0.30102989208874065
LOC124906083,0.0
LOC124906084,0.0
LOC124906085,0.0
LOC124906086,0.0
LOC124906087,0.0
LOC124906088,0.0
LOC124906089,0.0
LOC124906090,0.0
LOC124906091,0.0
LOC124906092,0.0
LOC124906096,0.0
LOC124906097,0.0
LOC124906098,0.0
LOC124906099,0.0
LOC124906100,0.0
LOC124906101,0.0
LOC124906102,0.0
LOC124906103,0.755487881724664
LOC124906104,0.0
LOC124906105,1.732393767927008
LOC124906106,0.0
LOC124906107,0.0
LOC124906109,0.0
LOC124906110,0.0
LOC124906112,0.0
LOC124906113,0.0
LOC124906114,0.0
LOC124906115,0.0
LOC124906116,0.0
LOC124906117,0.0
LOC124906118,0.0
LOC124906119,0.0
LOC124906120,0.0
LOC124906121,0.0
LOC124906122,0.0
LOC124906123,0.0
LOC124906124,0.0
LOC124906126,0.0
LOC124906127,0.0
LOC124906128,0.0
LOC124906130,0.0
LOC124906132,0.0
LOC124906135,0.0
LOC124906137,0.0
LOC124906140,0.0
LOC124906141,0.0
LOC124906142,0.0
LOC124906143,0.0
LOC124906144,0.0
LOC124906145,0.0
LOC124906146,0.0
LOC124906147,0.0
LOC124906148,0.0
LOC124906149,0.0
LOC124906150,0.0
LOC124906151,0.0
LOC124906152,0.0
LOC124906153,0.0
LOC124906154,0.0
LOC124906155,0.0
LOC124906156,0.0
LOC124906158,0.0
LOC124906159,0.0
LOC124906160,0.0
LOC124906161,0.0
LOC124906162,0.0
LOC124906163,0.0
LOC124906164,0.0
LOC124906165,0.0
LOC124906166,0.0
LOC124906167,0.0
LOC124906169,0.0
LOC124906170,0.0
LOC124906171,0.0
LOC124906172,0.0
LOC124906173,0.0
LOC124906176,0.0
LOC124906177,0.0
LOC124906178,0.0
LOC124906179,0.0
LOC124906180,0.0
LOC124906181,0.0
LOC124906184,0.0
LOC124906185,0.0
LOC124906189,0.0
LOC124906193,0.0
LOC124906194,0.0
LOC124906195,0.0
LOC124906198,0.0
LOC124906199,0.0
LOC124906200,2.7339992911124846
LOC124906206,0.0
LOC124906209,0.0
LOC124906210,0.0
LOC124906212,0.0
LOC124906214,0.0
LOC124906215,0.0
LOC124906216,0.0
LOC124906217,0.0
LOC124906218,0.0
LOC124906219,0.0
LOC124906220,0.0
LOC124906221,0.0
LOC124906222,0.0
LOC124906224,0.0
LOC124906226,0.0
LOC124906227,0.0
LOC124906228,0.0
LOC124906229,0.0
LOC124906230,0.0
LOC124906231,0.0
LOC124906232,0.0
LOC124906233,0.0
LOC124906234,0.0
LOC124906235,0.0
LOC124906236,0.0
LOC124906237,0.0
LOC124906238,0.0
LOC124906240,0.0
LOC124906242,0.0
LOC124906243,0.0
LOC124906244,0.0
LOC124906245,2.5159325378949746
LOC124906246,0.0
LOC124906247,0.0
LOC124906248,0.0
LOC124906252,0.0
LOC124906254,0.0
LOC124906255,0.0
LOC124906256,0.0
LOC124906260,0.0
LOC124906262,0.0
LOC124906263,0.0
LOC124906264,0.0
LOC124906265,0.0
LOC124906266,0.0
LOC124906267,0.0
LOC124906268,0.0
LOC124906269,0.0
LOC124906270,2.5526682330133488
LOC124906271,0.0
LOC124906273,0.0
LOC124906274,0.0
LOC124906276,0.0
LOC124906277,0.0
LOC124906278,0.30106257827012495
LOC124906280,0.0
LOC124906281,0.0
LOC124906285,0.0
LOC124906287,0.0
LOC124906288,0.0
LOC124906289,0.0
LOC124906290,0.0
LOC124906291,0.0
LOC124906294,0.0
LOC124906297,0.0
LOC124906298,0.0
LOC124906299,0.0
LOC124906300,0.4771213363198993
LOC124906301,0.0
LOC124906302,0.0
LOC124906303,0.0
LOC124906304,0.0
LOC124906305,0.0
LOC124906306,0.0
LOC124906307,0.0
LOC124906309,0.0
LOC124906310,0.0
LOC124906311,0.0
LOC124906312,0.0
LOC124906313,0.0
LOC124906314,1.6901960834434138
LOC124906315,0.0
LOC124906316,0.0
LOC124906318,0.0
LOC124906319,0.0
LOC124906320,3.3719907535926716
LOC124906330,0.0
LOC124906331,0.0
LOC124906338,0.0
LOC124906342,0.0
LOC124906343,0.0
LOC124906345,0.0
LOC124906346,0.0
LOC124906347,0.0
LOC124906348,0.0
LOC124906349,0.0
LOC124906350,0.0
LOC124906351,0.0
LOC124906352,0.0
LOC124906353,0.0
LOC124906354,0.0
LOC124906355,0.0
LOC124906356,0.0
LOC124906357,0.0
LOC124906358,0.0
LOC124906360,0.0
LOC124906361,0.0
LOC124906362,0.0
LOC124906363,0.0
LOC124906364,0.0
LOC124906366,0.0
LOC124906367,0.0
LOC124906368,0.0
LOC124906369,0.0
LOC124906370,0.0
LOC124906371,0.0
LOC124906372,0.0
LOC124906377,0.0
LOC124906378,0.0
LOC124906379,0.0
LOC124906380,0.0
LOC124906381,0.0
LOC124906382,0.0
LOC124906712,0.0
LOC124906892,0.0
LOC124906977,0.0
LOC124907501,0.0
LOC124907502,0.0
LOC124907599,0.0
LOC124907722,0.0
LOC124907723,0.0
LOC124907724,0.0
LOC124907725,0.0
LOC124907726,0.0
LOC124907727,0.0
LOC124907728,0.0
LOC124907729,0.0
LOC124907730,0.0
LOC124907731,0.0
LOC124907732,0.0
LOC124907733,0.0
LOC124907734,0.0
LOC124907735,0.0
LOC124907736,0.30102999663260127
LOC124907737,0.0
LOC124907738,0.0
LOC124907739,1.2011155735638066
LOC124907740,0.0
LOC124907741,0.0
LOC124907742,0.0
LOC124907743,0.0
LOC124907744,0.30102993017411206
LOC124907745,0.0
LOC124907746,0.0
LOC124907747,0.0
LOC124907748,0.0
LOC124907749,0.0
LOC124907750,0.0
LOC124907751,0.0
LOC124907752,0.0
LOC124907753,0.0
LOC124907754,0.0
LOC124907755,0.0
LOC124907756,0.0
LOC124907757,0.0
LOC124907758,0.0
LOC124907759,0.4771212345480354
LOC124907761,0.0
LOC124907762,0.0
LOC124907763,0.0
LOC124907765,0.0
LOC124907766,0.0
LOC124907767,0.0
LOC124907768,0.0
LOC124907769,0.0
LOC124907770,0.0
LOC124907771,0.0
LOC124907773,0.0
LOC124907774,0.0
LOC124907775,0.0
LOC124907776,0.0
LOC124907779,0.0
LOC124907781,0.0
LOC124907782,0.0
LOC124907784,0.0
LOC124907804,0.0
LOC124907821,0.0
LOC124907824,0.0
LOC124907827,0.0
LOC124907840,0.0
LOC124907848,0.0
LOC124907850,0.0
LOC124907851,0.0
LOC124907852,0.0
LOC124907853,0.0
LOC124907854,0.0
LOC124907855,0.0
LOC124907856,0.0
LOC124907857,0.6020599959583135
LOC124907858,0.0
LOC124907859,0.0
LOC124907860,0.0
LOC124907861,0.0
LOC124907862,0.0
LOC124907863,0.0
LOC124907864,0.0
LOC124907865,0.0
LOC124907866,0.0
LOC124907867,0.0
LOC124907868,0.0
LOC124907869,0.0
LOC124907870,0.0
LOC124907871,0.0
LOC124907872,0.0
LOC124907874,1.792338133874841
LOC124907875,0.0
LOC124907876,0.0
LOC124907877,0.0
LOC124907878,0.0
LOC124907879,0.0
LOC124907880,0.0
LOC124907881,0.0
LOC124907882,0.0
LOC124907883,0.0
LOC124907884,0.0
LOC124907885,0.0
LOC124907886,0.0
LOC124907887,0.0
LOC124907888,0.0
LOC124907889,0.0
LOC124907890,0.0
LOC124907891,0.0
LOC124907892,0.0
LOC124907893,0.0
LOC124907894,0.0
LOC124907895,0.0
LOC124907896,0.0
LOC124907897,0.0
LOC124907898,0.0
LOC124907899,0.30103008179854834
LOC124907900,0.0
LOC124907901,0.0
LOC124907902,0.0
LOC124907903,0.0
LOC124907904,0.0
LOC124907905,0.0
LOC124907906,0.7117394309666933
LOC124907907,0.0
LOC124907908,0.0
LOC124907909,0.0
LOC124907910,0.30102996537460003
LOC124907911,0.0
LOC124907912,0.0
LOC124907913,0.0
LOC124907914,0.0
LOC124907915,0.0
LOC124907916,0.0
LOC124907917,0.0
LOC124907918,0.0
LOC124907919,0.0
LOC124907920,0.47712126881482714
LOC124907927,0.0
LOC124907946,0.0
LOC124907951,0.0
LOC124907952,0.0
LOC124907962,0.0
LOC124907966,0.0
LOC124907967,0.833223899367887
LOC124907968,0.0
LOC124907969,0.0
LOC124907970,0.0
LOC124907971,0.0
LOC124907972,0.0
LOC124907973,0.0
LOC124907974,0.0
LOC124907975,0.0
LOC124907976,0.0
LOC124907977,0.0
LOC124907978,0.0
LOC124907979,0.0
LOC124907980,0.0
LOC124907981,0.0
LOC124907982,0.0
LOC124907983,0.0
LOC124907984,0.0
LOC124907985,0.0
LOC124907986,0.0
LOC124907987,0.0
LOC124907988,0.0
LOC124907989,0.0
LOC124907990,0.0
LOC124907991,0.0
LOC124907992,0.0
LOC124907993,0.0
LOC124907994,0.0
LOC124907995,0.0
LOC124907996,0.0
LOC124907997,0.0
LOC124907998,0.0
LOC124907999,0.0
LOC124908000,0.0
LOC124908001,0.0
LOC124908002,0.0
LOC124908009,0.0
LOC124908011,0.0
LOC124908012,0.0
LOC124908016,0.0
LOC124908032,0.0
LOC124908044,0.0
LOC124908045,0.0
LOC124908046,0.0
LOC124908047,0.0
LOC124908048,0.0
LOC124908049,0.0
LOC124908050,0.0
LOC124908051,0.0
LOC124908052,0.0
LOC124908053,0.0
LOC124908054,0.0
LOC124908055,0.0
LOC124908056,0.0
LOC124908057,0.0
LOC124908058,0.0
LOC124908059,0.0
LOC124908060,0.0
LOC124908061,0.0
LOC124908062,0.0
LOC124908064,0.0
LOC124908978,0.0
LOC124908980,0.0
LOC124909015,0.0
LOC124909293,0.0
LOC124909294,0.0
LOC124909336,0.0
LOC124909337,0.0
LOC124909338,0.0
LOC124909339,0.0
LOC124909340,0.0
LOC124909341,0.0
LOC124909342,0.0
LOC124909343,0.0
LOC124909344,0.0
LOC124909345,0.0
LOC124909346,0.0
LOC124909347,0.0
LOC124909348,0.0
LOC124909349,0.0
LOC124909350,0.0
LOC124909351,0.0
LOC124909352,0.0
LOC124909353,0.0
LOC124909354,0.0
LOC124909355,0.3010299399638452
LOC124909356,0.0
LOC124909357,0.0
LOC124909358,0.0
LOC124909359,0.0
LOC124909360,0.0
LOC124909361,0.0
LOC124909362,0.0
LOC124909363,0.0
LOC124909364,0.0
LOC124909365,0.0
LOC124909366,0.0
LOC124909367,0.0
LOC124909368,0.0
LOC124909369,0.0
LOC124909370,0.0
LOC124909371,0.0
LOC124909372,0.0
LOC124909373,0.0
LOC124909374,0.0
LOC124909375,0.0
LOC124909376,0.0
LOC124909377,0.6989699542731772
LOC124909378,0.0
LOC124909380,0.0
LOC124909381,0.0
LOC124909382,0.0
LOC124909383,0.0
LOC124909384,0.0
LOC124909385,0.0
LOC124909386,0.0
LOC124909387,0.0
LOC124909388,0.0
LOC124909389,0.3010298414398612
LOC124909390,0.0
LOC124909391,0.0
LOC124909392,0.0
LOC124909393,0.0
LOC124909394,0.0
LOC124909395,0.0
LOC124909396,0.0
LOC124909397,0.0
LOC124909398,0.0
LOC124909399,0.0
LOC124909401,0.0
LOC124909402,0.0
LOC124909403,0.0
LOC124909404,0.0
LOC124909405,0.0
LOC124909406,0.0
LOC124909407,0.0
LOC124909408,0.0
LOC124909409,0.0
LOC124909410,0.0
LOC124909411,0.0
LOC124909412,0.0
LOC124909413,1.4913616296983188
LOC124909414,0.0
LOC124909415,3.4316853622742323
LOC124909416,0.0
LOC124909417,0.0
LOC124909418,0.0
LOC124909419,0.0
LOC124909420,0.0
LOC124909421,0.0
LOC124909422,0.0
LOC124909423,0.0
LOC124909424,0.0
LOC124909425,0.0
LOC124909426,0.0
LOC124909427,0.0
LOC124909428,0.0
LOC124909429,0.0
LOC124909430,0.0
LOC124909431,0.0
LOC124909432,0.0
LOC124909433,0.0
LOC124909434,0.0
LOC124909435,0.0
LOC124909436,0.0
LOC124909437,0.0
LOC124909438,0.0
LOC124909439,0.0
LOC124909440,0.0
LOC124909441,0.0
LOC124909442,0.0
LOC124909443,0.0
LOC124909444,0.0
LOC124909445,0.0
LOC124909446,0.0
LOC124909447,0.0
LOC124909448,0.0
LOC124909449,0.0
LOC124909450,0.0
LOC124909451,0.0
LOC124909452,0.0
LOC124909453,0.0
LOC124909454,0.0
LOC124909455,0.0
LOC124909456,0.0
LOC124909457,0.0
LOC124909458,0.0
LOC124909459,0.0
LOC124909460,0.0
LOC124909461,0.0
LOC124909462,0.0
LOC124909463,1.556302865032016
LOC124909464,0.0
LOC124909465,0.0
LOC124909466,0.0
LOC124909468,0.0
LOC124909469,0.0
LOC124909470,0.0
LOC124909471,0.0
LOC124909472,0.0
LOC124909473,0.0
LOC124909474,0.0
LOC124909475,0.0
LOC124909476,3.069668083394727
LOC124909477,0.0
LOC124909478,0.0
LOC124909479,0.0
LOC124909481,0.0
LOC124909482,0.0
LOC124909483,0.0
LOC124909484,0.0
LOC124909485,0.0
LOC124909486,0.0
LOC124909487,0.0
LOC124909488,0.0
LOC124909489,2.868644444784813
LOC124909490,0.0
LOC124909491,0.0
LOC124909492,0.0
LOC124909493,0.0
LOC124909494,0.0
LOC124909495,0.0
LOC124909496,0.0
LOC124909497,0.0
LOC124909498,0.0
LOC125312414,0.0
LOC127239154,0.0
LOC127814295,0.0
LOC127814297,0.0
LOC127898556,0.0
LOC127898557,0.0
LOC127898562,0.0
LOC127898563,0.0
LOC127898564,0.0
LOC127903862,0.0
LOC127933115,0.0
LOC128031832,0.0
LOC128031833,0.0
LOC128031834,0.0
LOC128031835,0.0
LOC128031836,0.0
LOC128031837,0.0
LOC128071543,0.0
LOC128071544,0.0
LOC128071545,0.0
LOC128071547,0.0
LOC128092246,0.0
LOC128092247,0.0
LOC128092248,0.0
LOC128092249,0.0
LOC128092250,0.0
LOC128092251,0.0
LOC128092252,0.0
LOC128092253,0.0
LOC128125814,0.0
LOC128125816,0.0
LOC128125817,0.0
LOC128125818,0.0
LOC128125822,1.5440680405375722
LOC128462377,0.0
LOC128706665,0.0
LOC128706666,0.0
LOC128966550,0.0
LOC128966554,0.0
LOC128966555,0.0
LOC128966556,0.0
LOC128966558,0.0
LOC128966560,0.0
LOC128966561,0.0
LOC128966564,0.954242419481854
LOC128966565,0.0
LOC128966566,0.0
LOC128966567,0.0
LOC128966594,0.0
LOC128966595,0.0
LOC128966597,0.0
LOC128966623,0.0
LOC128966655,0.0
LOC128966684,0.0
LOC128966684-2,0.0
LOC128966684-3,0.0
LOC128966704,0.0
LOC128966705,0.0
LOC128966706,0.0
LOC128966709,0.0
LOC128966710,0.0
LOC128966711,0.0
LOC128966712,0.0
LOC128966714,0.0
LOC128966715,0.0
LOC128966717,0.0
LOC128966721,0.0
LOC128966722,0.0
LOC128966723,0.0
LOC128966724,0.5411893490428051
LOC128966725,0.0
LOC128966726,0.0
LOC128966727,0.0
LOC128966728,0.0
LOC128966729,0.0
LOC128966730,0.0
LOC128966731,0.0
LOC128966732,0.0
LOC128966733,0.0
LOC128966744,0.0
LOC128966771,0.0
LOC130494219,0.0
LOC130890646,0.0
LOC130932201,0.0
LOC131696449,0.0
LOC131768270,0.0
LOC132205950,0.0
LOC132932482,0.0
LOC133039971,0.0
LOC143666,0.0
LOC145474,0.0
LOC145845,0.0
LOC147004,0.0
LOC148696,0.0
LOC149684,0.0
LOC150935,0.0
LOC151760,0.591539410931522
LOC153910,0.0
LOC154449,0.0
LOC154761,0.0
LOC155060,0.0
LOC157273,0.0
LOC158434,0.0
LOC158435,0.0
LOC162137,0.0
LOC221946,0.0
LOC254896,0.0
LOC283028,0.0
LOC283038,0.0
LOC283045,2.2600713617144743
LOC283194,0.0
LOC283299,0.0
LOC283387,0.0
LOC283683,0.0
LOC283731,0.0
LOC283788,0.30102999782384715
LOC284009,0.0
LOC284191,0.0
LOC284240,0.0
LOC284344,0.0
LOC284379,0.0
LOC284412,0.0
LOC284600,0.0
LOC284788,0.0
LOC284798,0.0
LOC284898,0.0
LOC284912,0.0
LOC284933,0.0
LOC284950,0.0
LOC285097,0.0
LOC285191,0.0
LOC285422,0.0
LOC285626,0.0
LOC285638,0.0
LOC285762,0.0
LOC285804,0.0
LOC285819,0.0
LOC285847,0.0
LOC285889,0.0
LOC286083,0.0
LOC286177,0.0
LOC286297,0.30102993397971334
LOC286359,0.0
LOC286437,0.0
LOC338694,0.0
LOC338963,0.0
LOC339166,0.0
LOC339260,0.0
LOC339298,0.0
LOC339539,0.0
LOC339593,0.0
LOC339666,0.0
LOC339685,0.0
LOC339902,0.0
LOC339975,0.0
LOC340090,0.0
LOC340184,0.0
LOC340512,0.0
LOC343052,0.0
LOC344967,0.0
LOC349160,0.0
LOC374443,0.0
LOC375196,0.0
LOC388242,0.0
LOC388282,0.0
LOC388436,0.0
LOC389199,0.0
LOC389602,0.0
LOC389705,0.0
LOC389765,0.0
LOC389831,0.0
LOC389831-2,0.0
LOC389834,0.0
LOC389906,0.0
LOC390705,0.0
LOC390877,0.0
LOC391322,0.0
LOC392196,0.0
LOC399900,0.0
LOC399975,0.0
LOC400212,0.49072010389164544
LOC400464,0.0
LOC400499,0.0
LOC400541,0.0
LOC400553,0.0
LOC400622,0.0
LOC400627,0.0
LOC400682,0.7884989162151278
LOC400748,0.0
LOC400940,0.0
LOC401021,0.0
LOC401191,0.0
LOC401261,0.0
LOC401312,0.0
LOC401324,0.0
LOC401357,0.0
LOC401442,0.0
LOC401471,0.0
LOC401478,0.0
LOC401557,0.0
LOC401589,2.8987251405387777
LOC403312,0.0
LOC407835,0.0
LOC408186,1.7558748609882024
LOC414300,0.0
LOC439933,0.0
LOC440084,0.0
LOC440300,0.0
LOC440311,0.0
LOC440313,0.0
LOC440570,0.0
LOC440700,0.0
LOC440742,0.0
LOC440895,0.0
LOC440910,0.0
LOC440982,0.0
LOC441052,0.0
LOC441081,0.0
LOC441087,0.0
LOC441179,0.0
LOC441239,0.0
LOC441666,0.0
LOC442028,0.0
LOC442132,0.0
LOC442497,0.0
LOC497256,0.0
LOC550113,0.0
LOC554206,0.0
LOC574538,0.0
LOC606724,0.0
LOC613038,0.0
LOC613206,0.0
LOC613266,0.0
LOC641746,0.0
LOC642131,0.0
LOC642361,0.0
LOC642414,0.0
LOC642696,0.0
LOC642846,0.0
LOC642929,0.0
LOC643327,0.0
LOC643339,0.0
LOC643406,0.7446176684452194
LOC643441,0.0
LOC644189,0.0
LOC644215,0.0
LOC644277,0.0
LOC644285,0.0
LOC644554,0.3010299220467799
LOC644634,0.0
LOC644669,0.0
LOC644936,0.3012465721218068
LOC645188,0.0
LOC645261,0.0
LOC645485,0.0
LOC645967,0.0
LOC646030,0.0
LOC646214,1.9534505367455164
LOC646471,0.3010299946285035
LOC646548,0.0
LOC646652,1.6213137415525887
LOC646652-2,0.0
LOC646736,0.0
LOC646813,0.0
LOC646903,0.0
LOC646938,0.0
LOC647264,0.0
LOC649133,0.0
LOC649352,0.0
LOC650226,1.7323937037920127
LOC651337,0.0
LOC652276,0.0
LOC653513,0.0
LOC653653,0.0
LOC654780,0.0
LOC727751,0.0
LOC728024,0.0
LOC728158,0.0
LOC728392,0.0
LOC728485,0.0
LOC728554,0.0
LOC728660,0.0
LOC728715,0.0
LOC728739,0.3010301670156386
LOC728743,2.7930915695357488
LOC728989,0.0
LOC729080,0.0
LOC729218,0.0
LOC729254,0.0
LOC729291,0.0
LOC729296,0.0
LOC729558,0.0
LOC729609,0.0
LOC729681,0.0
LOC729683,0.0
LOC729732,0.0
LOC729737,0.0
LOC729815,0.0
LOC729867,0.0
LOC729870,0.0
LOC729930,0.0
LOC729968,0.0
LOC730098,0.0
LOC730101,0.0
LOC730183,0.0
LOC730234,0.0
LOC730338,0.0
LOC730668,0.0
LOC731075,0.0
LOC731157,0.0
LOC780529,0.0
LOC90246,0.0
LOC91450,0.0
LOC93429,0.0
LOC93463,0.0
LOH12CR2,0.0
LOHAN2,0.0
LOLI1,0.0
LONP1,0.0
LONP2,2.19687616941128
LONRF1,0.0
LONRF1-2,0.0
LONRF2,1.4913616932125562
LONRF3,0.0
LORICRIN,0.0
LOX,0.0
LOXHD1,0.0
LOXL1,0.0
LOXL1-AS1,0.0
LOXL2,0.0
LOXL2-AS1,0.0
LOXL3,0.0
LOXL4,0.0
LPA,0.0
LPAL2,0.0
LPAR1,2.2552724898571808
LPAR2,0.0
LPAR3,0.0
LPAR4,0.0
LPAR5,0.0
LPAR6,0.0
LPCAT1,0.3010299475991985
LPCAT2,0.0
LPCAT3,0.0
LPCAT4,0.0
LPCAT4-2,0.0
LPGAT1,1.8573325050421716
LPGAT1-AS1,0.0
LPIN1,0.0
LPIN2,0.0
LPIN3,0.30102992117504346
LPL,1.7634279805218511
LPO,0.0
LPP,1.204119982970039
LPP-AS1,0.301029837232569
LPP-AS2,0.0
LPXN,0.0
LRAT,0.0
LRATD1,1.6720978643665227
LRATD2,1.0791812215969931
LRBA,0.0
LRCH1,0.0
LRCH2,0.0
LRCH3,2.2068258796863973
LRCH4,0.0
LRCOL1,0.0
LRFN1,0.0
LRFN1-2,0.0
LRFN2,0.0
LRFN3,0.0
LRFN4,1.6532124817093272
LRFN5,0.0
LRFN5-DT,0.0
LRG1,0.0
LRGUK,0.0
LRIF1,0.30102998092504635
LRIG1,0.33002518890513766
LRIG2,2.9647309307820753
LRIG2-DT,0.0
LRIG3,0.0
LRIG3-DT,0.0
LRIT1,0.0
LRIT2,0.0
LRIT3,0.0
LRMDA,0.0
LRP1,1.2041199928794366
LRP1-AS,0.0
LRP10,0.0
LRP11,0.0
LRP12,0.0
LRP1B,1.3979400288774906
LRP2,0.0
LRP2BP,0.30102982053132266
LRP3,2.086794869697522
LRP4,0.3010299718876616
LRP4-AS1,0.0
LRP5,0.0
LRP5L,0.6020600707421505
LRP6,0.6989699825654326
LRP6-2,0.0
LRP8,0.0
LRP8-DT,0.0
LRPAP1,0.0
LRPPRC,0.0
LRR1,0.0
LRRC1,0.0
LRRC10,0.0
LRRC10B,0.0
LRRC14,0.0
LRRC14B,0.0
LRRC15,0.0
LRRC17,0.0
LRRC18,0.0
LRRC19,0.0
LRRC2,0.3010299176336512
LRRC2-AS1,0.0
LRRC20,0.0
LRRC23,0.0
LRRC24,0.0
LRRC25,0.0
LRRC26,0.0
LRRC27,0.3013090646804586
LRRC28,0.6020600274731821
LRRC3,0.0
LRRC3-DT,0.0
LRRC30,0.0
LRRC31,0.0
LRRC32,0.0
LRRC34,0.0
LRRC36,0.0
LRRC37A,0.0
LRRC37A-2,0.0
LRRC37A11P,0.0
LRRC37A2,2.63928684529761
LRRC37A2-2,0.0
LRRC37A3,0.0
LRRC37A4P,0.0
LRRC37A5P,0.0
LRRC37A6P,0.0
LRRC37A8P,0.0
LRRC37B,0.0
LRRC38,0.0
LRRC39,0.0
LRRC3B,0.0
LRRC3B-AS1,0.0
LRRC3C,0.0
LRRC4,0.0
LRRC40,0.0
LRRC41,0.0
LRRC42,0.0
LRRC43,0.0
LRRC45,0.0
LRRC46,0.0
LRRC47,0.0
LRRC49,1.1461280193034993
LRRC4B,0.0
LRRC4C,3.316180109919323
LRRC51,0.0
LRRC52,0.0
LRRC52-AS1,0.0
LRRC53,0.0
LRRC55,0.0
LRRC56,0.0
LRRC56-2,0.0
LRRC57,0.3010300490573641
LRRC58,1.5440680535678446
LRRC59,0.0
LRRC61,0.0
LRRC63,0.0
LRRC66,2.068185861332869
LRRC69,0.0
LRRC7,1.7323937623862404
LRRC7-AS1,0.0
LRRC70,0.0
LRRC71,0.0
LRRC72,0.0
LRRC73,0.0
LRRC74A,0.0
LRRC74B,0.0
LRRC75A,0.0
LRRC75B,0.0
LRRC77P,0.0
LRRC78P,0.0
LRRC8A,0.0
LRRC8B,2.120573934131238
LRRC8C,0.3052873077836262
LRRC8C-DT,0.0
LRRC8D,1.7781512390546963
LRRC8D-DT,0.0
LRRC8E,0.0
LRRC9,0.0
LRRCC1,0.0
LRRD1,0.0
LRRFIP1,2.998259329587961
LRRFIP2,0.0
LRRIQ1,0.0
LRRIQ3,0.0
LRRIQ4,0.0
LRRK1,0.0
LRRK2,2.8280150659254026
LRRK2-DT,0.0
LRRN1,3.002166061214344
LRRN2,0.0
LRRN3,0.0
LRRN4,0.0
LRRN4CL,0.4771212145026206
LRRTM1,0.0
LRRTM2,1.7993405502905375
LRRTM3,0.0
LRRTM4,2.1931245843873923
LRRTM4-AS1,1.518513824050598
LRSAM1,0.0
LRTM1,0.0
LRTM2,0.0
LRTM2-2,0.0
LRTOMT,0.0
LRWD1,0.0
LSAMP,1.7481880169836042
LSAMP-AS1,0.0
LSG1,0.30103000137010255
LSINCT5,0.0
LSM1,0.0
LSM10,0.0
LSM11,0.0
LSM12,2.149219072905313
LSM14A,1.0791812295577128
LSM14A-2,0.0
LSM14B,0.0
LSM2,0.0
LSM3,0.0
LSM4,0.0
LSM5,0.0
LSM6,0.0
LSM7,0.0
LSM8,2.445604214161237
LSMEM1,0.0
LSMEM2,0.0
LSP1,0.0
LSP1P3,0.0
LSP1P4,0.0
LSP1P5,0.0
LSR,0.8450979967322345
LSS,0.0
LST1,0.0
LST1-2,0.0
LST1-3,0.0
LST1-4,0.0
LST1-5,0.0
LST1-6,0.0
LST1-7,0.0
LST1-8,0.0
LTA,0.0
LTA-2,0.0
LTA-3,0.0
LTA-4,0.0
LTA-5,0.0
LTA-6,0.0
LTA-7,0.0
LTA4H,0.0
LTB,0.0
LTB4R,0.0
LTB4R2,0.0
LTBP1,0.0
LTBP2,0.0
LTBP3,0.0
LTBP4,0.0
LTBR,0.0
LTC4S,0.0
LTF,0.0
LTK,0.0
LTN1,0.0
LTN1-2,0.0
LTO1,0.0
LTV1,0.0
LUADT1,0.0
LUARIS,0.0
LUC7L,0.9542424538878865
LUC7L2,0.6020599596919892
LUC7L3,1.1461279956148123
LUCAT1,0.0
LUM,0.0
LUNAR1,0.0
LURAP1,0.0
LURAP1L,0.3010299353919862
LURAP1L-AS1,0.0
LUZP1,2.252853039898916
LUZP2,2.5314789138153064
LUZP4,0.0
LVRN,0.0
LXN,0.0
LY6D,0.0
LY6E,0.0
LY6E-DT,0.0
LY6E-DT-2,0.0
LY6G5B,0.0
LY6G5C,0.30102996854809627
LY6G5C-6,0.0
LY6G5C-7,0.0
LY6G6C,0.0
LY6G6C-2,0.0
LY6G6C-3,0.0
LY6G6C-4,0.0
LY6G6C-5,0.0
LY6G6C-6,0.0
LY6G6C-7,0.0
LY6G6D,0.0
LY6G6E,0.0
LY6G6F,0.0
LY6G6F-LY6G6D,0.0
LY6H,0.0
LY6H-2,0.0
LY6K,0.0
LY6L,0.0
LY6S,0.0
LY6S-AS1,0.0
LY75,0.0
LY75-CD302,0.0
LY86,0.0
LY86-AS1,0.0
LY9,0.0
LY96,0.0
LYAR,0.0
LYG1,0.0
LYG2,0.0
LYL1,0.0
LYN,0.0
LYNX1,0.0
LYNX1-SLURP2,0.0
LYPD1,0.0
LYPD2,0.0
LYPD3,0.0
LYPD4,0.0
LYPD5,0.0
LYPD6,0.3010294941378667
LYPD6B,0.0
LYPD8,0.0
LYPD9P,0.0
LYPLA1,0.0
LYPLA1-TCEA1,0.0
LYPLA2,0.0
LYPLA2P2,0.0
LYPLAL1,0.0
LYPLAL1-AS1,0.0
LYPLAL1-DT,0.0
LYRM1,0.0
LYRM2,0.0
LYRM4,0.0
LYRM4-AS1,0.0
LYRM7,1.7160033453697914
LYRM9,0.0
LYSET,2.418301256282538
LYSMD1,0.0
LYSMD2,1.3424225802918934
LYSMD3,0.0
LYSMD4,0.0
LYST,0.30103001688811926
LYVE1,0.0
LYZ,0.0
LYZL1,0.0
LYZL2,0.0
LYZL4,0.0
LYZL6,0.0
LZIC,0.30102995200080634
LZTFL1,0.3010299848003691
LZTR1,0.0
LZTS1,0.0
LZTS1-AS1,0.0
LZTS2,0.0
LZTS3,0.0
M1AP,0.0
M6PR,0.0
MAB21L1,0.0
MAB21L2,0.0
MAB21L3,0.0
MAB21L4,0.0
MACC1,0.3010301845739705
MACC1-AS1,0.0
MACF1,3.4305587833086646
MACIR,0.0
MACO1,0.0
MACORIS,0.0
MACROD1,0.0
MACROD2,0.0
MACROD2-AS1,0.0
MACROD2-IT1,0.0
MACROH2A1,0.6020599296326126
MACROH2A2,0.0
MAD1L1,0.0
MAD2L1,0.0
MAD2L1-DT,0.0
MAD2L1BP,0.0
MAD2L2,0.0
MADCAM1,0.0
MADCAM1-AS1,0.3734916106576253
MADD,0.0
MADD-AS1,0.0
MAEA,0.0
MAEL,0.0
MAF,0.0
MAF1,0.0
MAFA,0.0
MAFA-AS1,0.0
MAFB,0.0
MAFF,0.30102998635285355
MAFG,0.3010299927652149
MAFG-AS1,0.0
MAFIP,0.0
MAFK,0.0
MAFTRR,0.0
MAG,0.0
MAGEA1,0.0
MAGEA10,0.0
MAGEA11,0.0
MAGEA12,0.0
MAGEA2,0.0
MAGEA2B,0.0
MAGEA3,0.0
MAGEA3-2,0.0
MAGEA3-DT,0.0
MAGEA4,0.0
MAGEA4-AS1,0.0
MAGEA5P,0.0
MAGEA6,0.0
MAGEA6-2,0.0
MAGEA6-DT,0.0
MAGEA8,0.0
MAGEA8-AS1,0.0
MAGEA9,0.0
MAGEA9B,0.0
MAGEB1,0.0
MAGEB10,0.0
MAGEB16,0.0
MAGEB17,0.0
MAGEB17-AS1,0.0
MAGEB18,0.0
MAGEB2,0.0
MAGEB3,0.0
MAGEB4,0.0
MAGEB5,0.0
MAGEB6,0.0
MAGEB6B,0.0
MAGEC1,0.0
MAGEC2,0.0
MAGEC3,0.0
MAGED1,2.7184121067226727
MAGED2,0.7781512168494108
MAGED4,1.6720978313345245
MAGED4B,0.0
MAGEE1,2.7958800043463334
MAGEE2,0.0
MAGEF1,0.0
MAGEH1,2.766412776482146
MAGEL2,0.0
MAGI1,0.0
MAGI1-AS1,0.0
MAGI1-IT1,0.0
MAGI2,0.3011285274884123
MAGI2-AS2,0.0
MAGI2-AS3,3.115277598137024
MAGI3,0.0
MAGIX,0.30103004394778593
MAGOH,0.0
MAGOH-DT,0.0
MAGOH2P,0.0
MAGOHB,0.0
MAGT1,0.0
MAILR,0.0
MAIP1,0.0
MAJIN,0.0
MAK,0.3010300123559438
MAK16,0.0
MAL,0.0
MAL-AS1,0.0
MAL2,0.0
MAL2-AS1,0.0
MALAT1,4.060458694845037
MALINC1,0.0
MALL,0.0
MALLP2,0.0
MALRD1,0.0
MALSU1,0.0
MALT1,0.0
MALT1-AS1,0.0
MAMDC2,1.5051499647557574
MAMDC2-AS1,0.0
MAMDC4,0.0
MAML1,0.0
MAML2,2.8549130243456733
MAML3,0.0
MAMLD1,0.0
MAMSTR,0.0
MAN1A1,0.0
MAN1A2,0.6020599444033619
MAN1B1,0.0
MAN1B1-DT,1.4149732996173363
MAN1C1,0.0
MAN2A1,0.0
MAN2A1-DT,0.0
MAN2A2,0.0
MAN2B1,0.0
MAN2B2,0.0
MAN2C1,0.0
MANBA,0.0
MANBAL,0.6020599168709108
MANCR,0.0
MANEA,0.0
MANEA-DT,0.0
MANEAL,0.0
MANF,0.0
MANSC1,0.6020599664526183
MANSC4,0.0
MAOA,0.0
MAOB,0.0
MAP10,0.0
MAP1A,0.9999999769929782
MAP1B,1.2041199850773092
MAP1LC3A,0.0
MAP1LC3B,2.093421647317644
MAP1LC3B2,0.0
MAP1LC3BP1,0.0
MAP1LC3C,0.0
MAP1S,0.0
MAP2,1.1139433798196152
MAP2K1,0.0
MAP2K2,0.0
MAP2K3,0.0
MAP2K4,0.0
MAP2K4P1,0.0
MAP2K5,2.888740374473995
MAP2K5-DT,0.0
MAP2K6,0.0
MAP2K7,0.0
MAP3K1,0.9542424997036648
MAP3K10,0.0
MAP3K11,0.0
MAP3K12,0.483481126031009
MAP3K13,2.060697849391291
MAP3K14,0.0
MAP3K14-AS1,0.0
MAP3K15,0.0
MAP3K19,0.0
MAP3K2,0.0
MAP3K2-DT,0.0
MAP3K20,0.0
MAP3K20-AS1,0.0
MAP3K21,0.0
MAP3K3,0.0
MAP3K4,0.8450980276826876
MAP3K4-AS1,0.0
MAP3K5,0.0
MAP3K5-AS1,0.0
MAP3K5-AS2,0.0
MAP3K6,0.0
MAP3K7,0.0
MAP3K7CL,0.0
MAP3K8,0.0
MAP3K9,0.3010302164092742
MAP3K9-DT,0.0
MAP4,1.5185139423371208
MAP4K1,0.0
MAP4K1-AS1,0.0
MAP4K2,0.0
MAP4K3,0.0
MAP4K3-DT,0.0
MAP4K4,0.0
MAP4K5,1.6020599858890017
MAP6,0.0
MAP6D1,1.6812411961375562
MAP7,0.0
MAP7-AS1,0.0
MAP7D1,0.3010300286220387
MAP7D2,0.0
MAP7D3,0.0
MAP9,0.0
MAP9-AS1,0.0
MAPDA,0.0
MAPK1,0.0
MAPK10,0.0
MAPK10-AS1,0.0
MAPK11,0.0
MAPK12,0.0
MAPK13,0.0
MAPK14,0.6020600230078698
MAPK15,0.0
MAPK15-2,0.0
MAPK1IP1L,0.0
MAPK3,0.0
MAPK4,0.0
MAPK6,1.7242758079327332
MAPK6-DT,0.0
MAPK7,0.3010300168942623
MAPK8,0.47712126097321195
MAPK8IP1,0.0
MAPK8IP1P2,0.0
MAPK8IP2,0.0
MAPK8IP3,0.0
MAPK8IP3-AS1,0.0
MAPK9,0.0
MAPKAP1,0.0
MAPKAPK2,0.0
MAPKAPK3,0.0
MAPKAPK5,0.8450980259561113
MAPKAPK5-AS1,0.0
MAPKBP1,0.0
MAPRE1,0.0
MAPRE2,0.0
MAPRE3,0.0
MAPRE3-AS1,0.0
MAPT,1.832508904154407
MAPT-2,0.0
MAPT-3,0.0
MAPT-AS1,0.0
MAPT-IT1,0.0
MARCHF1,2.2671717308310133
MARCHF10,0.0
MARCHF10-DT,0.0
MARCHF11,0.0
MARCHF11-AS1,0.0
MARCHF11-DT,0.0
MARCHF2,0.0
MARCHF3,0.0
MARCHF4,0.0
MARCHF5,0.0
MARCHF6,0.0
MARCHF6-DT,0.0
MARCHF7,1.1139433295280239
MARCHF8,0.0
MARCHF9,0.0
MARCKS,3.521268867991489
MARCKSL1,2.389166004441363
MARCO,0.0
MARCOL,0.0
MARF1,0.0
MARF1-2,0.0
MARK1,1.5910646099754846
MARK2,0.0
MARK2P21,0.0
MARK2P9,0.0
MARK3,0.0
MARK4,0.0
MARS1,0.0
MARS2,0.30102994199354466
MARVELD1,0.0
MARVELD2,0.4771212673209989
MARVELD2-2,0.0
MARVELD2-3,0.0
MARVELD3,0.0
MAS1,0.0
MAS1L,0.0
MASCRNA,0.0
MASP1,0.30102998635285355
MASP2,0.0
MAST1,0.0
MAST2,0.0
MAST3,0.3010299915519525
MAST4,0.0
MAST4-AS1,0.0
MASTL,0.0
MAT1A,0.0
MAT2A,0.0
MAT2B,1.8692316792153016
MATCAP1,0.0
MATCAP2,0.0
MATK,0.0
MATN1,0.0
MATN1-AS1,0.0
MATN2,1.2041199706709387
MATN3,0.0
MATN4,0.0
MATR3,0.3010299441028655
MAU2,0.0
MAVS,0.0
MAX,0.30103027088295187
MAZ,1.3222192354062863
MB,0.0
MB21D2,0.0
MBD1,1.0791812162031351
MBD2,0.0
MBD3,0.0
MBD3L1,0.0
MBD3L2,0.0
MBD3L2B,0.0
MBD3L3,0.0
MBD3L4,0.0
MBD3L5,0.0
MBD4,0.6020599415750609
MBD5,3.4674462890242785
MBD6,0.0
MBIP,0.0
MBL1P,0.0
MBL2,0.0
MBLAC1,0.0
MBLAC2,0.0
MBNL1,0.9999999827467628
MBNL1-AS1,0.0
MBNL2,2.927370354593379
MBNL3,0.0
MBOAT1,0.0
MBOAT2,0.0
MBOAT4,0.0
MBOAT7,0.0
MBOAT7-10,0.0
MBOAT7-2,0.0
MBOAT7-3,0.0
MBOAT7-4,0.0
MBOAT7-5,0.0
MBOAT7-6,0.0
MBOAT7-7,0.0
MBOAT7-8,0.0
MBOAT7-9,0.0
MBP,2.9400181163499286
MBTD1,0.0
MBTPS1,0.0
MBTPS1-DT,0.0
MBTPS2,0.0
MC1R,0.30102995735556354
MC2R,0.0
MC3R,0.0
MC4R,0.0
MC5R,0.0
MCAM,0.0
MCAT,0.0
MCC,0.0
MCCC1,0.30103000976189864
MCCC2,1.0413926557370932
MCCC2-2,1.7741001956277875
MCCD1,0.0
MCEE,0.0
MCEMP1,0.0
MCF2,0.0
MCF2L,0.4771212332257389
MCF2L-AS1,1.6989699093930295
MCF2L2,1.0791812528396176
MCFD2,0.3010300440706738
MCHR1,0.0
MCHR2,0.0
MCHR2-AS1,0.0
MCIDAS,0.0
MCL1,0.0
MCM10,0.0
MCM2,0.0
MCM3,0.0
MCM3AP,0.0
MCM3AP-AS1,0.0
MCM4,0.0
MCM5,0.0
MCM6,0.0
MCM7,0.0
MCM8,0.3010299900319821
MCM8-AS1,0.0
MCM9,0.30102995268104227
MCMBP,0.0
MCMDC2,0.0
MCOLN1,0.0
MCOLN2,0.0
MCOLN3,0.0
MCPH1,0.6020600084447952
MCPH1-AS1,0.30103005266497845
MCPH1-DT,0.0
MCRIP1,0.0
MCRIP1-2,0.0
MCRIP2,0.0
MCRS1,0.0
MCTP1,0.0
MCTP1-AS1,0.0
MCTP2,0.0
MCTS1,0.0
MCTS2,0.0
MCU,0.0
MCUB,0.0
MCUR1,0.0
MDC1,0.0
MDC1-2,0.0
MDC1-3,0.0
MDC1-4,0.0
MDC1-5,0.0
MDC1-6,0.0
MDC1-7,0.0
MDC1-8,0.0
MDC1-AS1,0.0
MDFI,0.0
MDFIC,0.0
MDFIC2,0.0
MDGA1,0.0
MDGA2,0.0
MDH1,2.4742161821352404
MDH1B,0.0
MDH2,2.322219252089533
MDK,0.0
MDM1,0.0
MDM2,2.3802112454259348
MDM4,1.9637878339966124
MDN1,0.0
MDN1-AS1,0.0
MDP1,0.0
MDS2,0.0
ME1,0.0
ME2,0.0
ME3,0.0
MEA1,0.0
MEAF6,0.0
MEAK7,0.0
MEAT6,0.0
MECOM,0.0
MECOM-AS1,0.0
MECP2,0.0
MECR,0.0
MED1,0.0
MED10,0.0
MED11,0.0
MED12,1.799340556790787
MED12L,1.1760912736964486
MED13,1.113943334180594
MED13L,1.2304489209374292
MED14,0.0
MED14OS,0.0
MED15,0.0
MED15P9,0.0
MED16,0.0
MED17,0.0
MED18,0.0
MED18-2,0.0
MED19,0.0
MED20,0.0
MED21,1.4313637372752026
MED22,0.0
MED23,0.0
MED24,0.0
MED25,0.0
MED26,0.0
MED27,0.0
MED28,0.778151211266457
MED28-DT,0.0
MED28P8,0.0
MED29,0.0
MED30,0.0
MED31,2.372911944176924
MED4,0.0
MED4-AS1,0.0
MED6,0.0
MED7,0.0
MED8,1.8512583048699007
MED8-AS1,0.0
MED9,0.0
MEDAG,0.0
MEF2A,0.0
MEF2B,0.0
MEF2C,1.2304489255386286
MEF2C-AS1,0.0
MEF2C-AS2,0.0
MEF2D,0.0
MEF2D-2,0.0
MEFV,0.0
MEG3,1.3222193135000917
MEG8,1.9822712263969
MEG9,0.0
MEGF10,0.0
MEGF11,0.6020599720757234
MEGF6,0.0
MEGF8,0.0
MEGF9,0.0
MEI1,0.0
MEI4,0.0
MEIG1,0.0
MEIKIN,0.0
MEIOB,0.0
MEIOC,0.0
MEIOSIN,0.0
MEIS1,0.0
MEIS1-AS2,0.0
MEIS1-AS3,0.0
MEIS2,0.0
MEIS3,0.0
MEIS3P1,0.0
MELK,0.0
MELTF,0.0
MELTF-AS1,0.0
MEMO1,0.0
MEN1,0.9999999680307599
MEOX1,0.0
MEOX2,0.0
MEP1A,0.0
MEP1B,0.0
MEPCE,0.0
MEPE,0.0
MERTK,0.0
MESD,0.0
MESP1,0.0
MESP2,0.0
MEST,0.477121240719628
MESTIT1,0.0
MET,0.0
METAP1,0.0
METAP1D,1.7853297894890479
METAP1D-2,0.0
METAP2,1.9344984354732708
METRN,0.0
METRNL,1.3010299395950573
METTL1,0.0
METTL13,0.0
METTL14,0.0
METTL14-DT,0.0
METTL15,0.0
METTL16,0.0
METTL17,0.0
METTL18,0.0
METTL21A,0.0
METTL21C,0.0
METTL21EP,0.0
METTL22,0.30102999666938157
METTL23,0.0
METTL24,0.0
METTL25,0.0
METTL25B,1.477121195542963
METTL26,0.0
METTL27,0.0
METTL2A,0.301030046713021
METTL2B,0.5630453556280324
METTL3,0.0
METTL4,0.0
METTL5,0.0
METTL6,0.30102997793118885
METTL8,0.0
METTL9,0.0
METTL9-2,2.3263358378505266
MEX3A,0.0
MEX3B,0.0
MEX3C,0.0
MEX3D,1.2041199650782897
MFAP1,0.0
MFAP2,0.0
MFAP2-2,0.0
MFAP3,0.0
MFAP3L,0.0
MFAP4,0.0
MFAP5,0.0
MFF,0.0
MFF-DT,0.0
MFFP2,0.0
MFFP3,0.0
MFGE8,0.0
MFHAS1,0.0
MFHAS1-2,0.0
MFN1,1.1461280295296052
MFN2,0.0
MFNG,0.0
MFRP,0.0
MFSD1,0.0
MFSD10,0.0
MFSD11,1.7993405172207342
MFSD12,0.0
MFSD13A,0.0
MFSD13B,0.0
MFSD14A,0.0
MFSD14B,0.0
MFSD14CP,0.0
MFSD2A,0.0
MFSD2B,0.0
MFSD3,0.0
MFSD4A,0.0
MFSD4A-AS1,0.0
MFSD4B,0.4853612852938488
MFSD4B-DT,0.0
MFSD5,0.0
MFSD6,0.0
MFSD6L,0.0
MFSD8,0.0
MFSD9,0.0
MGA,2.1430148033583225
MGAM,0.0
MGAM2,0.0
MGAM2-2,0.0
MGARP,0.0
MGAT1,0.0
MGAT2,0.0
MGAT3,0.0
MGAT3-AS1,0.0
MGAT4A,0.0
MGAT4B,0.0
MGAT4B-2,0.0
MGAT4C,0.0
MGAT4D,0.0
MGAT4EP,0.0
MGAT4FP,0.0
MGAT5,0.0
MGAT5B,0.0
MGC12916,0.0
MGC15885,0.0
MGC16025,0.0
MGC16275,0.0
MGC27382,0.0
MGC2889,0.0
MGC32805,0.0
MGC34796,0.0
MGC4859,0.0
MGC70870,0.0
MGLL,0.0
MGME1,0.0
MGMT,0.0
MGP,0.0
MGRN1,0.0
MGST1,0.0
MGST2,0.0
MGST3,0.0
MHENCR,0.0
MHRT,0.0
MIA,0.0
MIA-RAB4B,0.0
MIA2,0.0
MIA2-AS1,0.0
MIA3,0.3010299730445152
MIAT,1.6020600021092881
MIATNB,0.0
MIB1,1.9956352061306188
MIB2,0.3011639974943417
MICA,0.0
MICA-4,0.0
MICA-AS1,0.0
MICAL1,0.0
MICAL2,0.0
MICAL3,0.0
MICALL1,0.7781512222182485
MICALL2,0.0
MICALL2-DT,0.0
MICB,0.0
MICB-2,0.0
MICB-6,0.0
MICB-DT,0.0
MICOS10,0.0
MICOS10-DT,0.0
MICOS10-NBL1,0.0
MICOS10P1,0.0
MICOS13,0.0
MICU1,2.45331829057036
MICU2,2.8853611618114403
MICU3,0.30103000030097593
MID1,0.0
MID1IP1,0.0
MID1IP1-AS1,0.0
MID2,0.0
MIDEAS,0.0
MIDEAS-AS1,0.0
MIDN,0.0
MIEF1,0.0
MIEF2,0.0
MIEF2-2,0.0
MIEN1,0.0
MIER1,0.0
MIER2,0.0
MIER3,0.0
MIF,0.0
MIF-AS1,0.0
MIF4GD,0.0
MIF4GD-DT,0.0
MIGA1,0.95424249425036
MIGA2,0.0
MIIP,0.0
MILIP,0.0
MILR1,0.6989699693833105
MIMT1,0.0
MINAR1,0.0
MINAR2,0.0
MINCR,0.0
MINDY1,0.0
MINDY2,0.0
MINDY2-DT,0.0
MINDY3,0.0
MINDY4,0.0
MINDY4B,0.0
MINK1,0.0
MINPP1,0.0
MIOS,0.0
MIOS-DT,0.0
MIOX,0.0
MIP,0.0
MIPEP,0.0
MIPEPP3,0.0
MIPOL1,0.3010299626046714
MIR1-1,0.0
MIR1-1HG,0.0
MIR1-2,0.0
MIR100,0.0
MIR100HG,0.30102992985793153
MIR101-1,0.0
MIR101-2,0.0
MIR10226,0.0
MIR10392,0.0
MIR10393,0.0
MIR10394,0.0
MIR10396A,0.0
MIR10396B,0.0
MIR10397,0.0
MIR10398,0.0
MIR10399,0.0
MIR103A1,0.0
MIR103A2,0.0
MIR103B1,0.0
MIR103B2,0.0
MIR10400,0.0
MIR105-1,0.0
MIR105-2,0.0
MIR10522,0.0
MIR10523,0.0
MIR10524,0.0
MIR10525,0.0
MIR10526,0.0
MIR10527,0.0
MIR106A,0.0
MIR106AHG,0.0
MIR106B,0.0
MIR107,0.0
MIR10A,0.0
MIR10B,0.0
MIR11181,0.0
MIR11399,0.0
MIR11400,0.0
MIR11401,0.0
MIR1178,0.0
MIR1179,0.0
MIR1180,0.0
MIR1181,0.0
MIR1182,0.0
MIR1183,0.0
MIR1184-1,0.0
MIR1184-2,0.0
MIR1184-3,0.0
MIR1185-1,0.0
MIR1185-2,0.0
MIR1193,0.0
MIR1197,0.0
MIR1199,0.0
MIR1200,0.0
MIR1202,0.0
MIR1203,0.0
MIR1204,0.0
MIR1205,0.0
MIR1206,0.0
MIR1207,0.0
MIR1208,0.0
MIR12113,0.0
MIR12114,0.0
MIR12115,0.0
MIR12116,0.0
MIR12117,0.0
MIR12118,0.0
MIR12119,0.0
MIR12120,0.0
MIR12121,0.0
MIR12122,0.0
MIR12123,0.0
MIR12124,0.0
MIR12125,0.0
MIR12126,0.0
MIR12127,0.0
MIR12128,0.0
MIR12129,0.0
MIR12130,0.0
MIR12131,0.0
MIR12132,0.0
MIR12133,0.0
MIR12135,0.0
MIR12136,0.3010372636835307
MIR122,0.0
MIR1224,0.0
MIR1225,0.0
MIR1226,0.0
MIR1227,0.0
MIR1228,0.0
MIR1229,0.0
MIR122HG,0.0
MIR1231,0.0
MIR1233-1,0.0
MIR1233-2,0.0
MIR1234,0.0
MIR1236,0.0
MIR1237,0.0
MIR1238,0.0
MIR124-1,0.0
MIR124-1HG,0.0
MIR124-2,0.0
MIR124-2HG,0.0
MIR124-3,0.0
MIR1243,0.0
MIR1244-1,0.3513161425318507
MIR1244-2,0.3513161425318507
MIR1244-3,0.3513161425318507
MIR1244-4,0.3513161425318507
MIR1245A,0.0
MIR1245B,0.0
MIR1246,0.0
MIR1247,0.0
MIR1248,0.0
MIR1249,0.0
MIR1250,0.0
MIR1251,0.0
MIR1252,0.0
MIR1253,0.0
MIR1255A,0.0
MIR1255B1,0.0
MIR1255B2,0.0
MIR1256,0.0
MIR1257,0.0
MIR1258,0.0
MIR125A,0.0
MIR125B1,0.0
MIR125B2,0.0
MIR126,0.0
MIR1260A,0.0
MIR1260B,0.0
MIR1261,0.0
MIR1262,0.0
MIR1263,0.0
MIR1264,0.0
MIR1265,0.0
MIR1266,0.0
MIR1267,0.0
MIR1268A,0.0
MIR1268B,0.0
MIR1269A,0.0
MIR1269B,0.0
MIR127,0.0
MIR1270,0.0
MIR1271,0.0
MIR1272,0.0
MIR1273C,0.0
MIR1273H,0.0
MIR1275,0.0
MIR1276,0.0
MIR1277,0.0
MIR1278,0.0
MIR1279,0.0
MIR128-1,0.0
MIR128-2,0.0
MIR1281,0.0
MIR1282,0.0
MIR1283-1,0.0
MIR1283-2,0.0
MIR1284,0.0
MIR1285-1,0.0
MIR1285-2,0.0
MIR1286,0.0
MIR1287,0.0
MIR1288,0.0
MIR1289-1,0.0
MIR1289-2,0.0
MIR129-1,0.0
MIR129-2,0.0
MIR1290,0.0
MIR1291,0.0
MIR1292,0.0
MIR1293,0.0
MIR1294,0.0
MIR1295A,0.0
MIR1295B,0.0
MIR1296,0.0
MIR1297,0.0
MIR1298,0.0
MIR1299,0.0
MIR1301,0.0
MIR1302-1,0.0
MIR1302-10,0.0
MIR1302-11,0.0
MIR1302-2,0.0
MIR1302-2HG,0.0
MIR1302-3,0.0
MIR1302-4,0.0
MIR1302-5,0.0
MIR1302-6,0.0
MIR1302-7,0.0
MIR1302-8,0.0
MIR1302-9,0.0
MIR1303,0.0
MIR1304,0.0
MIR1305,0.0
MIR1306,0.0
MIR1307,0.0
MIR130A,0.0
MIR130AHG,0.0
MIR130B,0.0
MIR132,0.0
MIR1321,0.0
MIR1322,0.0
MIR1323,0.0
MIR1324,0.0
MIR133A1,0.0
MIR133A1HG,0.0
MIR133A2,0.0
MIR133B,0.0
MIR134,0.0
MIR1343,0.0
MIR135A1,0.0
MIR135A2,0.0
MIR135B,0.0
MIR136,0.0
MIR137,0.0
MIR137HG,0.0
MIR138-1,0.0
MIR138-2,0.0
MIR139,0.0
MIR140,0.0
MIR141,0.0
MIR142,0.0
MIR142HG,0.0
MIR143,0.0
MIR144,0.0
MIR145,0.0
MIR1468,0.0
MIR1469,0.0
MIR146A,0.0
MIR146B,0.0
MIR1470,0.0
MIR1471,0.0
MIR147A,0.0
MIR147B,0.0
MIR148A,0.0
MIR148B,0.0
MIR149,0.0
MIR150,0.0
MIR151A,0.0
MIR151B,0.0
MIR152,0.0
MIR153-1,0.0
MIR153-2,0.0
MIR1537,0.0
MIR1538,0.0
MIR1539,0.0
MIR154,0.0
MIR155,0.0
MIR155HG,0.0
MIR1587,0.0
MIR15A,0.0
MIR15B,0.0
MIR16-1,0.0
MIR16-2,0.0
MIR17,0.0
MIR17HG,0.0
MIR181A1,0.0
MIR181A1HG,0.0
MIR181A2,0.0
MIR181A2HG,0.0
MIR181B1,0.0
MIR181B2,0.0
MIR181C,0.0
MIR181D,0.0
MIR182,0.0
MIR1825,0.0
MIR1827,0.0
MIR183,0.0
MIR184,0.0
MIR1843,0.0
MIR185,0.0
MIR186,0.0
MIR187,0.0
MIR188,0.0
MIR18A,0.0
MIR18B,0.0
MIR1908,0.0
MIR1909,0.0
MIR190A,0.0
MIR190B,0.0
MIR191,0.0
MIR1910,0.0
MIR1911,0.0
MIR1912,0.0
MIR1913,0.0
MIR1914,0.0
MIR1915,0.0
MIR1915HG,0.0
MIR192,0.0
MIR193A,0.0
MIR193B,0.0
MIR193BHG,0.0
MIR194-1,0.0
MIR194-2,0.0
MIR194-2HG,0.0
MIR195,0.0
MIR196A1,0.0
MIR196A2,0.0
MIR196B,0.0
MIR197,0.0
MIR1972-1,0.30101739664383814
MIR1972-2,0.30101739664383814
MIR1973,0.0
MIR1976,0.0
MIR198,0.0
MIR199A1,0.0
MIR199A2,0.0
MIR199B,0.0
MIR19A,0.0
MIR19B1,0.0
MIR19B2,0.0
MIR200A,0.0
MIR200B,0.0
MIR200C,0.0
MIR200CHG,0.0
MIR202,0.0
MIR202HG,0.0
MIR203A,0.0
MIR203B,0.0
MIR204,0.0
MIR205,0.0
MIR2052,0.0
MIR2052HG,0.5024842300271956
MIR2053,0.0
MIR2054,0.0
MIR205HG,0.0
MIR206,0.0
MIR208A,0.0
MIR208B,0.0
MIR20A,0.0
MIR20B,0.0
MIR21,0.0
MIR210,0.0
MIR210HG,0.0
MIR211,0.0
MIR2110,0.0
MIR2113,0.0
MIR2114,0.0
MIR2115,0.0
MIR2116,0.0
MIR2117,0.0
MIR2117HG,0.0
MIR212,0.0
MIR214,0.0
MIR215,0.0
MIR216A,0.0
MIR216B,0.0
MIR217,0.0
MIR217HG,0.0
MIR218-1,0.0
MIR218-2,0.0
MIR219A1,0.0
MIR219A2,0.0
MIR219A2HG,0.0
MIR219B,0.0
MIR22,0.0
MIR221,0.0
MIR222,0.0
MIR222HG,0.0
MIR223,0.0
MIR223HG,0.0
MIR224,0.0
MIR2276,0.0
MIR2277,0.0
MIR2278,0.0
MIR22HG,0.0
MIR2355,0.0
MIR2392,0.0
MIR23A,0.0
MIR23AHG,0.0
MIR23B,0.0
MIR23C,0.0
MIR24-1,0.0
MIR24-2,0.0
MIR2467,0.0
MIR25,0.0
MIR2681,0.0
MIR2682,0.0
MIR26A1,0.0
MIR26A2,0.0
MIR26B,0.0
MIR27A,0.0
MIR27B,0.0
MIR28,0.0
MIR2861,0.0
MIR2909,0.0
MIR296,0.0
MIR297,0.0
MIR298,0.0
MIR299,0.0
MIR29A,0.0
MIR29B1,0.0
MIR29B2,0.0
MIR29B2CHG,0.0
MIR29C,0.0
MIR300,0.0
MIR301A,0.0
MIR301B,0.0
MIR302A,0.0
MIR302B,0.0
MIR302C,0.0
MIR302CHG,0.0
MIR302D,0.0
MIR302E,0.0
MIR302F,0.0
MIR3059,0.0
MIR3064,0.0
MIR3065,0.0
MIR3074,0.0
MIR3085,0.0
MIR30A,0.0
MIR30B,0.0
MIR30C1,0.0
MIR30C2,0.0
MIR30D,0.0
MIR30E,0.0
MIR31,0.0
MIR3115,0.0
MIR3116-1,0.0
MIR3116-2,0.0
MIR3117,0.0
MIR3118-1,0.0
MIR3118-2,0.0
MIR3118-3,0.0
MIR3118-4,0.0
MIR3119-1,0.0
MIR3119-2,0.0
MIR3120,0.0
MIR3121,0.0
MIR3122,0.0
MIR3123,0.0
MIR3124,0.0
MIR3125,0.0
MIR3126,0.0
MIR3127,0.0
MIR3128,0.0
MIR3129,0.0
MIR3130-1,0.0
MIR3130-2,0.0
MIR3131,0.0
MIR3132,0.0
MIR3133,0.0
MIR3134,0.0
MIR3135A,0.0
MIR3135B,0.0
MIR3136,0.0
MIR3137,0.0
MIR3138,0.0
MIR3139,0.0
MIR3140,0.0
MIR3141,0.0
MIR3142,0.0
MIR3142HG,0.0
MIR3143,0.0
MIR3144,0.0
MIR3145,0.0
MIR3146,0.0
MIR3147,0.0
MIR3147HG,0.0
MIR3148,0.0
MIR3149,0.0
MIR3150A,0.0
MIR3150B,0.0
MIR3150BHG,0.0
MIR3151,0.0
MIR3152,0.0
MIR3153,0.0
MIR3154,0.0
MIR3155A,0.0
MIR3155B,0.0
MIR3156-1,0.0
MIR3156-2,0.0
MIR3156-3,0.0
MIR3157,0.0
MIR3158-1,0.0
MIR3158-2,0.0
MIR3159,0.0
MIR3160-1,0.0
MIR3160-2,0.0
MIR3161,0.0
MIR3162,0.0
MIR3163,0.0
MIR3164,0.0
MIR3165,0.0
MIR3166,0.0
MIR3167,0.0
MIR3168,0.0
MIR3169,0.0
MIR3170,0.0
MIR3171,0.0
MIR3171HG,0.0
MIR3173,0.0
MIR3174,0.0
MIR3175,0.0
MIR3176,0.0
MIR3177,0.0
MIR3178,0.0
MIR3179-1,0.0
MIR3179-2,0.0
MIR3179-3,0.0
MIR3179-4,0.0
MIR3180-1,0.0
MIR3180-2,0.0
MIR3180-3,0.0
MIR3180-4,0.0
MIR3180-5,0.0
MIR3181,0.0
MIR3182,0.0
MIR3183,0.0
MIR3184,0.0
MIR3185,0.0
MIR3186,0.0
MIR3187,0.0
MIR3188,0.0
MIR3189,0.0
MIR3190,0.0
MIR3191,0.0
MIR3192,0.0
MIR3193,0.0
MIR3194,0.0
MIR3195,0.0
MIR3196,0.0
MIR3197,0.0
MIR3198-1,0.0
MIR3198-2,0.0
MIR3199-1,0.0
MIR3199-2,0.0
MIR31HG,0.0
MIR32,0.0
MIR3200,0.0
MIR3201,0.0
MIR3202-1,0.0
MIR3202-2,0.0
MIR320A,0.0
MIR320B1,0.0
MIR320B2,0.0
MIR320C1,0.0
MIR320C2,0.0
MIR320D1,0.0
MIR320D2,0.0
MIR320E,0.0
MIR323A,0.0
MIR323B,0.0
MIR324,0.0
MIR325,0.0
MIR325HG,0.0
MIR326,0.0
MIR328,0.0
MIR329-1,0.0
MIR329-2,0.0
MIR330,0.0
MIR331,0.0
MIR335,0.0
MIR337,0.0
MIR338,0.0
MIR339,0.0
MIR33A,0.0
MIR33B,0.0
MIR340,0.0
MIR342,0.0
MIR345,0.0
MIR346,0.0
MIR34A,0.0
MIR34AHG,0.0
MIR34B,0.0
MIR34BHG,0.0
MIR34C,0.0
MIR3529,0.0
MIR3591,0.0
MIR3605,0.0
MIR3606,0.0
MIR3609,0.0
MIR361,0.0
MIR3610,0.0
MIR3611,0.0
MIR3612,0.0
MIR3613,0.0
MIR3614,0.0
MIR3615,0.0
MIR3616,0.0
MIR3617,0.0
MIR3618,0.0
MIR3619,0.0
MIR362,0.0
MIR3620,0.0
MIR3621,0.0
MIR3622A,0.0
MIR3622B,0.0
MIR363,0.0
MIR3646,0.0
MIR3648-1,0.0
MIR3648-2,0.0
MIR3649,0.0
MIR3650,0.0
MIR3651,0.0
MIR3652,0.0
MIR3654,0.0
MIR3655,0.0
MIR3657,0.0
MIR3658,0.0
MIR3659,0.0
MIR3659HG,0.0
MIR365A,0.0
MIR365B,0.0
MIR365BHG,0.0
MIR3660,0.0
MIR3661,0.0
MIR3662,0.0
MIR3663,0.0
MIR3663HG,0.0
MIR3664,0.0
MIR3665,0.0
MIR3666,0.0
MIR3667,0.0
MIR3667HG,0.0
MIR3668,0.0
MIR367,0.0
MIR3670-1,0.0
MIR3670-2,0.0
MIR3670-3,0.0
MIR3670-4,0.0
MIR3671,0.0
MIR3672,0.0
MIR3674,0.0
MIR3675,0.0
MIR3677,0.0
MIR3677HG,0.0
MIR3678,0.0
MIR3679,0.0
MIR3680-1,0.0
MIR3680-2,0.0
MIR3681,0.0
MIR3681HG,0.0
MIR3682,0.0
MIR3683,0.0
MIR3684,0.0
MIR3685,0.0
MIR3686,0.0
MIR3688-1,0.0
MIR3688-2,0.0
MIR3689A,0.0
MIR3689B,0.0
MIR3689C,0.0
MIR3689D1,0.0
MIR3689D2,0.0
MIR3689E,0.0
MIR3689F,0.0
MIR369,0.0
MIR3690,0.0
MIR3691,0.0
MIR3692,0.0
MIR370,0.0
MIR3713,0.0
MIR3714,0.0
MIR371A,0.0
MIR371B,0.0
MIR372,0.0
MIR373,0.0
MIR374A,0.0
MIR374B,0.0
MIR374C,0.0
MIR375,0.0
MIR376A1,0.0
MIR376A2,0.0
MIR376B,0.0
MIR376C,0.0
MIR377,0.0
MIR378A,0.0
MIR378B,0.0
MIR378C,0.0
MIR378D1,0.0
MIR378D2,0.0
MIR378D2HG,0.0
MIR378E,0.0
MIR378F,0.0
MIR378G,0.0
MIR378H,0.0
MIR378I,0.0
MIR378J,0.0
MIR379,0.0
MIR380,0.0
MIR381,0.0
MIR381HG,0.0
MIR382,0.0
MIR383,0.0
MIR384,0.0
MIR3907,0.0
MIR3908,0.0
MIR3909,0.0
MIR3910-1,0.0
MIR3910-2,0.0
MIR3911,0.0
MIR3912,0.0
MIR3913-1,0.0
MIR3913-2,0.0
MIR3914-1,0.0
MIR3914-2,0.0
MIR3915,0.0
MIR3916,0.0
MIR3917,0.0
MIR3918,0.0
MIR3919,0.0
MIR3920,0.0
MIR3921,0.0
MIR3922,0.0
MIR3923,0.0
MIR3924,0.0
MIR3925,0.0
MIR3926-1,0.0
MIR3926-2,0.0
MIR3927,0.0
MIR3928,0.0
MIR3929,0.0
MIR3934,0.0
MIR3935,0.0
MIR3936,0.0
MIR3936HG,0.0
MIR3937,0.0
MIR3938,0.0
MIR3939,0.0
MIR3940,0.0
MIR3941,0.0
MIR3942,0.0
MIR3943,0.0
MIR3944,0.0
MIR3945,0.0
MIR3945HG,0.0
MIR3960,0.0
MIR3972,0.0
MIR3973,0.0
MIR3974,0.0
MIR3975,0.0
MIR3976,0.0
MIR3976HG,0.0
MIR3977,0.0
MIR3978,0.0
MIR409,0.0
MIR410,0.0
MIR411,0.0
MIR412,0.0
MIR421,0.0
MIR422A,0.0
MIR423,0.0
MIR424,0.0
MIR425,0.0
MIR4251,0.0
MIR4252,0.0
MIR4253,0.0
MIR4254,0.0
MIR4255,0.0
MIR4256,0.0
MIR4257,0.0
MIR4258,0.0
MIR4259,0.0
MIR4260,0.0
MIR4261,0.0
MIR4262,0.0
MIR4263,0.0
MIR4264,0.0
MIR4265,0.0
MIR4266,0.0
MIR4267,0.0
MIR4268,0.0
MIR4269,0.0
MIR4270,0.0
MIR4271,0.0
MIR4272,0.0
MIR4273,0.0
MIR4274,0.0
MIR4275,0.0
MIR4276,0.0
MIR4277,0.0
MIR4278,0.0
MIR4279,0.0
MIR4280,0.0
MIR4280HG,0.569305890448284
MIR4281,0.0
MIR4282,0.0
MIR4283-1,0.0
MIR4283-2,0.0
MIR4284,0.0
MIR4285,0.0
MIR4286,0.0
MIR4287,0.0
MIR4288,0.0
MIR4289,0.0
MIR429,0.0
MIR4290,0.0
MIR4290HG,0.0
MIR4291,0.0
MIR4292,0.0
MIR4293,0.0
MIR4294,0.0
MIR4295,0.0
MIR4296,0.0
MIR4297,0.0
MIR4298,0.0
MIR4299,0.0
MIR4300,0.0
MIR4300HG,0.0
MIR4301,0.0
MIR4302,0.0
MIR4303,0.0
MIR4304,0.0
MIR4305,0.0
MIR4306,0.0
MIR4307,0.0
MIR4307HG,0.0
MIR4308,0.0
MIR4309,0.0
MIR431,0.0
MIR4310,0.0
MIR4311,0.0
MIR4312,0.0
MIR4313,0.0
MIR4314,0.0
MIR4315-1,0.0
MIR4315-2,0.0
MIR4316,0.0
MIR4317,0.0
MIR4318,0.0
MIR4319,0.0
MIR432,0.0
MIR4320,0.0
MIR4321,0.0
MIR4322,0.0
MIR4323,0.0
MIR4324,0.0
MIR4325,0.0
MIR4326,0.0
MIR4327,0.0
MIR4328,0.0
MIR4329,0.0
MIR433,0.0
MIR4330,0.0
MIR4418,0.0
MIR4420,0.0
MIR4421,0.0
MIR4422,0.0
MIR4422HG,0.0
MIR4423,0.0
MIR4424,0.0
MIR4425,0.0
MIR4426,0.0
MIR4427,0.0
MIR4428,0.0
MIR4429,0.0
MIR4430,0.0
MIR4431,0.0
MIR4432,0.0
MIR4432HG,0.0
MIR4433A,0.0
MIR4433B,0.0
MIR4434,0.0
MIR4435-1,0.0
MIR4435-2,0.0
MIR4435-2HG,0.0
MIR4436A,0.0
MIR4436B1,0.0
MIR4436B2,0.0
MIR4437,0.0
MIR4438,0.0
MIR4439,0.0
MIR4440,0.0
MIR4441,0.0
MIR4442,0.0
MIR4443,0.0
MIR4444-1,0.0
MIR4444-2,0.0
MIR4445,0.0
MIR4446,0.0
MIR4447,0.0
MIR4448,0.0
MIR4449,0.0
MIR4450,0.0
MIR4451,0.0
MIR4452,0.0
MIR4453,0.0
MIR4453HG,0.0
MIR4454,0.0
MIR4455,0.0
MIR4456,0.0
MIR4457,0.0
MIR4458,0.0
MIR4458HG,0.0
MIR4460,0.0
MIR4462,0.0
MIR4463,0.0
MIR4464,0.0
MIR4465,0.0
MIR4466,0.0
MIR4467,0.0
MIR4468,0.0
MIR4469,0.0
MIR4470,0.0
MIR4471,0.0
MIR4472-1,0.0
MIR4472-2,0.0
MIR4473,0.0
MIR4474,0.0
MIR4475,0.0
MIR4476,0.0
MIR4477A,0.0
MIR4477B,0.0
MIR4478,0.0
MIR4479,0.0
MIR448,0.0
MIR4480,0.0
MIR4481,0.0
MIR4482,0.0
MIR4483,0.0
MIR4484,0.0
MIR4485,0.0
MIR4486,0.0
MIR4487,0.0
MIR4488,0.0
MIR4489,0.0
MIR4490,0.0
MIR4491,0.0
MIR4492,0.0
MIR4493,0.0
MIR4494,0.0
MIR4495,0.0
MIR4496,0.0
MIR4497,0.0
MIR4498,0.0
MIR4499,0.0
MIR449A,0.0
MIR449B,0.0
MIR449C,0.0
MIR4500,0.0
MIR4500HG,0.0
MIR4501,0.0
MIR4502,0.0
MIR4503,0.0
MIR4504,0.0
MIR4505,0.0
MIR4506,0.0
MIR4507,0.0
MIR4508,0.0
MIR4509-1,0.0
MIR4509-2,0.0
MIR4509-3,0.0
MIR450A1,0.0
MIR450A2,0.0
MIR450B,0.0
MIR4510,0.0
MIR4511,0.0
MIR4512,0.0
MIR4513,0.0
MIR4514,0.0
MIR4515,0.0
MIR4516,0.0
MIR4517,0.0
MIR4518,0.0
MIR4519,0.0
MIR451A,0.0
MIR451B,0.0
MIR452,0.0
MIR4520-1,0.0
MIR4520-2,0.0
MIR4521,0.0
MIR4522,0.0
MIR4523,0.0
MIR4524A,0.0
MIR4524B,0.0
MIR4525,0.0
MIR4526,0.0
MIR4527,0.0
MIR4527HG,0.0
MIR4528,0.0
MIR4529,0.0
MIR4530,0.0
MIR4531,0.0
MIR4533,0.0
MIR4534,0.0
MIR4535,0.0
MIR4536-1,0.0
MIR4536-2,0.0
MIR4537,0.0
MIR4538,0.0
MIR4539,0.0
MIR454,0.0
MIR4540,0.0
MIR455,0.0
MIR4632,0.0
MIR4633,0.0
MIR4634,0.0
MIR4635,0.0
MIR4636,0.0
MIR4637,0.0
MIR4638,0.0
MIR4639,0.0
MIR4640,0.0
MIR4641,0.0
MIR4642,0.0
MIR4643,0.0
MIR4644,0.0
MIR4645,0.0
MIR4646,0.0
MIR4647,0.0
MIR4648,0.0
MIR4649,0.0
MIR4650-1,0.0
MIR4650-2,0.0
MIR4651,0.0
MIR4652,0.0
MIR4653,0.0
MIR4654,0.0
MIR4655,0.0
MIR4656,0.0
MIR4657,0.0
MIR4658,0.0
MIR4659A,0.0
MIR4659B,0.0
MIR466,0.0
MIR4660,0.0
MIR4661,0.0
MIR4662A,0.0
MIR4662B,0.0
MIR4663,0.0
MIR4664,0.0
MIR4665,0.0
MIR4666A,0.0
MIR4666B,0.0
MIR4667,0.0
MIR4668,0.0
MIR4669,0.0
MIR4670,0.0
MIR4671,0.0
MIR4672,0.0
MIR4673,0.0
MIR4674,0.0
MIR4675,0.0
MIR4676,0.0
MIR4677,0.0
MIR4678,0.0
MIR4679-1,0.0
MIR4679-2,0.0
MIR4680,0.0
MIR4681,0.0
MIR4682,0.0
MIR4683,0.0
MIR4684,0.0
MIR4685,0.0
MIR4686,0.0
MIR4687,0.0
MIR4688,0.0
MIR4689,0.0
MIR4690,0.0
MIR4691,0.0
MIR4692,0.0
MIR4693,0.0
MIR4694,0.0
MIR4695,0.0
MIR4696,0.0
MIR4697,0.0
MIR4698,0.0
MIR4699,0.0
MIR4700,0.0
MIR4701,0.0
MIR4703,0.0
MIR4704,0.0
MIR4705,0.0
MIR4706,0.0
MIR4707,0.0
MIR4708,0.0
MIR4709,0.0
MIR4710,0.0
MIR4711,0.0
MIR4712,0.0
MIR4713,0.0
MIR4713HG,0.0
MIR4714,0.0
MIR4715,0.0
MIR4716,0.0
MIR4717,0.0
MIR4718,0.0
MIR4719,0.0
MIR4720,0.0
MIR4721,0.0
MIR4722,0.0
MIR4723,0.0
MIR4724,0.0
MIR4725,0.0
MIR4726,0.0
MIR4727,0.0
MIR4728,0.0
MIR4729,0.0
MIR4730,0.0
MIR4731,0.0
MIR4732,0.0
MIR4733,0.0
MIR4733HG,0.0
MIR4734,0.0
MIR4735,0.0
MIR4736,0.0
MIR4737,0.0
MIR4738,0.0
MIR4739,0.0
MIR4740,0.0
MIR4741,0.0
MIR4742,0.0
MIR4743,0.0
MIR4744,0.0
MIR4745,0.0
MIR4746,0.0
MIR4747,0.0
MIR4748,0.0
MIR4749,0.0
MIR4750,0.0
MIR4751,0.0
MIR4752,0.0
MIR4753,0.0
MIR4754,0.0
MIR4755,0.0
MIR4756,0.0
MIR4757,0.0
MIR4758,0.0
MIR4759,0.0
MIR4760,0.0
MIR4761,0.0
MIR4762,0.0
MIR4763,0.0
MIR4764,0.0
MIR4765,0.0
MIR4766,0.0
MIR4767,0.0
MIR4768,0.0
MIR4769,0.0
MIR4770,0.0
MIR4771-1,0.0
MIR4771-2,0.0
MIR4772,0.0
MIR4773-1,0.0
MIR4773-2,0.0
MIR4774,0.0
MIR4775,0.0
MIR4776-1,0.0
MIR4776-2,0.0
MIR4777,0.0
MIR4778,0.0
MIR4779,0.0
MIR4780,0.0
MIR4781,0.0
MIR4782,0.0
MIR4783,0.0
MIR4784,0.0
MIR4785,0.0
MIR4786,0.0
MIR4787,0.0
MIR4788,0.0
MIR4789,0.0
MIR4790,0.0
MIR4791,0.0
MIR4793,0.0
MIR4794,0.0
MIR4795,0.0
MIR4796,0.0
MIR4797,0.0
MIR4798,0.0
MIR4799,0.0
MIR4800,0.0
MIR4801,0.0
MIR4802,0.0
MIR4803,0.0
MIR4804,0.0
MIR483,0.0
MIR484,0.0
MIR485,0.0
MIR486-1,0.0
MIR486-2,0.0
MIR487A,0.0
MIR487B,0.0
MIR488,0.0
MIR489,0.0
MIR490,0.0
MIR491,0.0
MIR492,0.0
MIR493,0.0
MIR494,0.0
MIR495,0.0
MIR496,0.0
MIR497,0.0
MIR497HG,0.0
MIR498,0.0
MIR4999,0.0
MIR499A,0.0
MIR499B,0.0
MIR5000,0.0
MIR5001,0.0
MIR5002,0.0
MIR5003,0.0
MIR5004,0.0
MIR5006,0.0
MIR5007,0.0
MIR5008,0.0
MIR5009,0.0
MIR500A,0.0
MIR500B,0.0
MIR501,0.0
MIR5010,0.0
MIR5011,0.0
MIR502,0.0
MIR503,0.0
MIR503HG,0.0
MIR504,0.0
MIR5047,0.0
MIR505,0.0
MIR506,0.0
MIR507,0.0
MIR508,0.0
MIR5087,0.0
MIR5088,0.0
MIR5089,0.0
MIR509-1,0.0
MIR509-2,0.0
MIR509-3,0.0
MIR5090,0.0
MIR5091,0.0
MIR5092,0.0
MIR5093,0.0
MIR5094,0.0
MIR510,0.0
MIR5100,0.0
MIR511,0.0
MIR512-1,0.0
MIR512-2,0.0
MIR513A1,0.0
MIR513A2,0.0
MIR513B,0.0
MIR513C,0.0
MIR514A1,0.0
MIR514A2,0.0
MIR514A3,0.0
MIR514B,0.0
MIR515-1,0.0
MIR515-2,0.0
MIR516A1,0.0
MIR516A2,0.0
MIR516B1,0.0
MIR516B2,0.0
MIR517A,0.0
MIR517B,0.0
MIR517C,0.0
MIR5186,0.0
MIR5187,0.0
MIR5188,0.0
MIR5189,0.0
MIR518A1,0.0
MIR518A2,0.0
MIR518B,0.0
MIR518C,0.0
MIR518D,0.0
MIR518E,0.0
MIR518F,0.0
MIR5190,0.0
MIR5191,0.0
MIR5192,0.0
MIR5193,0.0
MIR5194,0.0
MIR5195,0.0
MIR5196,0.0
MIR5197,0.0
MIR519A1,0.0
MIR519A2,0.0
MIR519B,0.0
MIR519C,0.0
MIR519D,0.0
MIR519E,0.0
MIR520A,0.0
MIR520B,0.0
MIR520C,0.0
MIR520D,0.0
MIR520E,0.0
MIR520F,0.0
MIR520G,0.0
MIR520H,0.0
MIR521-1,0.0
MIR521-2,0.0
MIR522,0.0
MIR523,0.0
MIR524,0.0
MIR525,0.0
MIR526A1,0.0
MIR526A2,0.0
MIR526B,0.0
MIR527,0.0
MIR532,0.0
MIR539,0.0
MIR541,0.0
MIR542,0.0
MIR543,0.0
MIR544A,0.0
MIR544B,0.0
MIR545,0.0
MIR548A1,0.0
MIR548A1HG,0.0
MIR548A2,0.0
MIR548A3,0.0
MIR548AA1,0.0
MIR548AA2,0.0
MIR548AB,0.0
MIR548AC,0.0
MIR548AD,0.0
MIR548AE1,0.0
MIR548AE2,0.0
MIR548AG1,0.0
MIR548AG2,0.0
MIR548AH,0.0
MIR548AI,0.0
MIR548AJ1,0.0
MIR548AJ2,0.0
MIR548AK,0.0
MIR548AL,0.0
MIR548AM,0.0
MIR548AN,0.0
MIR548AO,0.0
MIR548AP,0.0
MIR548AQ,0.0
MIR548AR,0.0
MIR548AS,0.0
MIR548AT,0.0
MIR548AU,0.0
MIR548AV,0.0
MIR548AW,0.0
MIR548AX,0.0
MIR548AY,0.0
MIR548AZ,0.0
MIR548B,0.0
MIR548BA,0.0
MIR548BB,0.0
MIR548BC,0.0
MIR548C,0.0
MIR548D1,0.0
MIR548D2,0.0
MIR548E,0.0
MIR548F1,0.0
MIR548F2,0.0
MIR548F3,0.0
MIR548F4,0.0
MIR548F5,0.0
MIR548G,0.0
MIR548H1,0.0
MIR548H2,0.0
MIR548H3,0.0
MIR548H4,0.0
MIR548H5,0.0
MIR548I1,0.0
MIR548I2,0.0
MIR548I3,0.0
MIR548I4,0.0
MIR548J,0.0
MIR548K,0.0
MIR548L,0.0
MIR548M,0.0
MIR548N,0.0
MIR548O,0.0
MIR548O2,0.0
MIR548P,0.0
MIR548Q,0.0
MIR548S,0.0
MIR548T,0.0
MIR548U,0.0
MIR548V,0.0
MIR548W,0.0
MIR548X,0.0
MIR548X2,0.0
MIR548XHG,0.0
MIR548Y,0.0
MIR548Z,0.0
MIR549A,0.0
MIR550A1,0.0
MIR550A2,0.0
MIR550A3,0.0
MIR550A3HG,0.3010299166871577
MIR550B1,0.0
MIR550B2,0.0
MIR551A,0.0
MIR551B,0.0
MIR552,0.0
MIR553,0.0
MIR554,0.0
MIR555,0.0
MIR556,0.0
MIR557,0.0
MIR5571,0.0
MIR5572,0.0
MIR5579,0.0
MIR558,0.0
MIR5580,0.0
MIR5581,0.0
MIR5582,0.0
MIR5583-1,0.0
MIR5583-2,0.0
MIR5584,0.0
MIR5585,0.0
MIR5586,0.0
MIR5587,0.0
MIR5588,0.0
MIR5589,0.0
MIR559,0.0
MIR5590,0.0
MIR5591,0.0
MIR561,0.0
MIR562,0.0
MIR563,0.0
MIR564,0.0
MIR567,0.0
MIR568,0.0
MIR5680,0.0
MIR5681A,0.0
MIR5681B,0.0
MIR5682,0.0
MIR5683,0.0
MIR5684,0.0
MIR5685,0.0
MIR5687,0.0
MIR5688,0.0
MIR5689,0.0
MIR5689HG,0.0
MIR569,0.0
MIR5690,0.0
MIR5691,0.0
MIR5692A1,0.0
MIR5692A2,0.0
MIR5692B,0.0
MIR5692C1,0.0
MIR5692C2,0.0
MIR5693,0.0
MIR5694,0.0
MIR5695,0.0
MIR5696,0.0
MIR5697,0.0
MIR5698,0.0
MIR5699,0.0
MIR570,0.0
MIR5700,0.0
MIR5701-1,0.0
MIR5701-2,0.0
MIR5701-3,0.0
MIR5702,0.0
MIR5703,0.0
MIR5704,0.0
MIR5705,0.0
MIR5706,0.0
MIR5707,0.0
MIR5708,0.0
MIR570HG,0.0
MIR571,0.0
MIR572,0.0
MIR573,0.0
MIR5739,0.0
MIR574,0.0
MIR575,0.0
MIR576,0.0
MIR577,0.0
MIR578,0.0
MIR5787,0.0
MIR579,0.0
MIR580,0.0
MIR581,0.0
MIR582,0.0
MIR583,0.0
MIR584,0.0
MIR585,0.0
MIR586,0.0
MIR587,0.0
MIR588,0.0
MIR589,0.0
MIR590,0.0
MIR591,0.0
MIR592,0.0
MIR593,0.0
MIR595,0.0
MIR596,0.0
MIR597,0.0
MIR598,0.0
MIR599,0.0
MIR600,0.0
MIR600HG,0.0
MIR601,0.0
MIR602,0.0
MIR603,0.0
MIR604,0.0
MIR605,0.0
MIR606,0.0
MIR6068,0.0
MIR6069,0.0
MIR607,0.0
MIR6070,0.0
MIR6071,0.0
MIR6072,0.0
MIR6073,0.0
MIR6074,0.0
MIR6075,0.0
MIR6076,0.0
MIR6077,0.0
MIR6078,0.0
MIR6079,0.0
MIR608,0.0
MIR6080,0.0
MIR6081,0.0
MIR6082,0.0
MIR6083,0.0
MIR6084,0.0
MIR6085,0.0
MIR6086,0.0
MIR6088,0.0
MIR6089,0.0
MIR609,0.0
MIR6090,0.0
MIR610,0.0
MIR611,0.0
MIR612,0.0
MIR6124,0.0
MIR6125,0.0
MIR6126,0.0
MIR6127,0.0
MIR6128,0.0
MIR6129,0.0
MIR613,0.0
MIR6130,0.0
MIR6131,0.0
MIR6132,0.0
MIR6133,0.0
MIR6134,0.0
MIR614,0.0
MIR615,0.0
MIR616,0.0
MIR6165,0.0
MIR617,0.0
MIR618,0.0
MIR619,0.0
MIR620,0.0
MIR621,0.0
MIR622,0.0
MIR623,0.0
MIR624,0.0
MIR625,0.0
MIR626,0.0
MIR627,0.0
MIR628,0.0
MIR629,0.0
MIR630,0.0
MIR631,0.0
MIR632,0.0
MIR633,0.0
MIR634,0.0
MIR635,0.0
MIR636,0.0
MIR637,0.0
MIR638,0.0
MIR639,0.0
MIR640,0.0
MIR641,0.0
MIR642A,0.0
MIR642B,0.0
MIR643,0.0
MIR644A,0.0
MIR645,0.0
MIR646,0.0
MIR646HG,0.0
MIR647,0.0
MIR648,0.0
MIR649,0.0
MIR6499,0.0
MIR650,0.0
MIR6500,0.0
MIR6501,0.0
MIR6502,0.0
MIR6503,0.0
MIR6504,0.0
MIR6505,0.0
MIR6506,0.0
MIR6507,0.0
MIR6508,0.0
MIR6509,0.0
MIR651,0.0
MIR6510,0.0
MIR6511A1,0.0
MIR6511A2,0.0
MIR6511A3,0.0
MIR6511A4,0.0
MIR6511B1,0.0
MIR6511B2,0.0
MIR6512,0.0
MIR6513,0.0
MIR6514,0.0
MIR6515,0.0
MIR6516,0.0
MIR652,0.0
MIR6529,0.0
MIR653,0.0
MIR654,0.0
MIR655,0.0
MIR656,0.0
MIR657,0.0
MIR658,0.0
MIR659,0.0
MIR660,0.0
MIR661,0.0
MIR662,0.0
MIR663A,0.0
MIR663AHG,0.0
MIR663B,0.0
MIR664A,0.0
MIR664B,0.0
MIR665,0.0
MIR668,0.0
MIR670,0.0
MIR670HG,0.0
MIR671,0.0
MIR6715A,0.0
MIR6715B,0.0
MIR6716,0.0
MIR6717,0.0
MIR6718,0.0
MIR6719,0.0
MIR6720,0.0
MIR6721,0.0
MIR6722,0.0
MIR6724-1,0.0
MIR6724-2,0.0
MIR6724-3,0.0
MIR6724-4,0.0
MIR6726,0.0
MIR6727,0.0
MIR6728,0.0
MIR6729,0.0
MIR6730,0.0
MIR6731,0.0
MIR6732,0.0
MIR6733,0.0
MIR6734,0.0
MIR6735,0.0
MIR6736,0.0
MIR6737,0.0
MIR6738,0.0
MIR6739,0.0
MIR6740,0.0
MIR6741,0.0
MIR6742,0.0
MIR6743,0.0
MIR6744,0.0
MIR6745,0.0
MIR6746,0.0
MIR6747,0.0
MIR6748,0.0
MIR6749,0.0
MIR675,0.0
MIR6750,0.0
MIR6751,0.0
MIR6752,0.0
MIR6753,0.0
MIR6754,0.0
MIR6755,0.0
MIR6756,0.0
MIR6757,0.0
MIR6758,0.0
MIR6759,0.0
MIR676,0.0
MIR6760,0.0
MIR6761,0.0
MIR6762,0.0
MIR6763,0.0
MIR6764,0.0
MIR6765,0.0
MIR6766,0.0
MIR6767,0.0
MIR6768,0.0
MIR6769A,0.0
MIR6769B,0.0
MIR6770-1,0.0
MIR6770-2,0.0
MIR6770-3,0.0
MIR6771,0.0
MIR6772,0.0
MIR6773,0.0
MIR6774,0.0
MIR6775,0.0
MIR6776,0.0
MIR6777,0.0
MIR6778,0.0
MIR6779,0.0
MIR6780A,0.0
MIR6780B,0.0
MIR6781,0.0
MIR6782,0.0
MIR6783,0.0
MIR6784,0.0
MIR6785,0.0
MIR6786,0.0
MIR6787,0.0
MIR6788,0.0
MIR6789,0.0
MIR6790,0.0
MIR6791,0.0
MIR6792,0.0
MIR6793,0.0
MIR6794,0.0
MIR6795,0.0
MIR6796,0.0
MIR6797,0.0
MIR6798,0.0
MIR6799,0.0
MIR6800,0.0
MIR6801,0.0
MIR6802,0.0
MIR6803,0.0
MIR6804,0.0
MIR6805,0.0
MIR6806,0.0
MIR6807,0.0
MIR6808,0.0
MIR6809,0.0
MIR6810,0.0
MIR6811,0.0
MIR6812,0.0
MIR6813,0.0
MIR6814,0.0
MIR6815,0.0
MIR6816,0.0
MIR6817,0.0
MIR6818,0.0
MIR6819,0.0
MIR6820,0.0
MIR6821,0.0
MIR6822,0.0
MIR6823,0.0
MIR6824,0.0
MIR6825,0.0
MIR6826,0.0
MIR6827,0.0
MIR6828,0.0
MIR6829,0.0
MIR6830,0.0
MIR6831,0.0
MIR6832,0.0
MIR6833,0.0
MIR6834,0.0
MIR6835,0.0
MIR6836,0.0
MIR6837,0.0
MIR6838,0.0
MIR6839,0.0
MIR6840,0.0
MIR6841,0.0
MIR6842,0.0
MIR6843,0.0
MIR6844,0.0
MIR6845,0.0
MIR6846,0.0
MIR6847,0.0
MIR6848,0.0
MIR6849,0.0
MIR6850,0.0
MIR6851,0.0
MIR6852,0.0
MIR6853,0.0
MIR6854,0.0
MIR6855,0.0
MIR6856,0.0
MIR6857,0.0
MIR6858,0.0
MIR6859-1,0.0
MIR6859-2,0.0
MIR6859-3,0.0
MIR6859-4,0.0
MIR6860,0.0
MIR6861,0.0
MIR6862-1,0.0
MIR6862-2,0.0
MIR6863,0.0
MIR6864,0.0
MIR6865,0.0
MIR6866,0.0
MIR6867,0.0
MIR6868,0.0
MIR6869,0.0
MIR6870,0.0
MIR6871,0.0
MIR6872,0.0
MIR6873,0.0
MIR6874,0.0
MIR6875,0.0
MIR6876,0.0
MIR6877,0.0
MIR6878,0.0
MIR6879,0.0
MIR6880,0.0
MIR6881,0.0
MIR6882,0.0
MIR6883,0.0
MIR6884,0.0
MIR6885,0.0
MIR6886,0.0
MIR6887,0.0
MIR6888,0.0
MIR6889,0.0
MIR6890,0.0
MIR6891,0.0
MIR6892,0.0
MIR6893,0.0
MIR6894,0.0
MIR6895,0.0
MIR7-1,0.0
MIR7-2,0.0
MIR7-3,0.0
MIR7-3HG,0.0
MIR708,0.0
MIR7106,0.0
MIR7107,0.0
MIR7108,0.0
MIR7109,0.0
MIR711,0.0
MIR7110,0.0
MIR7111,0.0
MIR7112,0.0
MIR7113,0.0
MIR7114,0.0
MIR7150,0.0
MIR7151,0.0
MIR7152,0.0
MIR7153,0.0
MIR7154,0.0
MIR7155,0.0
MIR7156,0.0
MIR7157,0.0
MIR7158,0.0
MIR7159,0.0
MIR7160,0.0
MIR7161,0.0
MIR7162,0.0
MIR718,0.0
MIR744,0.0
MIR7515,0.0
MIR7515HG,0.0
MIR758,0.0
MIR759,0.0
MIR760,0.0
MIR761,0.0
MIR762,0.0
MIR762HG,0.0
MIR764,0.0
MIR765,0.0
MIR766,0.0
MIR767,0.0
MIR769,0.0
MIR770,0.0
MIR7702,0.0
MIR7703,0.0
MIR7704,0.0
MIR7705,0.0
MIR7706,0.0
MIR7843,0.0
MIR7844,0.0
MIR7845,0.0
MIR7846,0.0
MIR7847,0.0
MIR7848,0.0
MIR7849,0.0
MIR7850,0.0
MIR7851,0.0
MIR7852,0.0
MIR7853,0.0
MIR7854,0.0
MIR7855,0.0
MIR7856,0.0
MIR7973-1,0.0
MIR7973-2,0.0
MIR7974,0.0
MIR7975,0.0
MIR7976,0.0
MIR7977,0.0
MIR7978,0.0
MIR802,0.0
MIR8052,0.0
MIR8053,0.0
MIR8054,0.0
MIR8055,0.0
MIR8056,0.0
MIR8057,0.0
MIR8058,0.0
MIR8059,0.0
MIR8060,0.0
MIR8061,0.0
MIR8062,0.0
MIR8063,0.0
MIR8064,0.0
MIR8065,0.0
MIR8066,0.0
MIR8067,0.0
MIR8068,0.0
MIR8069,0.0
MIR8069-1,0.0
MIR8070,0.0
MIR8071-1,0.0
MIR8071-2,0.0
MIR8072,0.0
MIR8073,0.0
MIR8074,0.0
MIR8075,0.0
MIR8076,0.0
MIR8077,0.0
MIR8078,0.0
MIR8079,0.0
MIR8080,0.0
MIR8081,0.0
MIR8082,0.0
MIR8083,0.0
MIR8084,0.0
MIR8085,0.0
MIR8086,0.0
MIR8087,0.0
MIR8088,0.0
MIR8089,0.0
MIR8485,0.0
MIR873,0.0
MIR874,0.0
MIR875,0.0
MIR876,0.0
MIR877,0.0
MIR885,0.0
MIR887,0.0
MIR888,0.0
MIR889,0.0
MIR890,0.0
MIR891A,0.0
MIR891B,0.0
MIR892A,0.0
MIR892B,0.0
MIR892C,0.0
MIR9-1,0.0
MIR9-1HG,2.0863600827660296
MIR9-1HG-2,0.0
MIR9-2,0.0
MIR9-2HG,1.2041199738014445
MIR9-3,0.0
MIR9-3HG,0.6020599881549722
MIR920,0.0
MIR921,0.0
MIR922,0.0
MIR924,0.0
MIR924HG,0.0
MIR92A1,0.0
MIR92A2,0.0
MIR92B,0.0
MIR93,0.0
MIR933,0.0
MIR934,0.0
MIR935,0.0
MIR936,0.0
MIR937,0.0
MIR938,0.0
MIR939,0.0
MIR940,0.0
MIR941-1,0.0
MIR941-2,0.0
MIR941-3,0.0
MIR941-4,0.0
MIR941-5,0.0
MIR942,0.0
MIR943,0.0
MIR944,0.0
MIR95,0.0
MIR9500,0.0
MIR96,0.0
MIR9718,0.0
MIR98,0.0
MIR9851,0.0
MIR9898,0.0
MIR9899,0.0
MIR9900,0.0
MIR9901,0.0
MIR9902-1,0.0
MIR9902-2,0.0
MIR9903,0.0
MIR9983,0.0
MIR9985,0.0
MIR9986,0.0
MIR99A,0.0
MIR99AHG,0.0
MIR99B,0.0
MIRLET7A1,0.0
MIRLET7A1HG,0.0
MIRLET7A2,0.0
MIRLET7A3,0.0
MIRLET7B,0.0
MIRLET7BHG,0.0
MIRLET7C,0.0
MIRLET7D,0.0
MIRLET7E,0.0
MIRLET7F1,0.0
MIRLET7F2,0.0
MIRLET7G,0.0
MIRLET7I,0.0
MIRLET7IHG,0.0
MIS12,0.0
MIS18A,0.0
MIS18A-AS1,0.0
MIS18BP1,0.0
MISFA,0.0
MISP,0.3010299774500483
MISP3,0.0
MITA1,0.0
MITD1,0.0
MITF,0.0
MIURF,0.0
MIX23,0.7781510271510719
MIXL1,0.0
MKI67,0.0
MKKS,0.0
MKLN1,1.6901960581252644
MKLN1-AS,0.0
MKNK1,0.0
MKNK1-AS1,0.0
MKNK2,0.0
MKRN1,0.0
MKRN10P,0.0
MKRN2,0.0
MKRN2OS,0.0
MKRN3,0.0
MKRN7P,0.0
MKRN9P,0.0
MKS1,0.0
MKX,0.0
MKX-AS1,0.0
MLANA,0.0
MLC1,0.0
MLEC,0.0
MLF1,0.0
MLF1-DT,0.0
MLF2,0.0
MLH1,0.0
MLH3,2.794488052217011
MLIP,0.0
MLIP-AS1,0.0
MLIP-IT1,0.0
MLKL,0.0
MLLT1,0.0
MLLT10,0.6020600312979405
MLLT10P1,0.0
MLLT11,0.8450980129283303
MLLT3,0.0
MLLT6,0.0
MLN,0.0
MLNR,0.0
MLPH,0.0
MLST8,0.0
MLX,0.0
MLXIP,0.0
MLXIPL,0.0
MLYCD,0.0
MMAA,0.0
MMAB,2.7063229465027305
MMACHC,0.0
MMADHC,0.0
MMADHC-DT,0.0
MMD,0.0
MMD2,0.0
MME,0.0
MMEL1,0.0
MMEL1-AS1,0.0
MMGT1,0.0
MMP1,0.0
MMP10,0.0
MMP11,0.0
MMP12,0.0
MMP13,0.0
MMP14,0.0
MMP15,0.0
MMP16,3.5991185755659165
MMP17,0.30102995327687804
MMP19,0.0
MMP2,0.30102999085789167
MMP2-AS1,0.0
MMP20,0.0
MMP20-AS1,0.0
MMP21,0.0
MMP23A,0.0
MMP23B,0.0
MMP24,0.0
MMP24-AS1-EDEM2,0.0
MMP24OS,0.0
MMP25,0.0
MMP25-AS1,0.0
MMP26,0.0
MMP27,0.0
MMP28,0.0
MMP3,0.0
MMP7,0.0
MMP8,0.0
MMP9,0.0
MMRN1,0.0
MMRN2,0.0
MMS19,0.0
MMS22L,0.0
MMUT,0.0
MN1,0.0
MNAT1,0.0
MND1,0.0
MNDA,0.0
MNS1,0.0
MNT,0.0
MNX1,0.0
MNX1-AS1,0.0
MNX1-AS2,0.0
MOAP1,0.0
MOB1A,2.8704039003061803
MOB1B,0.3010299753766555
MOB2,0.0
MOB2-2,0.0
MOB3A,0.0
MOB3B,0.0
MOB3C,0.0
MOB4,0.0
MOBP,2.8337843744971636
MOCOS,0.0
MOCS1,0.0
MOCS2,0.6020599898627299
MOCS2-DT,0.0
MOCS3,0.0
MOG,0.0
MOGAT1,0.0
MOGAT2,0.0
MOGAT3,0.0
MOGS,0.0
MOK,1.3802111435896331
MON1A,0.0
MON1B,0.0
MON2,0.0
MON2-AS1,0.0
MORC1,0.0
MORC1-AS1,0.0
MORC2,0.0
MORC2-AS1,0.0
MORC3,0.0
MORC4,0.0
MORF4L1,2.2405492074039857
MORF4L2,1.2787535520948068
MORF4L2-AS1,0.0
MORN1,0.0
MORN2,0.0
MORN3,0.0
MORN4,1.9956351625837845
MORN5,0.0
MOS,0.0
MOSMO,0.0
MOSPD1,0.0
MOSPD2,0.0
MOSPD3,0.0
MOV10,0.0
MOV10L1,0.0
MOXD1,0.0
MOXD2P,0.0
MPC1,0.0
MPC1-DT,0.0
MPC1L,0.0
MPC2,0.0
MPDU1,0.0
MPDU1-AS1,0.0
MPDZ,1.845098044545163
MPEG1,0.0
MPG,0.0
MPHOSPH10,0.0
MPHOSPH10P1,0.0
MPHOSPH6,0.0
MPHOSPH8,2.1522883074173613
MPHOSPH9,0.9542425039318633
MPI,0.0
MPIG6B,0.0
MPIG6B-2,0.0
MPIG6B-3,0.0
MPIG6B-5,0.0
MPIG6B-6,0.0
MPIG6B-7,0.0
MPL,0.0
MPLKIP,1.1199134637902122
MPND,0.0
MPO,0.0
MPP1,0.0
MPP2,0.0
MPP3,0.0
MPP4,0.0
MPP7,0.0
MPP7-DT,0.0
MPPE1,0.0
MPPED1,0.0
MPPED2,0.0
MPPED2-AS1,0.0
MPRIP,0.0
MPST,0.0
MPV17,0.7781511573807675
MPV17L,0.0
MPV17L-BMERB1,0.0
MPV17L2,0.0
MPZ,0.0
MPZL1,0.0
MPZL2,0.0
MPZL3,0.0
MR1,0.0
MRAP,0.0
MRAP-AS1,0.0
MRAP2,0.0
MRAS,0.6020600226082276
MRC1,0.0
MRC2,0.0
MRE11,1.0510430093942955
MREG,0.0
MRFAP1,1.6720977905015901
MRFAP1L1,0.0
MRFAP1L2,0.0
MRGBP,0.0
MRGPRD,0.0
MRGPRE,0.0
MRGPRF,0.0
MRGPRF-AS1,0.0
MRGPRG,0.0
MRGPRG-AS1,0.0
MRGPRX1,0.0
MRGPRX2,0.0
MRGPRX3,0.0
MRGPRX4,0.0
MRI1,0.0
MRLN,0.0
MRM1,0.0
MRM1-2,0.0
MRM2,0.30102995667447424
MRM3,0.0
MRNIP,0.0
MRNIP-DT,0.0
MRO,0.0
MROCKI,0.0
MROH1,0.0
MROH2A,0.0
MROH2B,0.0
MROH3P,0.0
MROH5,0.0
MROH5-2,0.0
MROH6,0.0
MROH6-2,0.0
MROH7,0.0
MROH7-TTC4,0.0
MROH8,0.0
MROH9,0.0
MRPL1,0.0
MRPL10,0.0
MRPL11,0.9030899306242408
MRPL12,0.0
MRPL13,0.0
MRPL14,0.0
MRPL15,0.0
MRPL16,0.0
MRPL17,0.0
MRPL18,0.0
MRPL19,0.0
MRPL2,0.0
MRPL20,0.47712103949756085
MRPL20-AS1,0.0
MRPL20-DT,0.0
MRPL21,0.0
MRPL22,0.6989699902149343
MRPL23,1.9242792570450542
MRPL23-2,0.0
MRPL23-AS1,0.0
MRPL24,0.0
MRPL27,0.0
MRPL28,0.0
MRPL3,0.0
MRPL30,2.238046084551118
MRPL32,0.0
MRPL33,0.0
MRPL34,0.0
MRPL35,2.033423744084222
MRPL36,0.0
MRPL37,0.0
MRPL38,0.0
MRPL39,0.0
MRPL4,0.0
MRPL40,0.0
MRPL41,0.0
MRPL42,0.0
MRPL42P5,0.0
MRPL43,0.0
MRPL44,0.8450979845619865
MRPL45,0.0
MRPL45P2,0.0
MRPL46,0.0
MRPL47,0.0
MRPL48,0.0
MRPL49,0.0
MRPL50,0.0
MRPL51,0.0
MRPL52,0.0
MRPL53,0.0
MRPL54,0.0
MRPL55,0.0
MRPL57,1.322219104414442
MRPL58,0.0
MRPL9,0.0
MRPS10,0.0
MRPS11,2.025305848824946
MRPS12,1.113943253052336
MRPS14,0.30102998511356277
MRPS15,0.0
MRPS16,0.0
MRPS17,0.0
MRPS18A,0.0
MRPS18B,0.0
MRPS18B-2,0.0
MRPS18B-3,0.0
MRPS18B-4,0.0
MRPS18B-5,0.0
MRPS18B-7,0.0
MRPS18C,0.0
MRPS2,0.0
MRPS21,1.431363663812966
MRPS22,0.0
MRPS23,0.0
MRPS24,0.0
MRPS25,2.238046093969148
MRPS26,0.0
MRPS27,0.0
MRPS28,0.0
MRPS30,0.0
MRPS30-DT,0.0
MRPS31,0.0
MRPS31P5,2.1901921051496087
MRPS33,0.0
MRPS34,0.0
MRPS35,0.0
MRPS35-DT,0.0
MRPS5,0.0
MRPS6,0.0
MRPS7,0.0
MRPS9,0.0
MRPS9-AS1,0.0
MRPS9-AS2,0.0
MRRF,0.0
MRS2,0.0
MRS2P2,0.0
MRTFA,0.0
MRTFA-AS1,0.0
MRTFB,0.0
MRTO4,0.30102996340045635
MS4A1,0.0
MS4A10,0.30103002166607057
MS4A12,0.0
MS4A13,0.0
MS4A14,0.0
MS4A15,0.0
MS4A18,0.0
MS4A2,0.0
MS4A3,0.0
MS4A3-2,0.0
MS4A4A,0.0
MS4A4E,0.5356379277421516
MS4A5,0.0
MS4A6A,0.0
MS4A6E,0.0
MS4A7,0.0
MS4A8,0.0
MSANTD1,0.0
MSANTD2,0.0
MSANTD2-AS1,0.0
MSANTD3,0.6020599516317338
MSANTD3-TMEFF1,0.0
MSANTD4,0.30102993610046935
MSANTD5,0.0
MSANTD7,0.0
MSC,0.0
MSC-AS1,0.0
MSGN1,0.0
MSH2,0.301030044343161
MSH2-OT1,0.0
MSH3,0.3010300297247884
MSH4,0.0
MSH5,0.0
MSH5-SAPCD1,0.0
MSH6,2.886490703009687
MSI1,0.0
MSI2,2.0934216628227955
MSL1,0.9030899603191771
MSL2,0.0
MSL3,0.0
MSL3-DT,0.0
MSL3B,0.0
MSLN,0.0
MSMB,0.0
MSMO1,0.0
MSMP,0.0
MSN,0.0
MSR1,0.0
MSRA,0.0
MSRA-2,0.0
MSRA-DT,0.0
MSRA-DT-2,0.0
MSRB1,0.0
MSRB2,0.0
MSRB3,0.0
MSRB3-AS1,0.0
MSS51,0.0
MST1,0.0
MST1L,0.0
MST1P2,0.0
MST1R,0.3010299212251374
MSTN,0.0
MSTO1,0.0
MSTO2P,0.0
MSX1,0.0
MSX2,0.0
MSX2P1,0.0
MT1A,0.0
MT1B,0.0
MT1DP,0.0
MT1E,0.0
MT1F,0.0
MT1G,0.0
MT1H,0.0
MT1HL1,0.0
MT1IP,0.0
MT1JP,0.0
MT1L,0.0
MT1M,0.0
MT1X,1.0413922547862746
MT2A,0.0
MT3,0.0
MT4,0.0
MTA1,0.0
MTA1-DT,0.0
MTA2,0.0
MTA3,0.3010300007226368
MTAP,0.0
MTARC1,0.0
MTARC2,0.0
MTBP,1.7075701165843504
MTCH1,0.0
MTCH2,0.0
MTCH2-2,0.0
MTCL1,0.0
MTCL2,1.0791812358408142
MTCL3,0.0
MTCP1,0.0
MTDH,1.2041199935545719
MTERF1,0.0
MTERF2,0.0
MTERF3,0.0
MTERF4,0.0
MTF1,0.3010300123371692
MTF2,0.0
MTFMT,1.1461280139294554
MTFP1,0.0
MTFR1,0.0
MTFR1L,1.91381380807578
MTFR2,0.0
MTG1,0.0
MTG2,0.0
MTHFD1,1.8450980234515808
MTHFD1L,0.0
MTHFD2,3.068927603534763
MTHFD2L,0.0
MTHFD2P1,0.0
MTHFR,0.0
MTHFS,0.0
MTHFSD,0.0
MTIF2,0.0
MTIF3,0.0
MTLN,0.3010299254395545
MTM1,0.0
MTMR1,0.0
MTMR10,0.0
MTMR10-2,0.0
MTMR10-3,0.0
MTMR11,0.0
MTMR12,0.0
MTMR14,0.0
MTMR2,0.0
MTMR3,1.5185139541276078
MTMR4,0.0
MTMR6,0.0
MTMR7,0.0
MTMR8,0.0
MTMR9,0.0
MTMR9-2,0.0
MTMR9LP,0.0
MTNAP1,0.0
MTNR1A,0.0
MTNR1B,0.0
MTO1,0.0
MTOR,0.0
MTOR-AS1,0.0
MTPAP,2.477121253874104
MTPN,0.0
MTR,0.0
MTRES1,1.5051498856515346
MTREX,1.9415028999551043
MTRF1,0.0
MTRF1L,0.0
MTRFR,1.505149914744546
MTRR,0.0
MTSS1,3.3565994303030515
MTSS2,1.2552724935496082
MTTP,0.0
MTURN,1.7160033369459642
MTUS1,0.0
MTUS1-DT,0.0
MTUS2,0.0
MTUS2-AS1,0.0
MTUS2-AS2,0.0
MTVR2,0.0
MTX1,0.0
MTX2,0.30102994975110314
MTX3,0.0
MUC1,0.0
MUC12,0.0
MUC12-AS1,0.0
MUC13,0.0
MUC15,0.0
MUC16,0.0
MUC17,0.0
MUC19,0.0
MUC2,0.0
MUC20,0.0
MUC20-3,0.0
MUC20-7,0.0
MUC20-8,0.0
MUC21,0.0
MUC21-2,0.0
MUC22,0.0
MUC22-2,0.0
MUC3A,0.0
MUC4,0.0
MUC4-2,0.0
MUC5AC,0.0
MUC5B,0.0
MUC5B-AS1,0.0
MUC6,0.0
MUC6-2,0.0
MUC6-3,0.0
MUC6-4,0.0
MUC7,0.0
MUC8,0.0
MUCL1,0.0
MUCL3,0.0
MUCL3-2,0.0
MUCL3-5,0.0
MUL1,0.0
MUS81,0.0
MUSK,0.0
MUSTN1,0.0
MUTYH,0.0
MVB12A,0.0
MVB12B,0.0
MVD,0.0
MVK,1.8719377853053525
MVP,0.0
MVP-DT,0.0
MX1,0.0
MX2,0.0
MXD1,1.5314789176766508
MXD3,0.0
MXD4,0.30102996173267904
MXI1,0.0
MXRA5,0.0
MXRA7,0.0
MXRA8,0.0
MYADM,2.1430147813857805
MYADM-AS1,0.0
MYADML,0.0
MYADML2,0.0
MYB,0.0
MYBBP1A,0.0
MYBL1,0.0
MYBL2,0.0
MYBPC1,0.0
MYBPC2,0.0
MYBPC3,0.0
MYBPH,0.0
MYBPHL,0.0
MYC,0.0
MYCBP,0.0
MYCBP2,3.0845762910312584
MYCBP2-AS1,0.0
MYCBP2-AS2,0.0
MYCBPAP,0.0
MYCL,0.0
MYCL-AS1,0.0
MYCN,0.0
MYCNOS,0.0
MYCNUT,0.0
MYCT1,0.0
MYD88,0.0
MYDGF,0.0
MYEF2,0.0
MYEOV,0.0
MYF5,0.0
MYF6,0.0
MYG1,0.0
MYG1-AS1,0.0
MYH1,0.0
MYH10,0.0
MYH11,0.0
MYH11-2,0.0
MYH13,0.0
MYH14,0.0
MYH15,0.0
MYH16,0.0
MYH2,0.0
MYH3,0.0
MYH4,0.0
MYH6,0.0
MYH7,0.0
MYH7B,0.0
MYH8,0.0
MYH9,0.0
MYH9-DT,0.30103001401066215
MYHAS,0.0
MYL1,0.0
MYL10,0.0
MYL11,0.0
MYL12-AS1,0.0
MYL12A,0.0
MYL12B,0.0
MYL12BP2,0.0
MYL2,0.0
MYL3,0.0
MYL4,0.0
MYL5,0.0
MYL6,0.0
MYL6B,0.0
MYL6B-AS1,0.0
MYL7,0.0
MYL9,0.0
MYLIP,0.0
MYLK,0.0
MYLK-AS1,0.0
MYLK-AS2,0.0
MYLK2,0.0
MYLK3,0.0
MYLK4,0.0
MYMK,0.0
MYMX,0.0
MYNN,2.739572341052204
MYO10,1.8512583517551975
MYO15A,0.0
MYO15B,0.0
MYO16,0.6020599461838293
MYO16-AS1,0.0
MYO16-AS2,0.0
MYO18A,0.0
MYO18B,0.0
MYO18B-AS1,0.0
MYO19,1.7403626375986836
MYO19-2,0.0
MYO1A,0.0
MYO1B,0.0
MYO1B-AS1,0.0
MYO1C,0.0
MYO1D,1.579783600674859
MYO1D-DT,0.0
MYO1E,0.0
MYO1F,0.0
MYO1G,0.0
MYO1H,0.0
MYO3A,0.0
MYO3B,0.0
MYO3B-AS1,0.0
MYO5A,1.5563025168222733
MYO5B,0.0
MYO5C,0.0
MYO6,2.7101173717019926
MYO7A,0.0
MYO7B,0.0
MYO9A,2.7339992975341647
MYO9B,0.6989700605500523
MYOC,0.0
MYOCD,0.0
MYOCD-AS1,0.0
MYOCOS,0.0
MYOD1,0.0
MYOF,0.0
MYOG,0.0
MYOM1,0.0
MYOM2,0.0
MYOM3,0.0
MYOM3-AS1,0.0
MYOPARR,0.302172703053497
MYORG,0.3010299168939337
MYOSLID,0.0
MYOSLID-AS1,0.0
MYOT,0.0
MYOZ1,0.0
MYOZ2,0.0
MYOZ3,0.0
MYOZ3-AS1,0.47712139095626527
MYPN,0.0
MYPOP,0.0
MYREM,0.4771212137590925
MYRF,1.7323937613030063
MYRF-AS1,0.0
MYRFL,0.3010300187444935
MYRIP,2.9804578867115623
MYSM1,0.0
MYT1,0.9542425114021612
MYT1L,2.7867514105508486
MYT1L-AS1,0.0
MYZAP,0.0
MZB1,0.0
MZF1,0.0
MZF1-AS1,0.0
MZT1,0.0
MZT2A,0.3010299456538137
MZT2B,0.30102991103985827
MZT2B-2,0.0
N4BP1,0.30102994725144255
N4BP2,0.0
N4BP2L1,0.6020599484056257
N4BP2L2,2.3074959880722874
N4BP2L2-IT2,0.0
N4BP3,0.3010300909639385
N6AMT1,0.0
NAA10,0.0
NAA11,0.0
NAA15,1.8633228622041271
NAA16,0.0
NAA20,0.0
NAA25,0.0
NAA30,0.0
NAA35,0.4771212892735647
NAA38,0.0
NAA40,0.0
NAA50,0.0
NAA60,0.0
NAA80,0.0
NAAA,0.0
NAALAD2,0.0
NAALAD2-2,0.0
NAALADL1,0.0
NAALADL2,0.0
NAALADL2-AS1,0.0
NAALADL2-AS2,0.0
NAALADL2-AS3,0.0
NAB1,0.0
NAB2,0.0
NABP1,0.0
NABP2,0.0
NACA,0.30103009539328085
NACA2,0.0
NACA4P,0.0
NACAD,0.0
NACC1,0.0
NACC2,0.0
NADK,0.0
NADK2,0.0
NADK2-AS1,0.0
NADSYN1,0.0
NAE1,0.0
NAF1,0.0
NAGA,0.0
NAGK,0.0
NAGLU,0.0
NAGPA,0.0
NAGPA-AS1,0.0
NAGS,0.0
NAIF1,0.0
NAIP,0.0
NAIP-2,0.0
NALCN,0.0
NALCN-AS1,0.0
NALF1,0.0
NALF1-IT1,0.0
NALF2,0.0
NALT1,0.0
NAMA,0.0
NAMPT,0.0
NAMPT-AS1,0.0
NANOG,0.0
NANOGNB,0.0
NANOGP8,0.0
NANOS1,0.0
NANOS2,0.0
NANOS3,0.0
NANP,0.0
NANS,0.0
NAP1L1,0.47712121531527396
NAP1L2,0.0
NAP1L3,0.6020599492846161
NAP1L4,0.0
NAP1L5,2.9329807759888014
NAP1L6P,0.0
NAPA,0.3010300185117747
NAPA-AS1,0.0
NAPB,0.9030899840184812
NAPEPLD,1.6232492721237335
NAPEPLD-2,0.0
NAPG,2.2329960969182614
NAPRT,0.0
NAPRT-2,0.0
NAPSA,0.0
NAPSB,0.0
NARF,0.0
NARF-AS2,0.0
NARS1,0.0
NARS2,0.47712128966885364
NASP,0.0
NAT1,0.0
NAT10,0.0
NAT14,0.3010299524808373
NAT16,0.0
NAT2,0.0
NAT8,0.0
NAT8B,0.0
NAT8L,0.3010301063807396
NAT9,2.320146234020929
NATD1,0.0
NAV1,2.752816440729553
NAV2,0.0
NAV2-AS2,0.0
NAV2-AS3,0.0
NAV2-AS4,0.0
NAV2-AS5,0.0
NAV3,2.9982593451072614
NAXD,0.0
NAXD-AS1,0.0
NAXE,0.9030899016160883
NBAS,0.0
NBAT1,0.0
NBDY,2.471291678196242
NBEA,3.016298348203522
NBEAL1,0.47712106043938385
NBEAL2,0.0
NBEAP1,0.0
NBL1,0.0
NBN,0.0
NBPF1,0.0
NBPF10,0.6646465213614589
NBPF11,0.0
NBPF12,0.0
NBPF13P,0.0
NBPF14,1.1264545643881556
NBPF15,0.0
NBPF18P,0.0
NBPF19,0.0
NBPF20,0.0
NBPF22P,0.0
NBPF25P,0.0
NBPF26,0.0
NBPF3,0.0
NBPF4,0.0
NBPF6,0.0
NBPF6-2,0.0
NBPF7P,0.0
NBPF8,0.0
NBPF9,0.0
NBR1,0.0
NBR2,0.0
NCAL1,0.0
NCALD,0.30103006051478487
NCAM1,2.7118072231279267
NCAM1-AS1,0.0
NCAM2,3.0141003262225925
NCAN,0.0
NCAPD2,0.0
NCAPD3,0.0
NCAPG,0.0
NCAPG2,0.0
NCAPH,0.0
NCAPH2,0.0
NCBP1,0.0
NCBP2,0.0
NCBP2-AS1,0.0
NCBP2AS2,0.0
NCBP2L,0.0
NCBP3,0.0
NCCRP1,0.0
NCDN,0.0
NCEH1,0.0
NCF1,0.0
NCF1B,0.0
NCF1C,0.0
NCF2,0.0
NCF4,0.0
NCF4-AS1,0.0
NCK1,0.0
NCK1-DT,0.0
NCK2,0.0
NCKAP1,0.7781512333617685
NCKAP1L,0.0
NCKAP5,1.361727839916362
NCKAP5-AS1,0.0
NCKAP5-AS2,0.0
NCKAP5L,0.0
NCKIPSD,0.0
NCL,0.0
NCLN,0.0
NCMAP,0.0
NCMAP-DT,0.0
NCOA1,2.4409090858400013
NCOA2,2.227886708774058
NCOA3,0.9542425051288261
NCOA4,1.9344984371374918
NCOA5,0.0
NCOA6,0.0
NCOA7,0.7152078086747546
NCOA7-AS1,0.0
NCOR1,3.220559974641232
NCOR1P1,0.0
NCOR1P4,0.0
NCOR2,0.0
NCR1,0.0
NCR1-10,0.0
NCR1-11,0.0
NCR1-12,0.0
NCR1-4,0.0
NCR1-5,0.0
NCR1-6,0.0
NCR1-7,0.0
NCR1-8,0.0
NCR1-9,0.0
NCR2,0.0
NCR3,0.0
NCR3-2,0.0
NCR3-3,0.0
NCR3-4,0.0
NCR3-5,0.0
NCR3-6,0.0
NCR3-7,0.0
NCR3-8,0.0
NCR3LG1,0.9542424875056512
NCRNA00250,0.0
NCRUPAR,0.0
NCS1,0.0
NCSTN,0.0
NDC1,0.0
NDC80,0.0
NDE1,0.0
NDE1-2,0.0
NDEL1,0.0
NDFIP1,2.3856062595572674
NDFIP2,0.3010300125594759
NDFIP2-AS1,0.0
NDN,0.0
NDNF,0.0
NDNF-AS1,0.0
NDOR1,0.0
NDP,0.0
NDP-AS1,0.0
NDRG1,1.230448900573892
NDRG2,0.0
NDRG3,0.0
NDRG4,0.4771212450158704
NDST1,0.0
NDST1-AS1,0.0
NDST2,0.0
NDST2-ZSWIM8-AS1,0.0
NDST3,2.729383598506624
NDST4,0.0
NDUFA1,0.0
NDUFA10,2.2922560666075014
NDUFA11,0.0
NDUFA12,1.2041195745345075
NDUFA13,0.9030903029216752
NDUFA2,0.0
NDUFA3,0.0
NDUFA3-10,0.0
NDUFA3-2,0.0
NDUFA3-3,0.30102987453649704
NDUFA3-4,0.0
NDUFA3-6,0.0
NDUFA3-7,0.0
NDUFA3-8,0.0
NDUFA3-9,0.30102987453649704
NDUFA4,1.5440680019458646
NDUFA4L2,0.0
NDUFA5,0.0
NDUFA6,0.0
NDUFA6-DT,0.0
NDUFA7,0.0
NDUFA8,0.0
NDUFA9,0.0
NDUFAB1,1.54406816128054
NDUFAF1,0.0
NDUFAF2,0.0
NDUFAF3,0.0
NDUFAF4,0.0
NDUFAF4P1,0.0
NDUFAF5,0.0
NDUFAF6,0.0
NDUFAF7,0.0
NDUFAF8,0.0
NDUFB1,0.0
NDUFB10,1.0791809628100884
NDUFB11,0.0
NDUFB2,0.0
NDUFB2-AS1,0.0
NDUFB3,1.6127837105125118
NDUFB4,1.949389995946375
NDUFB5,1.2552724937386541
NDUFB6,0.778151177309612
NDUFB7,1.4471582725495122
NDUFB8,1.7242758505071465
NDUFB9,0.0
NDUFC1,0.0
NDUFC2,0.0
NDUFC2-KCTD14,0.0
NDUFS1,0.6020599185519151
NDUFS2,0.0
NDUFS3,0.0
NDUFS4,1.146128233933903
NDUFS5,1.3617275443093575
NDUFS6,0.47712107018926586
NDUFS7,0.0
NDUFS8,0.0
NDUFV1,1.9084849560987087
NDUFV1-DT,0.0
NDUFV2,1.763427872004097
NDUFV2-AS1,0.0
NDUFV3,0.0
NEAT1,0.3010303112973135
NEB,0.0
NEBL,0.0
NEBL-AS1,0.0
NECAB1,2.191834882367564
NECAB2,0.0
NECAB3,0.0
NECAP1,1.2552724798882424
NECAP2,0.0
NECAP2-2,0.0
NECTIN1,1.2041199704890915
NECTIN1-AS1,0.0
NECTIN1-DT,0.0
NECTIN2,0.0
NECTIN3,1.5314788905265555
NECTIN3-AS1,0.0
NECTIN4,0.0
NECTIN4-AS1,0.0
NEDD1,0.0
NEDD4,0.0
NEDD4L,0.3010296985042082
NEDD8,0.0
NEDD8-MDP1,0.0
NEDD9,1.0791812488408514
NEFH,0.0
NEFL,0.0
NEFM,0.0
NEGR1,0.0
NEGR1-IT1,0.0
NEIL1,0.0
NEIL2,0.0
NEIL3,0.0
NEK1,0.7781512493867554
NEK10,0.30103024401851025
NEK11,0.0
NEK2,0.0
NEK2-DT,0.0
NEK3,0.0
NEK4,0.3010299658361127
NEK5,0.0
NEK6,0.0
NEK7,0.0
NEK8,0.0
NEK9,0.0
NELFA,0.0
NELFB,0.0
NELFCD,0.0
NELFE,0.0
NELFE-2,0.0
NELFE-3,0.0
NELFE-4,0.0
NELFE-5,0.0
NELFE-6,0.0
NELL1,1.6901960587051574
NELL2,0.477121257585715
NEMF,0.0
NEMP1,0.0
NEMP2,0.30102995326663734
NEMP2-DT,0.0
NENF,0.0
NEO1,0.8450980706926386
NEPRO,0.0
NEPRO-AS1,0.0
NES,0.602060018040338
NET1,0.0
NETO1,0.0
NETO1-DT,0.0
NETO2,0.4771213245346069
NEU1,0.0
NEU2,0.0
NEU3,0.0
NEU4,0.0
NEURL1,0.0
NEURL1-AS1,0.0
NEURL1B,0.3010299966468526
NEURL2,0.0
NEURL3,0.0
NEURL4,0.0
NEUROD1,0.0
NEUROD2,0.0
NEUROD4,0.0
NEUROD6,0.0
NEUROG1,0.0
NEUROG2,0.0
NEUROG2-AS1,0.0
NEUROG3,0.0
NEXMIF,1.3979400154905217
NEXN,0.0
NEXN-AS1,0.0
NF1,0.47712114846882836
NF1P2,0.0
NF2,0.30102995200080634
NFAM1,0.0
NFASC,0.0
NFAT5,0.4775777726265811
NFATC1,0.0
NFATC2,0.0
NFATC2IP,0.0
NFATC2IP-AS1,0.0
NFATC3,0.0
NFATC4,0.0
NFE2,0.0
NFE2L1,0.0
NFE2L1-DT,0.0
NFE2L2,1.5051499584210657
NFE2L3,0.0
NFE4,0.0
NFIA,2.824125841251864
NFIA-AS1,0.0
NFIA-AS2,0.0
NFIB,3.1146109903359984
NFIB-AS1,0.0
NFIC,2.621176286964267
NFIL3,0.0
NFILZ,0.0
NFIX,0.3010299475630148
NFKB1,1.5185139239082723
NFKB2,0.0
NFKBIA,0.0
NFKBIB,0.0
NFKBIB-2,0.0
NFKBID,0.0
NFKBIE,0.0
NFKBIL1,0.0
NFKBIZ,0.0
NFRKB,1.3222192932800751
NFS1,0.0
NFU1,0.0
NFX1,2.9818185917084423
NFXL1,0.0
NFYA,0.0
NFYB,0.0
NFYC,2.2552724577676706
NFYC-AS1,0.0
NFYCP2,0.0
NGB,0.0
NGDN,0.8450979572249487
NGEF,0.0
NGF,0.0
NGF-AS1,0.0
NGFR,0.0
NGFR-AS1,0.0
NGLY1,0.0
NGRN,1.6434526003097512
NHEG1,0.0
NHEJ1,0.0
NHERF1,1.0413926424666837
NHERF2,0.0
NHERF4,0.0
NHIP,0.0
NHLH1,0.0
NHLH2,0.0
NHLRC1,0.0
NHLRC2,0.0
NHLRC3,0.0
NHLRC4,0.0
NHP2,0.0
NHS,0.0
NHS-AS1,0.0
NHSL1,2.751279106899147
NHSL1-AS1,0.0
NHSL2,0.0
NHSL3,0.0
NIBAN1,0.0
NIBAN2,0.0
NIBAN3,0.0
NICN1,0.0
NICOL1,0.0
NID1,0.0
NID2,0.0
NIF3L1,0.3010299719034493
NIFK,0.0
NIFK-AS1,0.0
NIHCOLE,0.0
NIM1K,0.0
NIN,1.6434526650486987
NINJ1,0.3010299588673415
NINJ2,0.0
NINJ2-AS1,0.0
NINL,2.1643528384687825
NIP7,0.0
NIPA1,0.0
NIPA2,0.0
NIPA2-2,0.0
NIPAL1,0.0
NIPAL2,0.0
NIPAL2-AS1,0.0
NIPAL3,0.0
NIPAL4,0.0
NIPAL4-DT,0.0
NIPBL,1.7993405535914555
NIPBL-DT,0.0
NIPSNAP1,0.0
NIPSNAP2,0.0
NIPSNAP3A,0.0
NIPSNAP3B,0.0
NISCH,0.0
NIT1,0.0
NIT2,0.0
NKAIN1,0.0
NKAIN2,0.0
NKAIN3,2.2600714041286905
NKAIN4,0.0
NKAP,0.0
NKAPD1,2.0399342915621554
NKAPL,0.0
NKAPP1,0.0
NKD1,0.0
NKD2,0.0
NKD2-2,0.0
NKG7,0.0
NKILA,0.0
NKIRAS1,1.902536216168256
NKIRAS2,0.0
NKPD1,0.0
NKRF,0.0
NKRF-2,0.0
NKTR,0.30102992386594857
NKX1-1,0.0
NKX1-2,0.0
NKX2-1,0.0
NKX2-1-AS1,0.0
NKX2-2,0.30102995605440197
NKX2-3,0.0
NKX2-4,0.0
NKX2-5,0.0
NKX2-6,0.0
NKX2-8,0.0
NKX3-1,0.0
NKX3-2,0.0
NKX6-1,0.0
NKX6-2,0.0
NKX6-3,0.0
NLE1,1.4771212278331505
NLGN1,1.8808136028827647
NLGN1-AS1,2.2253096093655413
NLGN2,1.0791812410072863
NLGN2-2,0.0
NLGN3,0.0
NLGN4X,1.4913616878703055
NLGN4Y,0.845098000495288
NLGN4Y-AS1,0.0
NLK,0.0
NLN,0.0
NLRC3,0.0
NLRC4,0.0
NLRC5,0.0
NLRP1,0.0
NLRP10,0.0
NLRP11,0.0
NLRP12,0.0
NLRP13,0.0
NLRP14,0.0
NLRP2,0.0
NLRP2B,0.0
NLRP3,0.0
NLRP4,0.0
NLRP5,0.0
NLRP6,0.0
NLRP7,0.0
NLRP7-10,0.0
NLRP7-2,0.0
NLRP7-3,0.0
NLRP7-4,0.0
NLRP7-5,0.0
NLRP7-6,0.0
NLRP7-7,0.0
NLRP7-8,0.0
NLRP7-9,0.0
NLRP8,0.0
NLRP9,0.0
NLRX1,0.0
NMB,0.0
NMB-2,0.0
NMBR,0.0
NMD3,0.0
NME1,0.0
NME1-NME2,0.0
NME2,0.0
NME3,0.0
NME4,0.0
NME5,0.4771211913103053
NME6,0.9999999878541568
NME7,1.8501037020344746
NME8,0.0
NME9,0.0
NMI,0.0
NMNAT1,2.2068258639170892
NMNAT2,0.0
NMNAT3,0.0
NMRAL1,0.0
NMRAL1-2,0.0
NMRAL2P,0.0
NMRK1,0.30103003328111266
NMRK2,0.0
NMS,0.0
NMT1,1.8260747983083176
NMT2,0.3010299299807342
NMU,0.0
NMUR1,0.0
NMUR2,0.0
NNAT,0.0
NNMT,0.0
NNT,2.4756711851223474
NNT-AS1,2.5276298845734764
NOA1,0.0
NOB1,0.0
NOBOX,0.0
NOBOX-2,0.0
NOC2L,0.0
NOC2LP2,0.0
NOC3L,0.0
NOC4L,0.7781511889225246
NOCT,0.0
NOD1,0.0
NOD2,0.0
NODAL,0.0
NOG,0.0
NOL10,2.8887409405689586
NOL11,0.0
NOL12,0.0
NOL3,0.0
NOL4,1.9867717191470842
NOL4L,0.0
NOL4L-DT,0.0
NOL6,0.30103005773871416
NOL7,2.13672051150995
NOL8,0.0
NOL8-2,0.0
NOL9,0.0
NOLC1,0.0
NOM1,0.0
NOMO1,0.0
NOMO2,0.0
NOMO3,0.0
NOMO3-2,0.0
NONO,1.278753574150607
NOP10,0.0
NOP14,0.0
NOP14-AS1,0.0
NOP16,0.0
NOP2,0.0
NOP53,0.0
NOP53-AS1,0.0
NOP56,1.826074757234448
NOP58,2.997386341279895
NOP9,0.0
NOP9-2,0.0
NOPCHAP1,1.1232809635321477
NORAD,0.7781512405427766
NOS1,0.0
NOS1AP,0.4771213119884318
NOS2,0.0
NOS2P3,0.0
NOS3,0.0
NOSIP,0.0
NOSTRIN,0.0
NOTCH1,0.0
NOTCH2,0.3010300112643729
NOTCH2NLA,1.8450427375916374
NOTCH2NLB,2.899278077459844
NOTCH2NLC,0.0
NOTCH2NLR,0.0
NOTCH3,0.0
NOTCH4,0.0
NOTO,0.0
NOTUM,0.0
NOVA1,2.222716470266967
NOVA1-DT,0.0
NOVA2,0.0
NOX1,0.0
NOX3,0.0
NOX4,0.0
NOX5,0.0
NOXA1,0.0
NOXO1,0.0
NOXRED1,0.0
NPAP1,0.0
NPAP1P9,0.0
NPAS1,0.0
NPAS2,0.0
NPAS2-AS1,0.0
NPAS3,1.36172784593074
NPAS4,0.0
NPAT,1.0791812329537294
NPB,0.0
NPBWR1,0.0
NPBWR2,0.0
NPC1,0.0
NPC1L1,0.0
NPC2,0.0
NPDC1,0.0
NPEPL1,0.0
NPEPPS,0.0
NPEPPSP1,0.0
NPFF,0.0
NPFFR1,0.0
NPFFR2,0.0
NPHP1,0.0
NPHP3,1.2552724957619814
NPHP3-ACAD11,0.0
NPHP3-AS1,0.0
NPHP4,0.0
NPHS1,0.6020599493400864
NPHS2,0.0
NPIPA1,0.0
NPIPA1-2,0.0
NPIPA2,0.0
NPIPA3,0.0
NPIPA3-2,0.0
NPIPA5,0.0
NPIPA5-2,0.0
NPIPA6,0.0
NPIPA7,0.0
NPIPA8,0.0
NPIPA9,0.0
NPIPB11,1.5443485759993718
NPIPB12,1.463571846311424
NPIPB13,0.47315879947767747
NPIPB15,0.0
NPIPB2,0.0
NPIPB3,2.084818993828534
NPIPB3-2,0.0
NPIPB4,2.1259987913845952
NPIPB5,0.4312074693607002
NPIPB6,0.0
NPIPB7,0.0
NPIPB8,0.0
NPIPB9,0.3010299360785375
NPL,0.0
NPLOC4,0.0
NPM1,1.8386315676692657
NPM2,0.0
NPM3,0.0
NPNT,0.0
NPPA,0.0
NPPA-AS1,0.0
NPPB,0.0
NPPC,0.0
NPR1,0.0
NPR2,0.0
NPR3,0.0
NPRL2,0.0
NPRL3,0.0
NPS,0.0
NPSR1,0.0
NPSR1-AS1,0.0
NPTN,0.7781512112050131
NPTN-IT1,0.0
NPTX1,0.0
NPTX2,0.0
NPTXR,0.47712132502376864
NPVF,0.0
NPW,0.0
NPY,0.0
NPY1R,0.0
NPY2R,0.0
NPY2R-AS1,0.0
NPY4R,0.0
NPY4R2,0.0
NPY4R2-2,0.0
NPY5R,0.0
NPY6R,0.0
NQO1,0.0
NQO1-DT,0.0
NQO2,0.0
NQO2-AS1,0.0
NR0B1,0.0
NR0B2,0.0
NR1D1,0.0
NR1D2,0.0
NR1H2,0.0
NR1H3,0.0
NR1H4,0.0
NR1I2,0.0
NR1I3,0.0
NR2C1,1.8195439170671917
NR2C2,3.104824858596422
NR2C2AP,0.0
NR2E1,0.0
NR2E3,0.0
NR2F1,0.0
NR2F1-AS1,0.0
NR2F2,0.9542424831997369
NR2F2-AS1,0.0
NR2F6,0.0
NR3C1,1.6901960678497174
NR3C2,0.6989699662462534
NR4A1,0.0
NR4A1AS,1.1139430366973553
NR4A2,2.1731862511360247
NR4A3,0.0
NR5A1,0.0
NR5A2,0.4771212539096583
NR6A1,0.0
NRAD1,0.0
NRADDP,0.0
NRAL,0.0
NRAP,0.0
NRARP,0.0
NRAS,1.3424226756414086
NRAV,0.0
NRBF2,0.0
NRBP1,2.1583624563823927
NRBP2,0.0
NRCAM,0.0
NRDC,0.0
NRDE2,0.9542425673809924
NREP,0.0
NREP-AS1,0.0
NRF1,2.178976931304635
NRG1,0.32153348497849527
NRG1-IT1,0.0
NRG1-IT3,0.0
NRG2,0.0
NRG3,0.0
NRG3-AS1,0.0
NRG4,0.0
NRGN,0.0
NRIP1,2.603144386588977
NRIP2,0.0
NRIP3,0.3012455841903903
NRIP3-DT,0.0
NRIR,0.0
NRK,0.0
NRL,0.0
NRL-2,0.0
NRM,0.0
NRM-2,0.0
NRM-3,0.0
NRM-4,0.0
NRM-5,0.0
NRM-6,0.0
NRM-7,0.0
NRN1,0.0
NRN1L,0.0
NRON,0.0
NRP1,0.0
NRP2,0.0
NRROS,0.0
NRSN1,0.30102994736946626
NRSN2,0.0
NRSN2-AS1,0.0
NRTN,0.0
NRXN1,3.2607866615464616
NRXN1-DT,0.0
NRXN2,0.0
NRXN2-AS1,0.0
NRXN3,2.0755469603650596
NSA2,0.0
NSD1,1.8129133676242586
NSD2,0.0
NSD3,2.1903317040993135
NSDHL,0.0
NSDHL-2,0.0
NSF,0.3010299606850592
NSFL1C,0.0
NSFP1,0.0
NSG1,0.0
NSG2,1.9294188937627959
NSL1,1.3010299764194586
NSMAF,0.0
NSMCE1,0.0
NSMCE1-DT,0.0
NSMCE2,0.0
NSMCE3,0.0
NSMCE4A,0.3010299460980026
NSMF,0.0
NSRP1,0.9030899460327269
NSUN2,0.0
NSUN3,1.9731278559335441
NSUN4,0.0
NSUN5,0.0
NSUN5P1,0.0
NSUN5P2,0.0
NSUN6,0.0
NSUN7,0.0
NT5C,0.0
NT5C1A,0.6336246518662512
NT5C1B,0.0
NT5C1B-RDH14,0.0
NT5C2,0.0
NT5C3A,0.0
NT5C3B,0.0
NT5DC1,0.0
NT5DC2,0.0
NT5DC3,0.6020599728910939
NT5DC4,0.0
NT5E,2.0899050964718797
NT5M,0.0
NTAN1,0.0
NTAN1-2,0.0
NTAQ1,0.0
NTF3,0.0
NTF4,0.0
NTHL1,0.0
NTM,1.8303759994306517
NTM-AS1,0.0
NTM-IT,0.0
NTMT1,0.0
NTMT2,0.0
NTN1,0.0
NTN3,0.0
NTN4,0.0
NTN5,0.0
NTNG1,1.2552724607281143
NTNG2,0.0
NTPCR,0.0
NTRAS,0.0
NTRK1,0.0
NTRK2,2.9339931659042753
NTRK3,1.8976271003795837
NTRK3-AS1,0.0
NTS,0.0
NTSR1,0.0
NTSR2,0.0
NUAK1,0.0
NUAK2,0.4771212226585124
NUB1,0.3010299396344372
NUBP1,0.0
NUBP2,0.0
NUBPL,0.6083063938198218
NUBPL-DT,0.0
NUCB1,0.0
NUCB1-AS1,0.0
NUCB2,0.0
NUCKS1,1.489839596741474
NUDC,0.0
NUDCD1,0.0
NUDCD2,0.0
NUDCD3,2.3074960428693236
NUDT1,0.0
NUDT10,0.0
NUDT11,0.0
NUDT12,0.0
NUDT13,0.6020599384525116
NUDT14,0.0
NUDT15,0.0
NUDT16,0.0
NUDT16-DT,0.0
NUDT16L1,0.0
NUDT16L2P,0.0
NUDT17,0.0
NUDT18,0.0
NUDT19,0.0
NUDT19-DT,0.0
NUDT2,0.0
NUDT21,3.4161410241128642
NUDT22,0.0
NUDT3,0.0
NUDT4,1.6693451506879473
NUDT4B,1.9790790323566059
NUDT4P2,0.0
NUDT5,0.0
NUDT6,0.0
NUDT7,0.0
NUDT8,0.0
NUDT9,0.0
NUDT9P1,0.0
NUF2,0.0
NUFIP1,0.0
NUFIP2,2.34439228522257
NUGGC,0.7781512322776233
NUMA1,1.462397986852005
NUMB,0.3010299451224087
NUMBL,0.0
NUP107,0.0
NUP133,0.3010300369459889
NUP133-DT,0.0
NUP153,0.30102992085707075
NUP153-AS1,0.0
NUP155,2.8481891226427396
NUP160,1.8920946017135334
NUP188,0.0
NUP205,0.6020599520421703
NUP210,0.0
NUP210L,0.0
NUP210P1,0.0
NUP214,2.5550944407096154
NUP35,0.0
NUP37,0.0
NUP42,0.0
NUP43,0.0
NUP50,0.0
NUP50-DT,0.0
NUP54,0.0
NUP58,0.0
NUP62,0.9030899596500992
NUP62CL,0.0
NUP85,0.3010299246421055
NUP88,0.0
NUP93,0.6020599694863293
NUP93-DT,0.0
NUP98,0.0
NUPR1,0.0
NUPR2,0.0
NUS1,0.0
NUSAP1,0.0
NUTF2,1.5185139037143478
NUTF2P4,0.0
NUTM1,0.0
NUTM1-2,0.0
NUTM2A,0.0
NUTM2A-AS1,0.0
NUTM2B,0.0
NUTM2B-AS1,1.934498371808496
NUTM2D,0.0
NUTM2E,0.0
NUTM2F,0.0
NUTM2G,0.0
NVL,0.0
NWD1,0.0
NWD2,0.0
NXF1,0.0
NXF2,0.0
NXF2B,0.0
NXF3,0.0
NXF4,0.0
NXF5,0.0
NXN,0.0
NXNL1,0.0
NXNL2,0.30102997448640045
NXNL2-2,0.0
NXPE1,0.0
NXPE2,0.0
NXPE3,0.0
NXPE4,0.0
NXPH1,3.231214630854226
NXPH2,0.0
NXPH3,0.0
NXPH4,0.0
NXT1,2.0718818994126407
NXT1-AS1,0.0
NXT2,0.0
NXTAR,0.0
NYAP1,0.0
NYAP2,0.0
NYNRIN,0.0
NYX,0.0
OACYLP,0.0
OAF,0.0
OARD1,0.0
OAS1,0.0
OAS2,0.0
OAS3,0.0
OASL,0.30102994046870973
OAT,1.8864906712698915
OAZ1,0.0
OAZ2,0.0
OAZ3,0.0
OBI1,0.0
OBI1-AS1,0.0
OBP2A,0.0
OBP2B,0.0
OBP2B-2,0.0
OBSCN,0.0
OBSCN-AS1,0.0
OBSL1,0.0
OC90,0.0
OCA2,0.0
OCEL1,0.0
OCIAD1,0.0
OCIAD1-AS1,0.0
OCIAD2,0.0
OCLN,0.0
OCLN-2,0.0
OCLN-3,0.0
OCLNP1,0.0
OCM,0.0
OCM2,0.0
OCRL,0.0
OCSTAMP,0.0
ODAD1,0.0
ODAD2,0.0
ODAD2P1,0.0
ODAD3,0.0
ODAD4,0.0
ODAM,0.0
ODAPH,0.0
ODC1,0.0
ODC1-DT,0.0
ODF1,0.0
ODF2,0.0
ODF2-AS1,0.0
ODF2L,0.0
ODF4,0.0
ODR4,0.0
OFCC1,0.0
OFD1,0.7544168776545946
OGA,3.056523696785571
OGDH,0.0
OGDHL,0.0
OGFOD1,0.30103003675005263
OGFOD2,0.0
OGFOD3,0.0
OGFR,0.0
OGFR-AS1,0.0
OGFRL1,0.0
OGFRP1,0.0
OGG1,0.3010300353435813
OGN,0.0
OGT,1.2304489184209764
OIP5,0.0
OIP5-AS1,0.845304474136021
OIT3,0.0
OLA1,0.0
OLAH,0.0
OLFM1,0.0
OLFM2,0.3010299800610759
OLFM3,0.0
OLFM4,0.0
OLFM5P,0.0
OLFML1,0.0
OLFML2A,0.0
OLFML2B,0.0
OLFML3,0.0
OLIG1,2.045322944625197
OLIG2,0.9030899509047436
OLIG3,0.0
OLMALINC,0.0
OLR1,0.0
OMA1,0.0
OMD,0.0
OMG,3.223236221350199
OMP,0.0
ONECUT1,0.0
ONECUT2,0.0
ONECUT3,0.3010299188470845
OOEP,0.0
OOEP-AS1,0.0
OOSP1,0.0
OOSP1-2,0.0
OOSP2,0.0
OOSP3,0.0
OOSP4A,0.0
OOSP4B,0.0
OPA1,0.0
OPA1-AS1,0.0
OPA3,0.4771213533343014
OPALIN,0.0
OPCML,1.8750612655412349
OPCML-IT1,0.0
OPHN1,2.1986786166997945
OPLAH,0.0
OPN1LW,0.0
OPN1MW,0.0
OPN1MW2,0.0
OPN1MW3,0.0
OPN1SW,0.0
OPN3,0.0
OPN4,0.0
OPN5,0.0
OPRD1,0.0
OPRK1,0.0
OPRL1,0.3010299570562804
OPRM1,0.30102996711005114
OPRPN,0.0
OPTC,0.0
OPTN,0.0
OR10A2,0.0
OR10A3,0.0
OR10A4,0.0
OR10A5,0.0
OR10A6,0.0
OR10A7,0.0
OR10AC1,0.0
OR10AD1,0.0
OR10AG1,0.0
OR10C1,0.0
OR10D3,0.0
OR10G2,0.0
OR10G3,0.0
OR10G4,0.301030011217949
OR10G6,0.0
OR10G7,0.0
OR10G8,0.0
OR10G9,0.0
OR10H1,0.0
OR10H2,0.0
OR10H3,0.0
OR10H4,0.0
OR10H5,0.0
OR10J1,0.0
OR10J1-2,0.0
OR10J3,0.0
OR10J4,0.0
OR10J4-2,0.0
OR10J5,0.0
OR10K1,0.0
OR10K2,0.0
OR10P1,0.0
OR10Q1,0.0
OR10R2,0.0
OR10S1,0.0
OR10T2,0.0
OR10V1,0.0
OR10V2P,0.0
OR10W1,0.0
OR10X1,0.0
OR10Z1,0.0
OR11A1,0.0
OR11G2,0.0
OR11H1,0.0
OR11H12,0.0
OR11H2,0.0
OR11H4,0.0
OR11H6,0.0
OR11H7,0.0
OR11H7-2,0.0
OR11L1,0.0
OR12D1,0.0
OR12D1-3,0.0
OR12D2,0.0
OR12D3,0.3010299988378422
OR13A1,0.0
OR13A1-2,0.0
OR13C2,0.0
OR13C3,0.0
OR13C4,0.0
OR13C5,0.0
OR13C8,0.0
OR13C9,0.0
OR13D1,0.0
OR13F1,0.0
OR13G1,0.0
OR13H1,0.0
OR13J1,0.0
OR14A16,0.0
OR14A2,0.0
OR14C36,0.0
OR14I1,0.0
OR14J1,0.0
OR14K1,0.0
OR14L1,0.0
OR1A1,0.0
OR1A2,0.0
OR1B1,0.0
OR1C1,0.0
OR1D2,0.0
OR1D4,0.0
OR1D5,0.0
OR1E1,0.0
OR1E2,0.0
OR1F1,0.0
OR1F2P,0.0
OR1G1,0.0
OR1I1,0.3010299723542945
OR1J1,0.0
OR1J2,0.0
OR1J4,0.0
OR1K1,0.0
OR1L1,0.0
OR1L3,0.0
OR1L4,0.0
OR1L6,0.0
OR1L8,0.0
OR1M1,0.0
OR1N1,0.0
OR1N2,0.0
OR1Q1,0.0
OR1R1P,0.0
OR1S1,0.0
OR1S2,0.0
OR2A1,0.0
OR2A1-2,0.0
OR2A1-AS1,0.0
OR2A12,0.0
OR2A14,0.0
OR2A2,0.0
OR2A20P,0.0
OR2A25,0.7781512123496636
OR2A4,0.0
OR2A42,0.0
OR2A5,0.0
OR2A7,0.0
OR2A9P,0.0
OR2AE1,0.0
OR2AG1,0.0
OR2AG2,0.0
OR2AJ1,0.0
OR2AK2,0.0
OR2AP1,0.0
OR2AT4,0.0
OR2B11,0.0
OR2B2,0.0
OR2B3,0.0
OR2B6,0.0
OR2B8P,0.0
OR2C1,0.0
OR2C3,0.0
OR2D2,0.0
OR2D3,0.0
OR2F1,0.0
OR2F2,0.0
OR2G2,0.0
OR2G3,0.0
OR2G6,0.0
OR2H1,0.0
OR2H1-2,0.0
OR2H1-3,0.0
OR2H1-4,0.0
OR2H1-5,0.0
OR2H1-6,0.0
OR2H1-7,0.0
OR2H1-8,0.0
OR2H2,0.0
OR2I1P,0.0
OR2J1,0.0
OR2J2,0.0
OR2J3,0.0
OR2K2,0.0
OR2L13,0.0
OR2L1P,0.0
OR2L2,0.3932118102099402
OR2L3,0.0
OR2L5,0.0
OR2L8,0.0
OR2M1P,0.0
OR2M2,0.0
OR2M3,0.0
OR2M4,0.0
OR2M5,0.0
OR2M7,0.0
OR2S2,0.0
OR2T1,0.0
OR2T10,0.0
OR2T11,0.0
OR2T12,0.0
OR2T2,0.0
OR2T27,0.0
OR2T29,0.0
OR2T3,0.0
OR2T33,0.0
OR2T34,0.0
OR2T35,0.0
OR2T4,0.0
OR2T5,0.0
OR2T6,0.0
OR2T7,0.0
OR2T8,0.0
OR2V1,0.0
OR2V2,0.0
OR2W1,0.0
OR2W1-AS1,0.0
OR2W3,0.0
OR2W5P,0.0
OR2Y1,0.0
OR2Z1,0.0
OR3A1,0.0
OR3A2,0.0
OR3A3,0.0
OR3A4P,0.0
OR4A15,0.0
OR4A16,0.0
OR4A47,0.0
OR4A5,0.0
OR4B1,0.0
OR4C11,0.0
OR4C12,0.0
OR4C13,0.0
OR4C15,0.0
OR4C16,0.0
OR4C3,0.0
OR4C45,0.0
OR4C45-2,0.0
OR4C46,0.0
OR4C5,0.0
OR4C6,0.0
OR4D1,0.0
OR4D10,0.0
OR4D11,0.0
OR4D2,0.0
OR4D5,0.0
OR4D6,0.0
OR4D9,0.0
OR4E1,0.0
OR4E2,0.0
OR4F13P,0.0
OR4F15,0.0
OR4F16,0.7000396732117753
OR4F17,0.0
OR4F21,0.0
OR4F29,0.0
OR4F3,0.0
OR4F5,0.0
OR4F6,0.0
OR4K1,0.0
OR4K1-2,0.0
OR4K13,0.0
OR4K14,0.0
OR4K15,0.0
OR4K17,0.0
OR4K2,0.0
OR4K3,0.0
OR4K5,0.0
OR4L1,0.0
OR4M1,0.0
OR4M2,0.0
OR4M2-OT1,0.0
OR4M2B,0.0
OR4N2,0.0
OR4N3P,0.0
OR4N4,0.0
OR4N4C,0.0
OR4N5,0.0
OR4P4,0.0
OR4Q2,0.0
OR4Q2-2,0.0
OR4Q3,0.0
OR4S1,0.0
OR4S2,0.0
OR4X1,0.0
OR4X2,0.0
OR51A2,0.0
OR51A4,0.0
OR51A7,0.0
OR51B2,0.0
OR51B4,0.0
OR51B5,0.0
OR51B6,0.0
OR51C1P,0.0
OR51D1,0.0
OR51E1,0.0
OR51E2,0.0
OR51F1,0.0
OR51F2,0.0
OR51G1,0.0
OR51G2,0.0
OR51H1,0.0
OR51I1,0.0
OR51I2,0.0
OR51L1,0.0
OR51M1,0.0
OR51Q1,0.0
OR51S1,0.0
OR51T1,0.0
OR51V1,0.0
OR52A1,0.0
OR52A5,0.0
OR52B2,0.0
OR52B4,0.0
OR52B6,0.0
OR52D1,0.0
OR52E1,0.0
OR52E1-2,0.0
OR52E2,0.0
OR52E4,0.0
OR52E5,0.0
OR52E6,0.0
OR52E8,0.0
OR52H1,0.0
OR52I1,0.0
OR52I2,0.0
OR52J3,0.0
OR52K1,0.0
OR52K2,0.0
OR52L1,0.0
OR52M1,0.0
OR52N1,0.0
OR52N2,0.0
OR52N4,0.0
OR52N5,0.0
OR52P1,0.0
OR52R1,0.0
OR52W1,0.0
OR52Z1P,0.0
OR56A1,0.0
OR56A3,0.0
OR56A4,1.4623979917883234
OR56A5,0.0
OR56B1,0.0
OR56B2P,0.0
OR56B4,0.0
OR5A1,0.0
OR5A2,0.0
OR5AC2,0.0
OR5AK2,0.0
OR5AK4P,0.0
OR5AL1,0.0
OR5AL1-2,0.0
OR5AN1,0.0
OR5AP2,0.0
OR5AR1,0.0
OR5AS1,0.30103006243234887
OR5AU1,0.0
OR5B12,0.0
OR5B17,0.0
OR5B2,0.0
OR5B21,0.0
OR5B3,0.0
OR5BS1P,0.0
OR5C1,0.0
OR5D13,0.0
OR5D14,0.0
OR5D16,0.0
OR5D18,0.0
OR5D3P,0.0
OR5E1P,0.0
OR5F1,0.0
OR5H1,0.0
OR5H14,0.0
OR5H15,0.0
OR5H2,0.0
OR5H6,0.0
OR5I1,0.0
OR5J2,0.0
OR5K1,0.0
OR5K2,0.0
OR5K3,0.0
OR5K4,0.0
OR5L1,0.0
OR5L2,0.0
OR5M1,0.0
OR5M10,0.0
OR5M11,0.0
OR5M3,0.0
OR5M8,0.0
OR5M9,0.0
OR5P2,0.0
OR5P3,0.0
OR5T1,0.0
OR5T2,0.0
OR5T3,0.0
OR5V1,0.0
OR5W2,0.0
OR6A2,0.0
OR6B1,0.4771212256197712
OR6B2,0.0
OR6B3,0.0
OR6C1,0.0
OR6C2,0.0
OR6C3,0.0
OR6C4,0.0
OR6C6,0.0
OR6C65,0.0
OR6C68,0.0
OR6C70,0.0
OR6C74,0.0
OR6C75,0.3010300742079986
OR6C76,0.0
OR6F1,0.0
OR6J1,0.0
OR6K2,0.0
OR6K3,0.0
OR6K6,0.0
OR6M1,0.0
OR6N1,0.0
OR6N2,0.0
OR6P1,0.0
OR6Q1,0.0
OR6S1,0.0
OR6T1,0.0
OR6V1,0.0
OR6W1P,0.0
OR6X1,0.0
OR6Y1,0.0
OR7A10,0.0
OR7A17,0.0
OR7A5,0.0
OR7C1,0.0
OR7C2,0.0
OR7D2,0.0
OR7D4,0.0
OR7E12P,0.30102995199099214
OR7E14P,0.0
OR7E156P,0.0
OR7E24,0.0
OR7E2P,0.0
OR7E37P,0.0
OR7E47P,0.0
OR7E5P,0.0
OR7E91P,0.0
OR7G1,0.0
OR7G2,0.0
OR7G3,0.0
OR8A1,0.0
OR8B12,0.0
OR8B2,0.0
OR8B3,0.0
OR8B4,0.0
OR8B8,0.0
OR8D1,0.0
OR8D2,0.0
OR8D4,0.0
OR8G1,0.0
OR8G2P,0.0
OR8G3P,0.0
OR8G5,0.0
OR8H1,0.0
OR8H2,0.0
OR8H3,0.0
OR8I2,0.0
OR8J1,0.0
OR8J2,0.0
OR8J3,0.0
OR8K1,0.0
OR8K3,0.0
OR8K5,0.0
OR8S1,0.0
OR8U1,0.0
OR8U3,0.0
OR8U8,0.0
OR8U9,0.0
OR9A2,0.0
OR9A4,0.0
OR9G1,0.0
OR9G4,0.0
OR9G9,0.0
OR9H1P,0.0
OR9I1,0.0
OR9K2,0.0
OR9Q1,0.0
OR9Q2,0.0
ORAI1,0.0
ORAI1-2,0.0
ORAI2,0.0
ORAI3,0.0
ORC1,0.0
ORC2,0.0
ORC3,1.0413926529424165
ORC4,0.7998147885875247
ORC5,0.0
ORC6,0.0
ORM1,0.0
ORM2,0.0
ORMDL1,0.0
ORMDL2,0.0
ORMDL3,0.0
OS9,0.0
OSBP,0.0
OSBP2,0.0
OSBPL10,0.0
OSBPL10-AS1,0.0
OSBPL11,0.0
OSBPL1A,1.1760912252155233
OSBPL2,0.0
OSBPL3,0.0
OSBPL5,0.0
OSBPL6,2.012837237313373
OSBPL7,0.3010299783802417
OSBPL8,1.5682017344114716
OSBPL9,0.0
OSCAR,0.0
OSCP1,0.0
OSER1,0.3010299661813084
OSER1-DT,0.0
OSGEP,1.5440680011435812
OSGEPL1,0.0
OSGEPL1-AS1,0.0
OSGIN1,0.0
OSGIN2,0.0
OSM,0.0
OSMR,0.0
OSMR-DT,0.0
OSR1,1.1238068926094713
OSR2,0.0
OST4,0.0
OSTC,0.9030899270010517
OSTCP1,0.0
OSTCP2,0.0
OSTF1,0.6020599286103809
OSTM1,2.0086001657194124
OSTM1-AS1,0.0
OSTN,0.0
OSTN-AS1,0.0
OTC,0.0
OTOA,0.0
OTOA-2,0.0
OTOAP1,0.0
OTOF,0.0
OTOG,0.0
OTOGL,0.0
OTOL1,0.0
OTOP1,0.0
OTOP2,0.0
OTOP3,0.0
OTOR,0.0
OTOS,0.0
OTP,0.0
OTUB1,0.0
OTUB2,0.0
OTUD1,0.0
OTUD3,2.9211660521030445
OTUD4,0.0
OTUD5,0.9294188843748582
OTUD5-2,0.9294188843748582
OTUD6A,0.0
OTUD6B,0.0
OTUD6B-AS1,0.0
OTUD7A,0.6020600267489115
OTUD7B,0.0
OTULIN,0.903089990589701
OTULIN-DT,0.0
OTULINL,0.0
OTX1,0.0
OTX2,0.0
OTX2-AS1,0.0
OVAAL,0.0
OVCA2,0.0
OVCH1,0.0
OVCH1-AS1,0.0
OVCH2,0.0
OVGP1,0.0
OVOL1,0.0
OVOL1-AS1,0.0
OVOL2,0.0
OVOL3,0.0
OVOS2,0.0
OXA1L,0.30102993381287585
OXA1L-DT,0.0
OXCT1,0.0
OXCT1-AS1,0.0
OXCT2,0.0
OXCT2P1,0.0
OXER1,0.0
OXGR1,0.0
OXLD1,0.0
OXNAD1,0.0
OXR1,0.0
OXR1-AS1,0.0
OXSM,0.0
OXSR1,1.9542424985431504
OXT,0.0
OXTR,0.0
P2RX1,0.0
P2RX2,0.0
P2RX3,0.0
P2RX4,0.0
P2RX5,0.0
P2RX5-TAX1BP3,0.0
P2RX6,0.0
P2RX6P,0.0
P2RX7,1.8808135858824753
P2RY1,0.0
P2RY10,0.3010300152625833
P2RY11,0.0
P2RY12,0.0
P2RY13,0.30102994536349087
P2RY14,0.0
P2RY2,0.0
P2RY4,0.0
P2RY6,0.0
P2RY8,0.0
P2RY8-2,0.0
P3H1,0.3010299883348485
P3H2,0.0
P3H2-AS1,0.0
P3H3,0.0
P3H4,0.0
P3R3URF,0.0
P3R3URF-PIK3R3,0.0
P4HA1,0.0
P4HA2,0.0
P4HA2-AS1,0.0
P4HA3,0.0
P4HA3-AS1,0.0
P4HB,0.0
P4HTM,0.0
PA2G4,2.580924943630556
PA2G4P4,0.0
PAAF1,0.0
PABIR1,0.0
PABIR2,0.0
PABIR3,0.3010299444091464
PABPC1,2.3364597178420836
PABPC1L,0.0
PABPC1L2A,0.0
PABPC1L2B,1.3222192808272597
PABPC1L2B-AS1,0.0
PABPC1P2,0.0
PABPC3,0.0
PABPC4,0.0
PABPC4-AS1,0.0
PABPC4L,0.0
PABPC5,0.0
PABPC5-AS1,0.0
PABPN1,0.301029945457705
PABPN1L,0.0
PACC1,0.0
PACERR,0.0
PACRG,0.0
PACRG-AS1,0.0
PACRG-AS2,0.0
PACRG-AS3,0.0
PACRGL,0.3704544448772418
PACS1,0.0
PACS2,0.30102996924164505
PACSIN1,0.0
PACSIN2,0.0
PACSIN3,0.0
PADI1,0.0
PADI1-2,0.0
PADI2,0.0
PADI2-2,0.0
PADI3,0.0
PADI3-2,0.0
PADI4,0.0
PADI4-2,0.0
PADI6,0.0
PAEP,0.0
PAF1,0.0
PAFAH1B1,0.0
PAFAH1B2,1.8061799621800698
PAFAH1B2P2,0.0
PAFAH1B3,0.0
PAFAH2,0.0
PAG1,3.209783028849116
PAGE1,0.0
PAGE2,0.0
PAGE2B,0.0
PAGE3,0.0
PAGE4,0.0
PAGE5,0.0
PAGR1,0.0
PAH,0.0
PAICS,1.0413926641873623
PAIP1,0.0
PAIP2,0.0
PAIP2B,0.0
PAK1,1.176091251072173
PAK1IP1,0.0
PAK1IP1-2,0.0
PAK2,3.091337397699056
PAK3,0.0
PAK4,0.0
PAK5,0.0
PAK6,0.0
PAK6-AS1,0.0
PALB2,0.0
PALD1,0.0
PALLD,0.0
PALLD-AS1,0.0
PALM,0.0
PALM2AKAP2,0.0
PALM3,0.0
PALM3-2,0.0
PALMD,0.0
PALS1,1.9590413912013585
PALS2,0.0
PAM,0.0
PAM16,0.0
PAMR1,0.0
PAN2,0.0
PAN3,0.0
PAN3-AS1,0.0
PANCR,0.0
PANDAR,0.6053917320745763
PANK1,0.0
PANK1-AS1,0.0
PANK2,0.30102995521654513
PANK2-AS1,0.4771212614547504
PANK3,0.30102984362504853
PANK4,0.0
PANK4-2,0.0
PANO1,0.0
PANTR1,0.0
PANX1,0.0
PANX2,0.0
PANX3,0.0
PAOX,0.0
PAPLN,0.0
PAPLN-AS1,0.0
PAPOLA,0.3010299394637594
PAPOLA-DT,0.0
PAPOLB,0.0
PAPOLG,0.0
PAPPA,0.0
PAPPA-AS1,0.0
PAPPA-AS2,0.0
PAPPA2,0.0
PAPSS1,0.0
PAPSS2,2.3838153535470306
PAQR3,0.0
PAQR4,0.0
PAQR5,0.0
PAQR5-DT,0.0
PAQR6,0.0
PAQR7,0.4771212085898324
PAQR8,1.0413926671496603
PAQR9,0.0
PAQR9-AS1,0.0
PARAIL,0.0
PARAL1,0.0
PARD3,0.0
PARD3-DT,0.0
PARD3B,0.0
PARD6A,0.0
PARD6B,0.0
PARD6G,0.0
PARD6G-AS1,0.0
PARG,0.0
PARGP1,0.0
PARGP1-AGAP4,0.0
PARK7,0.0
PARL,0.0
PARM1,0.0
PARM1-AS1,0.0
PARN,1.602059971874859
PARN-2,0.0
PARP1,0.0
PARP10,0.0
PARP11,2.6937269398506793
PARP11-AS1,0.0
PARP12,0.0
PARP14,0.47712122651457717
PARP15,0.9590621450877889
PARP16,0.0
PARP2,0.0
PARP2-2,0.0
PARP3,0.0
PARP4,0.0
PARP6,0.0
PARP8,0.8450980403345378
PARP9,0.0
PARPBP,0.0
PARS2,0.0
PART1,0.47712133325623607
PARTICL,0.0
PARVA,0.3010298789284623
PARVB,0.0
PARVG,0.0
PASD1,0.0
PASK,0.0
PATE1,0.0
PATE2,0.0
PATE3,0.0
PATE4,0.0
PATJ,0.0
PATJ-DT,0.0
PATL1,0.0
PATL1-DT,0.0
PATL2,0.0
PATZ1,0.0
PAUPAR,0.0
PAWR,0.0
PAX1,0.0
PAX2,0.0
PAX3,0.0
PAX4,0.0
PAX5,0.0
PAX6,0.0
PAX6-AS1,0.0
PAX7,0.0
PAX8,0.0
PAX8-AS1,0.0
PAX9,0.0
PAXBP1,0.0
PAXBP1-AS1,0.0
PAXIP1,0.0
PAXIP1-AS2,0.0
PAXIP1-DT,0.0
PAXX,0.0
PBDC1,0.0
PBK,0.0
PBLD,0.0
PBOV1,0.0
PBRM1,2.765514736592179
PBX1,0.0
PBX1-AS1,0.0
PBX2,0.0
PBX2-2,0.0
PBX2-3,0.0
PBX2-4,0.0
PBX2-5,0.0
PBX2-6,0.0
PBX2-7,0.0
PBX3,0.0
PBX3-DT,0.0
PBX4,0.0
PBXIP1,0.0
PC,0.0
PCA3,0.0
PCARE,0.0
PCAT1,0.0
PCAT14,0.0
PCAT18,0.0
PCAT19,0.3010299454734927
PCAT19-2,0.0
PCAT2,0.0
PCAT29,0.0
PCAT4,0.0
PCAT5,0.0
PCAT6,0.0
PCAT7,0.0
PCBD1,0.0
PCBD2,0.0
PCBP1,0.0
PCBP1-AS1,0.0
PCBP2,1.9293757089318082
PCBP2-OT1,0.0
PCBP3,1.230448887804407
PCBP3-AS1,0.0
PCBP4,0.0
PCCA,0.0
PCCA-AS1,0.0
PCCA-DT,0.0
PCCB,0.0
PCDH1,0.0
PCDH10,0.0
PCDH10-DT,0.0
PCDH11X,2.975975428721623
PCDH11Y,0.9019527762756878
PCDH12,0.0
PCDH15,2.5526682235629945
PCDH17,2.167317338823049
PCDH18,0.0
PCDH19,0.0
PCDH20,0.0
PCDH7,0.0
PCDH8,0.0
PCDH9,3.3563308156304807
PCDH9-AS1,1.0936156019378742
PCDH9-AS2,0.0
PCDH9-AS3,1.8573328109262865
PCDH9-AS4,0.0
PCDHA1,0.0
PCDHA10,0.0
PCDHA11,0.0
PCDHA12,0.0
PCDHA13,0.0
PCDHA2,0.0
PCDHA3,0.0
PCDHA4,0.0
PCDHA5,0.0
PCDHA6,2.0827853642774667
PCDHA7,0.0
PCDHA8,0.0
PCDHA9,0.3010301277813282
PCDHAC1,0.0
PCDHAC2,0.0
PCDHB1,0.0
PCDHB1-AS1,0.0
PCDHB10,0.0
PCDHB11,0.0
PCDHB12,0.0
PCDHB13,0.3010300341251987
PCDHB14,1.5051499755016633
PCDHB15,0.0
PCDHB16,0.0
PCDHB17P,0.0
PCDHB18P,0.0
PCDHB19P,0.0
PCDHB2,0.0
PCDHB3,0.0
PCDHB4,0.3010299236512359
PCDHB5,0.0
PCDHB6,0.0
PCDHB7,0.0
PCDHB8,0.0
PCDHB9,0.0
PCDHGA1,0.0
PCDHGA10,0.0
PCDHGA11,0.0
PCDHGA12,0.0
PCDHGA2,0.0
PCDHGA3,0.0
PCDHGA4,0.0
PCDHGA5,0.0
PCDHGA6,0.30103005898781876
PCDHGA7,0.0
PCDHGA8,0.0
PCDHGA9,0.0
PCDHGB1,0.0
PCDHGB2,0.0
PCDHGB3,0.0
PCDHGB4,0.0
PCDHGB5,0.0
PCDHGB6,0.0
PCDHGB7,0.0
PCDHGB8P,0.0
PCDHGC3,0.0
PCDHGC4,1.7923916577712196
PCDHGC5,0.0
PCED1A,0.0
PCED1B,0.0
PCED1B-AS1,0.0
PCF11,0.0
PCF11-AS1,0.0
PCGEM1,0.0
PCGF1,0.0
PCGF2,0.0
PCGF2-2,0.0
PCGF3,2.1522883422272066
PCGF3-AS1,0.0
PCGF5,0.0
PCGF6,0.0
PCHILR,0.0
PCID2,0.0
PCIF1,0.0
PCK1,0.0
PCK2,0.0
PCK2-2,0.0
PCLAF,0.0
PCLO,0.30102976949687377
PCM1,3.03981055983844
PCMT1,1.6720978018126105
PCMTD1,1.924279272851078
PCMTD1-DT,0.0
PCMTD2,0.0
PCNA,0.0
PCNA-AS1,0.0
PCNAP1,0.0
PCNP,1.2010070602545906
PCNT,0.0
PCNX1,0.9689880153450253
PCNX2,1.4149733451736992
PCNX3,0.0
PCNX4,0.5619330995439382
PCNX4-DT,0.0
PCOLCE,0.0
PCOLCE-AS1,0.0
PCOLCE2,0.0
PCOTH,0.0
PCP2,0.0
PCP4,0.0
PCP4L1,0.0
PCSEAT,0.0
PCSK1,0.0
PCSK1N,0.0
PCSK2,0.0
PCSK4,0.0
PCSK5,0.0
PCSK6,0.0
PCSK6-AS1,0.0
PCSK7,0.0
PCSK9,0.0
PCTP,0.0
PCYOX1,0.0
PCYOX1L,0.0
PCYT1A,0.0
PCYT1B,0.9030899936616433
PCYT1B-AS1,0.0
PCYT2,0.0
PDAP1,0.0
PDC,0.0
PDC-AS1,0.0
PDCD1,0.0
PDCD1-2,0.0
PDCD10,0.6020599579021769
PDCD11,0.0
PDCD1LG2,0.0
PDCD2,1.477121198499261
PDCD2L,0.0
PDCD4,0.3010300049468237
PDCD4-AS1,0.0
PDCD5,0.9999998584706893
PDCD6,0.0
PDCD6-AHRR,0.0
PDCD6-DT,0.0
PDCD6IP,0.0
PDCD6IP-DT,0.0
PDCD6IPP2,0.0
PDCD6P1,0.0
PDCD7,0.30102998368993994
PDCL,0.0
PDCL2,0.0
PDCL3,0.0
PDCL3P4,0.0
PDE10A,0.3010300201206684
PDE11A,0.0
PDE11A-AS1,0.0
PDE12,0.3010300160774848
PDE1A,0.0
PDE1B,0.0
PDE1C,3.378034329843768
PDE2A,0.0
PDE2A-AS1,0.0
PDE2A-AS2,0.0
PDE3A,0.3010298451411792
PDE3A-AS1,0.0
PDE3B,0.0
PDE4A,2.0413926746900657
PDE4B,1.2552724865190148
PDE4B-AS1,0.0
PDE4C,0.0
PDE4D,1.000000002588097
PDE4DIP,2.5024271275845353
PDE4DIPP1,0.0
PDE4DIPP2,0.0
PDE4DIPP3,0.0
PDE4DIPP4,0.0
PDE4DIPP5,0.0
PDE4DIPP6,0.0
PDE4DIPP7,0.0
PDE5A,0.0
PDE6A,0.0
PDE6B,0.0
PDE6B-AS1,0.0
PDE6C,0.0
PDE6D,0.0
PDE6G,0.0
PDE6H,0.0
PDE7A,0.0
PDE7A-DT,0.0
PDE7B,0.845098038145889
PDE7B-AS1,0.0
PDE8A,2.8350560796861144
PDE8B,0.0
PDE9A,0.0
PDE9A-AS1,0.0
PDF,0.0
PDGFA,0.0
PDGFA-DT,0.0
PDGFB,0.0
PDGFC,2.727541244204973
PDGFD,0.0
PDGFDDN,0.0
PDGFRA,3.3218054858343615
PDGFRB,0.0
PDGFRL,0.0
PDHA1,0.0
PDHA2,0.0
PDHB,0.0
PDHX,0.0
PDIA2,0.0
PDIA3,1.7463239460942042
PDIA3P1,0.3502182351127658
PDIA4,0.0
PDIA5,0.0
PDIA6,0.0
PDIK1L,0.0
PDILT,0.0
PDK1,0.0
PDK1-AS1,0.0
PDK2,0.0
PDK3,0.0
PDK4,0.0
PDK4-AS1,0.0
PDLIM1,0.0
PDLIM2,0.0
PDLIM3,0.0
PDLIM4,0.0
PDLIM5,1.9642897896417435
PDLIM7,0.0
PDP1,0.0
PDP2,2.219054331091055
PDPK1,0.0
PDPN,1.8808135652641291
PDPR,0.0
PDPR2P,0.0
PDRG1,0.0
PDS5A,0.0
PDS5B,1.5440680410697454
PDS5B-DT,0.0
PDSS1,0.0
PDSS2,0.0
PDX1,0.0
PDXDC1,0.0
PDXDC1-2,0.0
PDXDC2P-NPIPB14P,0.7781512688173586
PDXK,0.0
PDXP,0.0
PDXP-DT,0.0
PDYN,0.0
PDYN-AS1,0.0
PDZD11,0.0
PDZD2,2.9169800570855546
PDZD4,0.0
PDZD7,0.0
PDZD8,0.3010299136667593
PDZD9,0.0
PDZD9-2,0.0
PDZK1,0.0
PDZK1IP1,0.0
PDZK1P1,0.0
PDZRN3,0.0
PDZRN3-AS1,0.0
PDZRN4,2.457881880840117
PEA15,0.0
PEAK1,0.4771212349104411
PEAK3,0.9999999777913744
PEAR1,0.0
PEBP1,1.9084849484930166
PEBP4,0.0
PECAM1,0.0
PECR,0.0
PEDS1,0.0
PEDS1-UBE2V1,0.0
PEF1,0.0
PEF1-AS1,0.0
PEG10,0.0
PEG13,0.0
PEG3,0.0
PEG3-AS1,0.0
PELATON,0.0
PELI1,0.0
PELI2,2.950364871961618
PELI3,0.0
PELO,0.0
PELO-AS1,0.0
PELP1,0.0
PELP1-DT,0.0
PEMT,1.8388489142497118
PENK,0.0
PENK-AS1,0.3010300188716484
PEPD,0.0
PER1,0.0
PER2,2.7007037188259932
PER3,1.544068041930156
PER3P1,0.0
PERCC1,0.0
PERM1,0.0
PERP,0.3011940108973526
PERPP2,2.7242752336673255
PES1,0.0
PET100,0.0
PET117,0.6020599177992696
PEX1,0.0
PEX10,0.0
PEX11A,0.0
PEX11B,0.0
PEX11G,0.0
PEX12,0.0
PEX13,0.0
PEX14,0.0
PEX16,0.0
PEX19,0.0
PEX2,0.0
PEX26,0.6968529731159707
PEX3,0.30103000477648684
PEX5,0.0
PEX5-2,0.0
PEX5L,0.0
PEX5L-AS2,0.0
PEX6,0.0
PEX7,0.0
PF4,0.0
PF4V1,0.0
PFAS,0.0
PFDN1,0.0
PFDN2,0.0
PFDN4,1.0791811615644304
PFDN5,0.0
PFDN6,0.0
PFDN6-2,0.0
PFDN6-3,0.0
PFDN6-4,0.0
PFDN6-5,0.0
PFKFB1,0.0
PFKFB2,0.0
PFKFB3,0.6020599517575652
PFKFB3-AS1,0.0
PFKFB4,0.0
PFKL,0.0
PFKM,0.0
PFKP,0.0
PFKP-DT,0.0
PFN1,0.0
PFN1P2,0.0
PFN2,0.0
PFN3,0.0
PFN4,0.0
PFN5P,0.0
PGA3,0.0
PGA4,0.0
PGA5,0.0
PGAM1,0.0
PGAM1P5,0.0
PGAM2,0.0
PGAM4,0.0
PGAM5,0.0
PGAP1,0.0
PGAP2,0.0
PGAP3,0.0
PGAP4,1.8633228532918236
PGAP6,0.0
PGBD1,0.0
PGBD2,0.0
PGBD3,0.0
PGBD4,2.8926510366998848
PGBD5,0.0
PGBP,0.0
PGC,0.0
PGD,0.0
PGF,0.0
PGGHG,0.0
PGGT1B,0.0
PGK1,1.7558748530984434
PGK2,0.0
PGLS,0.0
PGLS-DT,0.0
PGLYRP1,0.0
PGLYRP2,0.0
PGLYRP3,0.0
PGLYRP4,0.0
PGM1,0.0
PGM2,0.0
PGM2L1,0.47712133445769267
PGM3,2.5763413536847137
PGM5,0.0
PGM5-AS1,0.0
PGM5P2,0.0
PGM5P3-AS1,0.0
PGM5P4,0.0
PGM5P4-AS1,0.0
PGP,0.0
PGPEP1,0.0
PGPEP1L,0.0
PGR,0.0
PGR-AS1,0.0
PGRMC1,1.9444826187559745
PGRMC2,0.0
PGS1,0.0
PHACTR1,0.0
PHACTR2,0.0
PHACTR2-AS1,0.0
PHACTR3,0.4771212201544991
PHACTR3-AS1,0.0
PHACTR4,2.2304489222253805
PHAF1,0.0
PHAX,0.6020599864567286
PHB1,0.6989699438531997
PHB2,0.0
PHC1,0.0
PHC2,1.5185139124880669
PHC2-AS1,0.0
PHC3,0.30102994350924817
PHETA1,0.0
PHETA2,0.0
PHEX,0.0
PHEX-AS1,0.0
PHF1,0.0
PHF1-2,0.0
PHF10,0.0
PHF11,1.113943271893989
PHF12,1.4149733322016886
PHF13,0.0
PHF14,1.0791812345622402
PHF19,0.0
PHF2,0.0
PHF20,0.0
PHF20L1,0.4771212761898681
PHF21A,0.3010301090463842
PHF21B,0.0
PHF23,1.1760912100603556
PHF24,0.0
PHF3,3.189770938410901
PHF5A,0.0
PHF6,0.3010299218506711
PHF7,0.0
PHF8,0.0
PHGDH,2.0827853450927263
PHGR1,0.0
PHIP,0.6989699823033064
PHKA1,0.0
PHKA1-AS1,0.0
PHKA2,0.0
PHKA2-AS1,0.0
PHKB,0.0
PHKG1,0.0
PHKG2,0.0
PHLDA1,2.5954962218050013
PHLDA1-AS1,0.0
PHLDA1-DT,0.0
PHLDA2,0.0
PHLDA3,0.0
PHLDB1,0.0
PHLDB2,0.0
PHLDB3,0.0
PHLPP1,0.30103008946880183
PHLPP2,1.7634280017014743
PHOSPHO1,0.0
PHOSPHO2,0.0
PHOSPHO2-KLHL23,0.0
PHOX2A,0.0
PHOX2B,0.0
PHOX2B-AS1,0.0
PHPT1,0.0
PHRF1,0.0
PHRF1-2,0.0
PHTF1,0.0
PHTF2,0.0
PHYH,0.0
PHYHD1,0.0
PHYHIP,0.0
PHYHIPL,2.791712783685825
PHYKPL,0.0
PI15,0.0
PI16,0.0
PI3,0.0
PI4K2A,0.0
PI4K2B,0.0
PI4KA,0.0
PI4KAP1,0.0
PI4KAP2,0.0
PI4KB,0.0
PIANP,0.30102998130975395
PIAS1,0.0
PIAS2,2.7831849309729666
PIAS3,0.0
PIAS4,0.0
PIBF1,0.0
PICALM,0.0
PICART1,0.0
PICK1,0.0
PICSAR,0.0
PID1,1.5563024664918883
PIDD1,0.0
PIERCE1,0.0
PIERCE2,0.0
PIEZO1,0.0
PIEZO1-AS1,0.0
PIEZO2,0.0
PIF1,0.0
PIGA,0.0
PIGB,0.0
PIGBOS1,0.0
PIGC,0.0
PIGF,2.805887616362588
PIGG,0.0
PIGH,0.0
PIGK,0.0
PIGL,1.204119781476994
PIGM,0.7781512748734016
PIGN,1.7842392153068154
PIGO,0.0
PIGO-AS1,0.0
PIGP,0.0
PIGQ,0.0
PIGR,0.6989700076415036
PIGS,2.8585371689005843
PIGT,0.0
PIGU,0.0
PIGV,0.3010299489730688
PIGW,0.0
PIGX,2.930949011249389
PIGY,0.0
PIGY-DT,0.0
PIGZ,0.0
PIH1D1,0.0
PIH1D2,0.0
PIK3AP1,0.0
PIK3C2A,2.872738831873086
PIK3C2B,0.0
PIK3C2G,0.0
PIK3C3,0.0
PIK3CA,0.0
PIK3CA-DT,0.0
PIK3CB,0.0
PIK3CD,0.0
PIK3CD-AS1,0.0
PIK3CD-AS2,0.0
PIK3CG,0.0
PIK3IP1,0.0
PIK3IP1-DT,0.0
PIK3R1,1.0000000720138755
PIK3R2,0.0
PIK3R3,0.0
PIK3R4,0.0
PIK3R5,0.0
PIK3R5-DT,0.0
PIK3R6,0.0
PIKFYVE,0.0
PILRA,0.0
PILRB,0.9542424434599708
PIM1,0.0
PIM2,0.0
PIM2-2,0.0
PIM3,0.0
PIMREG,0.0
PIN1,0.0
PIN1-DT,0.0
PIN1P1,0.0
PIN4,0.0
PIN4P1,0.0
PINCR,0.0
PINK1,0.0
PINK1-AS,0.0
PINLYP,0.0
PINX1,0.0
PINX1-DT,0.0
PIP,0.0
PIP4K2A,1.2787535884824697
PIP4K2B,0.0
PIP4K2B-2,0.0
PIP4K2C,0.0
PIP4P1,0.0
PIP4P1-2,0.0
PIP4P2,0.0
PIP5K1A,0.0
PIP5K1B,0.0
PIP5K1C,0.0
PIP5K1P1,0.0
PIP5KL1,0.0
PIPOX,0.0
PIPSL,0.0
PIR,0.0
PIR-FIGF,0.0
PIRAT1,0.0
PIRT,0.0
PISD,0.0
PISRT1,0.0
PITHD1,2.332438396277095
PITPNA,0.0
PITPNA-AS1,0.0
PITPNB,0.0
PITPNC1,0.0
PITPNM1,0.0
PITPNM2,0.0
PITPNM2-AS1,0.0
PITPNM3,1.0413926745770576
PITRM1,0.0
PITRM1-AS1,0.0
PITX1,0.0
PITX1-AS1,0.0
PITX2,0.0
PITX3,0.0
PIWIL1,0.3010300138241131
PIWIL1-2,0.0
PIWIL2,0.0
PIWIL2-DT,0.0
PIWIL3,0.0
PIWIL4,0.0
PIWIL4-AS1,0.0
PJA1,0.0
PJA2,0.0
PJVK,0.0
PKD1,0.0
PKD1-AS1,0.0
PKD1L1,0.0
PKD1L1-AS1,0.0
PKD1L2,0.0
PKD1L2-2,0.0
PKD1L3,0.0
PKD1P1,0.0
PKD1P3-NPIPA1,0.0
PKD1P4-NPIPA8,0.0
PKD1P5-LOC105376752,0.0
PKD1P6-NPIPP1,0.9542424954336307
PKD1P6-NPIPP1-2,0.0
PKD2,0.0
PKD2L1,0.0
PKD2L2,0.0
PKD2L2-DT,0.0
PKDCC,0.0
PKDREJ,0.0
PKHD1,0.0
PKHD1L1,0.6020601119350758
PKIA,2.113943347693283
PKIA-AS1,0.0
PKIB,0.0
PKIG,0.3010299309344815
PKLR,0.389951345495937
PKLR-2,0.389951345495937
PKM,0.0
PKMYT1,0.0
PKN1,0.0
PKN2,0.0
PKN2-AS1,0.0
PKN3,0.0
PKNOX1,0.0
PKNOX2,0.0
PKNOX2-AS1,0.0
PKNOX2-DT,0.0
PKP1,0.0
PKP2,0.0
PKP3,0.0
PKP4,0.0
PKP4-AS1,0.0
PLA1A,0.0
PLA2G10,0.0
PLA2G10-2,0.0
PLA2G12A,0.0
PLA2G12B,0.0
PLA2G15,0.0
PLA2G1B,0.0
PLA2G2A,0.0
PLA2G2C,0.0
PLA2G2D,0.0
PLA2G2E,0.0
PLA2G2F,0.0
PLA2G3,0.0
PLA2G4A,0.0
PLA2G4B,0.0
PLA2G4C,0.0
PLA2G4C-AS1,0.0
PLA2G4D,0.0
PLA2G4E,0.0
PLA2G4E-AS1,0.30102994875716144
PLA2G4F,0.0
PLA2G5,0.0
PLA2G6,0.0
PLA2G7,0.0
PLA2R1,0.0
PLAA,0.0
PLAAT1,1.9190782661032026
PLAAT2,0.0
PLAAT3,0.0
PLAAT4,0.0
PLAAT5,0.0
PLAC1,0.0
PLAC4,0.0
PLAC8,0.0
PLAC8L1,0.0
PLAC9,0.0
PLAC9P1,0.0
PLAG1,0.0
PLAGL1,0.0
PLAGL2,0.0
PLAT,0.0
PLAU,0.0
PLAUR,0.0
PLB1,0.0
PLBD1,0.0
PLBD1-AS1,0.0
PLBD2,0.0
PLCB1,2.758154625579124
PLCB1-IT1,0.0
PLCB2,0.0
PLCB3,0.0
PLCB4,0.0
PLCD1,0.0
PLCD3,0.0
PLCD4,0.0
PLCE1,1.6627578367256628
PLCE1-AS1,0.0
PLCE1-AS2,0.0
PLCG1,0.0
PLCG1-AS1,0.0
PLCG2,0.0
PLCH1,0.0
PLCH1-AS1,0.0
PLCH1-AS2,0.0
PLCH2,0.0
PLCH2-2,0.0
PLCL1,0.0
PLCL2,0.0
PLCL2-2,0.0
PLCL2-AS1,0.0
PLCXD1,0.0
PLCXD1-2,0.0
PLCXD2,0.0
PLCXD2-AS1,0.0
PLCXD3,0.0
PLCZ1,0.0
PLD1,0.0
PLD2,0.0
PLD3,0.0
PLD4,0.0
PLD5,0.0
PLD6,0.0
PLEC,0.0
PLEK,0.0
PLEK2,0.0
PLEKHA1,0.0
PLEKHA2,0.0
PLEKHA3,0.0
PLEKHA4,0.0
PLEKHA5,0.9030899980633144
PLEKHA6,0.0
PLEKHA7,0.0
PLEKHA8,1.7098415930106716
PLEKHA8P1,0.0
PLEKHB1,0.0
PLEKHB2,1.491361683959496
PLEKHD1,0.0
PLEKHF1,0.0
PLEKHF2,0.0
PLEKHG1,0.0
PLEKHG2,0.0
PLEKHG3,0.30103011732800417
PLEKHG4,0.0
PLEKHG4B,0.0
PLEKHG5,0.0
PLEKHG6,0.30102997534175197
PLEKHG7,0.0
PLEKHH1,0.0
PLEKHH2,3.027340722343651
PLEKHH3,0.30103005294523066
PLEKHJ1,2.3673558253513463
PLEKHM1,0.0
PLEKHM1-2,0.0
PLEKHM1-3,0.0
PLEKHM1P1,0.0
PLEKHM2,0.0
PLEKHM3,0.3010299288189309
PLEKHN1,0.0
PLEKHO1,0.0
PLEKHO2,0.0
PLEKHS1,0.0
PLET1,0.0
PLG,0.0
PLGLA,0.0
PLGLB1,0.0
PLGLB2,0.47712124702076486
PLGRKT,0.0
PLIN1,0.0
PLIN2,1.4771212010744292
PLIN3,0.4771212509491395
PLIN4,0.0
PLIN5,0.0
PLK1,0.0
PLK2,0.0
PLK3,0.0
PLK4,0.0
PLK5,0.0
PLLP,0.0
PLN,0.0
PLOD1,0.0
PLOD2,1.9777235910743654
PLOD3,0.0
PLP1,3.2247919335391253
PLP2,0.0
PLPBP,0.0
PLPP1,2.8901982712285665
PLPP2,0.0
PLPP3,0.0
PLPP4,0.9030898870311421
PLPP5,0.0
PLPP6,0.0
PLPP7,0.0
PLPPR1,2.570542909937766
PLPPR2,0.3010299879669527
PLPPR3,0.0
PLPPR4,1.8195439311326564
PLPPR5,0.0
PLPPR5-AS1,0.0
PLRG1,0.0
PLS1,0.0
PLS1-AS1,0.0
PLS3,0.0
PLS3-AS1,0.0
PLSCR1,0.0
PLSCR2,0.0
PLSCR3,0.0
PLSCR4,0.0
PLSCR5,0.0
PLSCR5-AS1,0.0
PLTP,0.0
PLUT,0.0
PLVAP,0.0
PLXDC1,0.0
PLXDC2,0.0
PLXNA1,0.0
PLXNA2,1.2552724888555626
PLXNA3,1.2729604698732055
PLXNA4,0.0
PLXNB1,0.0
PLXNB2,0.0
PLXNB3,0.0
PLXNB3-AS1,0.4771213120865143
PLXNC1,0.0
PLXND1,0.0
PM20D1,0.0
PM20D1-AS1,0.0
PM20D2,0.9542424976665504
PMAIP1,0.0
PMCH,0.0
PMCHL1,0.0
PMCHL2,0.0
PMEL,0.0
PMEPA1,1.1461280235410969
PMF1,0.0
PMF1-BGLAP,0.0
PMFBP1,0.0
PMIS2,0.0
PML,0.0
PMM1,0.0
PMM2,0.0
PMP2,3.1348143543034785
PMP22,0.0
PMPCA,0.0
PMPCB,0.0
PMS1,1.204119952813259
PMS2,2.187520710675351
PMS2CL,0.0
PMS2P1,0.0
PMS2P2,0.0
PMS2P3,0.6046136948512694
PMS2P4,0.0
PMS2P5,0.0
PMS2P7,0.0
PMS2P9,0.0
PMVK,0.0
PNCK,0.0
PNISR,2.6464037219839955
PNISR-AS1,0.0
PNKD,0.0
PNKP,0.0
PNKY,0.0
PNLDC1,0.0
PNLIP,0.0
PNLIPRP1,0.0
PNLIPRP1-2,0.0
PNLIPRP2,0.0
PNLIPRP2-2,0.0
PNLIPRP3,0.0
PNMA1,0.0
PNMA2,0.30103000027034077
PNMA3,0.0
PNMA5,0.0
PNMA5-2,0.0
PNMA6A,0.0
PNMA6E,0.0
PNMA6F,0.0
PNMA8A,0.0
PNMA8B,0.0
PNMA8C,0.0
PNMT,0.0
PNN,0.0
PNN-AS1,0.0
PNO1,0.0
PNOC,0.0
PNP,0.0
PNPLA1,0.0
PNPLA2,0.0
PNPLA3,0.0
PNPLA4,0.0
PNPLA5,0.0
PNPLA6,0.6020599944374903
PNPLA7,0.0
PNPLA8,0.0
PNPO,2.729164774415945
PNPT1,1.322219241879595
PNRC1,0.0
PNRC1-DT,0.0
PNRC2,0.0
POC1A,0.0
POC1B,0.0
POC1B-AS1,0.0
POC1B-GALNT4,0.4771213131834595
POC5,0.0
PODN,0.0
PODNL1,0.0
PODNL1-2,0.0
PODXL,0.0
PODXL2,0.0
POF1B,0.0
POFUT1,0.0
POFUT2,0.0
POGK,0.0
POGLUT1,0.0
POGLUT2,0.0
POGLUT3,0.0
POGZ,0.6020599883075572
POLA1,0.0
POLA2,0.0
POLB,0.0
POLD1,0.0
POLD2,0.0
POLD3,0.0
POLD4,0.0
POLDIP2,0.0
POLDIP3,0.0
POLE,0.0
POLE2,0.0
POLE3,0.0
POLE4,0.0
POLG,0.0
POLG-DT,0.0
POLG2,0.0
POLGARF,0.0
POLH,0.47712125668703964
POLI,0.0
POLK,2.304382985725762
POLL,0.0
POLM,0.0
POLN,0.0
POLQ,0.0
POLR1A,0.0
POLR1B,1.4913616990867715
POLR1C,0.0
POLR1D,0.0
POLR1E,0.0
POLR1F,0.30102997311594376
POLR1G,0.0
POLR1H,1.0791809728048538
POLR1H-3,0.0
POLR1H-4,0.0
POLR1H-5,0.0
POLR1H-8,0.0
POLR1HASP,0.0
POLR2A,0.3010299913002884
POLR2B,0.9030899585661039
POLR2C,0.0
POLR2D,0.301029938474426
POLR2E,0.0
POLR2F,0.0
POLR2G,0.0
POLR2H,0.0
POLR2I,0.0
POLR2J,0.0
POLR2J2,0.0
POLR2J2-UPK3BL1,0.0
POLR2J3,1.2298455612156816
POLR2J3-UPK3BL2,0.0
POLR2J4,0.0
POLR2K,0.0
POLR2L,0.0
POLR2M,2.4913616805105323
POLR3A,0.0
POLR3B,0.0
POLR3C,0.0
POLR3D,0.0
POLR3E,0.0
POLR3E-2,0.0
POLR3F,0.0
POLR3G,2.7283538273871755
POLR3GL,0.0
POLR3H,0.35686388349513987
POLR3K,0.0
POLRMT,0.3010300432055094
POM121,1.5682017250743445
POM121C,0.0
POM121L10P,0.0
POM121L12,0.0
POM121L15P,0.0
POM121L1P,0.0
POM121L2,0.0
POM121L4P,0.0
POM121L8P,0.0
POM121L9P,0.0
POMC,0.0
POMGNT1,0.0
POMGNT2,0.0
POMK,0.0
POMP,0.6020599394834052
POMT1,0.0
POMT2,0.0
POMZP3,0.0
PON1,0.0
PON2,0.0
PON3,0.0
POP1,0.0
POP4,0.0
POP5,0.0
POP7,0.0
POPDC2,0.0
POPDC3,0.0
POR,0.0
PORCN,0.0
PORCN-DT,0.0
POSTN,0.0
POT1,0.0
POT1-AS1,0.0
POTEA,0.0
POTEB,0.0
POTEB2,0.0
POTEB2-2,0.0
POTEB3,0.0
POTEB3-2,0.0
POTEB3-3,0.0
POTEC,0.0
POTED,0.0
POTEE,0.4780562018897295
POTEF,0.0
POTEF-2,0.0
POTEF-AS1,0.0
POTEF-AS1-2,0.0
POTEG,0.0
POTEH,0.0
POTEH-AS1,0.30102995219623213
POTEI,0.0
POTEJ,0.0
POTEKP,0.0
POTEM,0.0
POU1F1,0.0
POU2AF1,0.0
POU2AF2,0.0
POU2AF3,0.0
POU2F1,1.8195439486146872
POU2F1-DT,0.0
POU2F2,0.0
POU2F2-AS2,0.0
POU2F3,0.0
POU3F1,0.0
POU3F2,2.1643528522761466
POU3F3,1.6901960728346417
POU3F4,0.0
POU4F1,0.0
POU4F2,0.0
POU4F3,0.0
POU5F1,0.0
POU5F1-2,0.0
POU5F1B,0.0
POU5F1P3,0.0
POU5F1P4,0.0
POU5F1P5,0.0
POU5F2,0.0
POU6F1,1.568201702446734
POU6F2,0.0
POU6F2-AS1,0.0
POU6F2-AS2,0.0
PP12613,0.0
PP2D1,0.0
PPA1,0.0
PPA2,0.0
PPAN,0.0
PPAN-P2RY11,0.0
PPARA,0.0
PPARD,0.0
PPARG,0.0
PPARGC1A,0.0
PPARGC1B,0.0
PPAT,0.0
PPBP,0.0
PPBPP2,0.0
PPCDC,0.0
PPCS,0.0
PPDPF,0.0
PPDPFL,0.0
PPEF1,0.0
PPEF1-AS1,0.0
PPEF2,0.0
PPFIA1,0.0
PPFIA1-2,0.0
PPFIA2,1.698969977982472
PPFIA2-AS1,0.0
PPFIA3,0.0
PPFIA4,0.0
PPFIBP1,0.0
PPFIBP2,0.0
PPHLN1,0.0
PPIA,0.0
PPIAL4A,0.0
PPIAL4C,0.0
PPIAL4D,0.0
PPIAL4E,0.0
PPIAL4F,0.0
PPIAL4G,0.0
PPIAL4H,0.0
PPIAP30,0.0
PPIAP40,0.0
PPIAP46,0.0
PPIAP59,0.0
PPIAP60,0.0
PPIB,0.0
PPIC,0.0
PPIC-AS1,0.0
PPID,2.0293837284675793
PPIE,0.0
PPIEL,0.0
PPIF,0.0
PPIG,0.0
PPIH,0.0
PPIL1,0.0
PPIL2,0.0
PPIL3,0.0
PPIL4,0.0
PPIL6,0.0
PPIP5K1,0.6989699825654326
PPIP5K1P1-CATSPER2,0.0
PPIP5K2,0.3010299075629819
PPL,0.0
PPM1A,0.0
PPM1B,0.30103001614464614
PPM1B-DT,0.0
PPM1D,0.0
PPM1E,0.0
PPM1F,0.0
PPM1F-AS1,0.0
PPM1G,0.0
PPM1H,0.0
PPM1J,0.0
PPM1J-DT,0.0
PPM1K,2.38201704716548
PPM1K-DT,0.0
PPM1L,0.0
PPM1L-DT,0.0
PPM1M,0.0
PPM1N,0.0
PPME1,0.0
PPOX,0.0
PPP1CA,0.0
PPP1CB,3.350248014406485
PPP1CB-DT,0.0
PPP1CC,1.041392647600623
PPP1R10,2.294466219231309
PPP1R10-2,0.0
PPP1R10-3,0.0
PPP1R10-4,0.0
PPP1R10-5,0.0
PPP1R10-6,0.0
PPP1R10-7,0.0
PPP1R11,0.0
PPP1R11-2,0.0
PPP1R11-3,0.0
PPP1R11-4,0.0
PPP1R11-5,0.0
PPP1R11-6,0.0
PPP1R11-7,0.0
PPP1R11-8,0.0
PPP1R12A,0.30102994733089306
PPP1R12A-AS1,0.0
PPP1R12A-AS2,0.0
PPP1R12B,1.4913616382517456
PPP1R12C,0.0
PPP1R13B,0.0
PPP1R13B-DT,0.0
PPP1R13L,0.0
PPP1R14A,0.0
PPP1R14B,0.0
PPP1R14B-AS1,0.0
PPP1R14C,0.0
PPP1R14D,0.0
PPP1R15A,0.0
PPP1R15B,0.0
PPP1R16A,0.0
PPP1R16B,0.0
PPP1R17,0.0
PPP1R18,0.0
PPP1R18-2,0.0
PPP1R18-3,2.0128372017060023
PPP1R18-4,0.0
PPP1R18-5,0.0
PPP1R18-6,0.0
PPP1R1A,0.0
PPP1R1B,0.0
PPP1R1C,0.3010299923392035
PPP1R2,0.0
PPP1R21,0.7781511961143719
PPP1R26,0.0
PPP1R26-AS1,0.0
PPP1R27,0.0
PPP1R2B,0.0
PPP1R2C,0.0
PPP1R2P2,0.0
PPP1R35,0.0
PPP1R35-AS1,0.0
PPP1R36,0.0
PPP1R37,0.0
PPP1R3A,0.0
PPP1R3B,0.0
PPP1R3B-2,0.0
PPP1R3B-DT,0.0
PPP1R3C,0.0
PPP1R3D,0.0
PPP1R3E,0.0
PPP1R3F,0.0
PPP1R3G,0.0
PPP1R42,0.0
PPP1R7,0.0
PPP1R8,0.0
PPP1R9A,2.086359838490308
PPP1R9A-AS1,0.0
PPP1R9B,0.4771212499710996
PPP2CA,2.075546956563508
PPP2CA-DT,0.0
PPP2CB,2.146127990933384
PPP2R1A,1.6532125086420881
PPP2R1B,0.0
PPP2R2A,0.9030899792951677
PPP2R2B,0.30102999887957355
PPP2R2B-IT1,0.0
PPP2R2C,0.6020599974680861
PPP2R2D,0.0
PPP2R3A,0.0
PPP2R3B,0.0
PPP2R3B-2,0.0
PPP2R3B-3,0.0
PPP2R3B-4,0.0
PPP2R3C,0.0
PPP2R5A,0.0
PPP2R5B,0.0
PPP2R5C,1.3424226663837326
PPP2R5D,0.0
PPP2R5E,0.0
PPP3CA,0.0
PPP3CB,0.0
PPP3CB-AS1,0.0
PPP3CC,0.0
PPP3R1,0.3010299993444141
PPP3R2,0.0
PPP4C,0.0
PPP4R1,0.0
PPP4R1-AS1,0.0
PPP4R1L,0.0
PPP4R2,0.0
PPP4R3A,0.0
PPP4R3B,2.8948696491888652
PPP4R3B-DT,0.0
PPP4R3C,0.0
PPP4R4,0.0
PPP4R4-2,0.0
PPP5C,0.0
PPP5D1P,0.0
PPP6C,0.3010299331043927
PPP6R1,0.0
PPP6R2,0.3010299601486191
PPP6R3,0.0
PPRC1,0.0
PPT1,0.0
PPT2,0.0
PPT2-EGFL8,0.0
PPTC7,0.0
PPWD1,0.0
PPY,0.0
PPY2P,0.0
PQBP1,0.0
PQBP1-2,0.0
PRAC1,0.0
PRAC2,0.0
PRADC1,0.0
PRADX,0.0
PRAF2,0.0
PRAG1,0.0
PRAM1,0.0
PRAME,0.0
PRAME-2,0.0
PRAMEF1,0.0
PRAMEF10,0.0
PRAMEF11,0.0
PRAMEF11-2,0.0
PRAMEF12,0.0
PRAMEF13,0.0
PRAMEF13-2,0.0
PRAMEF13-3,0.0
PRAMEF14,0.0
PRAMEF15,0.0
PRAMEF17,0.0
PRAMEF18,0.0
PRAMEF19,0.0
PRAMEF2,0.0
PRAMEF2-2,0.0
PRAMEF20,0.0
PRAMEF22,0.0
PRAMEF25,0.0
PRAMEF26,0.0
PRAMEF27,0.0
PRAMEF33,0.0
PRAMEF34P,0.0
PRAMEF36P,0.0
PRAMEF4,0.0
PRAMEF5,0.0
PRAMEF6,0.0
PRAMEF7,0.0
PRAMEF8,0.0
PRAMEF8-2,0.0
PRAMEF8-3,0.0
PRAMEF8-4,0.0
PRAMEF9,0.0
PRAMENP,0.0
PRANCR,0.0
PRAP1,0.0
PRB1,0.0
PRB2,0.0
PRB2-2,0.0
PRB3,0.0
PRB4,0.0
PRC1,0.0
PRC1-AS1,0.0
PRCC,0.0
PRCD,0.0
PRCP,0.0
PRDM1,0.0
PRDM10,0.0
PRDM10-DT,0.0
PRDM11,0.0
PRDM12,0.0
PRDM13,0.0
PRDM14,0.0
PRDM15,0.0
PRDM16,0.0
PRDM16-DT,0.0
PRDM2,0.0
PRDM4,0.3010300517865006
PRDM4-AS1,0.47712121703320265
PRDM5,0.0
PRDM6,0.0
PRDM6-AS1,0.0
PRDM7,0.0
PRDM8,0.0
PRDM8-AS1,0.0
PRDM9,0.0
PRDX1,2.539076160105261
PRDX2,1.8129131435135792
PRDX3,1.6334683428543224
PRDX4,0.0
PRDX5,1.4471577156289297
PRDX6,0.0
PRDX6-AS1,0.0
PREB,0.0
PRECSIT,0.0
PRELID1,0.0
PRELID2,0.47836554571450374
PRELID3A,0.0
PRELID3B,0.0
PRELP,0.0
PREP,0.954242495005495
PREPL,0.0
PREX1,0.477121276191404
PREX2,0.0
PRF1,0.0
PRG1,0.0
PRG2,0.0
PRG3,0.0
PRG4,0.0
PRH1,0.0
PRH1-PRR4,0.0
PRH1-TAS2R14,0.0
PRH2,0.0
PRH2-2,0.17609119956819863
PRH2-3,0.17609119956819863
PRICKLE1,0.0
PRICKLE2,0.6989700689302922
PRICKLE2-AS1,0.0
PRICKLE2-AS2,0.0
PRICKLE2-AS3,0.3010300101474588
PRICKLE2-DT,0.0
PRICKLE3,0.0
PRICKLE4,0.0
PRIM1,0.0
PRIM2,1.361936675401822
PRIMA1,0.0
PRIMA1-2,0.0
PRIMPOL,0.0
PRKAA1,1.8808135871481848
PRKAA2,0.0
PRKAB1,0.0
PRKAB2,1.278753589498936
PRKACA,0.0
PRKACB,0.3010299661813084
PRKACG,0.0
PRKAG1,0.0
PRKAG2,0.0
PRKAG2-AS1,0.0
PRKAG2-AS2,0.0
PRKAG3,0.0
PRKAR1A,0.30466304279313394
PRKAR1B,0.0
PRKAR1B-AS1,0.0
PRKAR1B-AS2,0.0
PRKAR2A,1.8573324740027621
PRKAR2A-AS1,0.30103005662103144
PRKAR2B,0.0
PRKAR2B-AS1,0.0
PRKCA,0.0
PRKCA-AS1,0.0
PRKCB,0.0
PRKCD,0.0
PRKCE,1.0000000025740847
PRKCE-AS1,0.0
PRKCG,0.0
PRKCH,0.0
PRKCH-AS1,0.30102994875716144
PRKCI,0.0
PRKCQ,0.0
PRKCQ-AS1,0.0
PRKCSH,0.6020599683884447
PRKCZ,0.0
PRKCZ-AS1,0.0
PRKCZ-DT,0.0
PRKD1,1.1760912459505237
PRKD2,0.0
PRKD3,0.0
PRKD3-DT,0.0
PRKDC,0.47712143047963157
PRKG1,0.0
PRKG1-AS1,0.0
PRKG2,0.0
PRKG2-AS1,0.0
PRKN,0.0
PRKRA,0.0
PRKRIP1,0.0
PRKX,0.0
PRKX-AS1,0.0
PRKXP1,0.0
PRKY,0.0
PRL,0.0
PRLH,0.0
PRLHR,0.0
PRLR,0.0
PRM1,0.0
PRM2,0.0
PRM3,0.0
PRMT1,0.0
PRMT2,0.0
PRMT3,0.0
PRMT5,0.0
PRMT5-AS1,0.0
PRMT5-DT,0.0
PRMT6,2.4377505362124734
PRMT7,0.0
PRMT8,0.0
PRMT9,0.0
PRNCR1,0.3010300593533231
PRND,0.0
PRNP,0.6989699816533308
PRNT,0.0
PRO1804,0.0
PROB1,0.0
PROC,0.0
PROCA1,0.0
PROCR,0.0
PRODH,0.0
PRODH2,0.0
PROK1,0.0
PROK2,0.0
PROKR1,0.0
PROKR2,0.0
PROM1,0.0
PROM2,0.0
PROM2-2,0.0
PROP1,0.0
PRORP,0.0
PRORP-PSMA6,0.0
PRORSD1P,0.0
PRORY,0.0
PROS1,0.0
PROSER1,3.039414115964912
PROSER2,0.0
PROSER2-AS1,0.0
PROSER3,0.0
PROX1,0.0
PROX1-AS1,0.0
PROX2,0.0
PROZ,0.0
PRP4K,0.6020599946223769
PRPF18,0.3010298845237909
PRPF19,0.0
PRPF19-DT,0.0
PRPF3,0.0
PRPF31,1.9444826226676923
PRPF31-10,0.0
PRPF31-2,0.0
PRPF31-3,0.0
PRPF31-4,0.0
PRPF31-5,0.0
PRPF31-6,0.0
PRPF31-7,0.0
PRPF31-8,0.0
PRPF31-9,0.0
PRPF31-AS1,0.30102994932696914
PRPF38A,2.2121876013447954
PRPF38B,0.0
PRPF39,1.204119974838996
PRPF39-DT,0.0
PRPF4,0.0
PRPF40A,0.0
PRPF40B,0.0
PRPF6,0.0
PRPF8,0.8450980370255606
PRPF8-2,0.0
PRPH,0.0
PRPH2,0.0
PRPS1,0.0
PRPS1L1,0.0
PRPS2,0.0
PRPSAP1,0.0
PRPSAP2,0.0
PRR11,0.0
PRR12,0.0
PRR13,0.0
PRR14,0.0
PRR14L,0.0
PRR15,0.0
PRR15-DT,0.0
PRR15L,0.0
PRR16,0.0
PRR18,0.0
PRR19,0.0
PRR20A,0.0
PRR20B,0.0
PRR20C,0.0
PRR20D,0.0
PRR20E,0.0
PRR20G,0.0
PRR22,0.0
PRR23A,0.0
PRR23B,0.0
PRR23C,0.0
PRR23D1,0.0
PRR23D1-3,0.0
PRR23D2,0.0
PRR23D2-2,0.0
PRR23E,0.0
PRR27,0.0
PRR29,0.0
PRR29-AS1,0.6020599518390215
PRR3,0.0
PRR3-2,0.0
PRR3-3,0.0
PRR3-4,0.0
PRR3-5,0.0
PRR3-6,0.0
PRR3-7,0.0
PRR30,0.0
PRR32,0.0
PRR33,0.0
PRR33-2,0.0
PRR34,0.0
PRR34-AS1,0.0
PRR35,0.0
PRR36,0.3010299916382301
PRR4,0.301029790617482
PRR5,0.0
PRR5-ARHGAP8,0.0
PRR5L,0.0
PRR7,0.0
PRR7-AS1,0.0
PRR9,0.0
PRRC1,0.0
PRRC2A,0.0
PRRC2A-2,0.0
PRRC2A-3,0.0
PRRC2A-4,0.0
PRRC2A-5,0.0
PRRC2A-6,0.0
PRRC2A-7,0.0
PRRC2B,0.9999999690911121
PRRC2C,0.7781512026504749
PRRG1,1.9294188703500117
PRRG2,0.0
PRRG3,0.0
PRRG4,0.0
PRRT1,0.0
PRRT1B,0.0
PRRT2,0.301029979297976
PRRT3,0.0
PRRT3-AS1,0.0
PRRT4,0.0
PRRX1,0.0
PRRX2,0.0
PRRX2-AS1,0.0
PRSS1,0.0
PRSS12,0.0
PRSS16,0.0
PRSS2,0.0
PRSS21,0.0
PRSS22,0.0
PRSS22-2,0.0
PRSS23,0.0
PRSS23-AS1,0.0
PRSS27,0.0
PRSS3,0.0
PRSS30P,0.0
PRSS33,0.47712123351867775
PRSS35,0.0
PRSS36,0.0
PRSS37,0.0
PRSS38,0.0
PRSS3P2,0.0
PRSS40A,0.0
PRSS40B,0.0
PRSS41,0.0
PRSS42P,0.0
PRSS43P,0.0
PRSS44P,0.0
PRSS45P,0.0
PRSS46P,0.0
PRSS48,0.0
PRSS48-2,0.0
PRSS50,0.0
PRSS51,0.0
PRSS51-2,0.780850782598246
PRSS53,0.0
PRSS54,0.0
PRSS55,0.0
PRSS55-2,0.0
PRSS56,0.0
PRSS57,0.0
PRSS58,0.0
PRSS59P,0.0
PRSS8,0.0
PRTFDC1,0.0
PRTG,0.7781512297048279
PRTN3,0.0
PRTN3-2,0.0
PRUNE1,0.6020599860034935
PRUNE2,0.0
PRX,0.0
PRXL2A,0.3010300811889727
PRXL2B,0.0
PRXL2B-2,0.0
PRXL2C,0.0
PRY,0.0
PRY2,0.0
PSAP,0.0
PSAPL1,0.0
PSAT1,2.315970304785779
PSCA,0.0
PSD,0.0
PSD2,0.3010299333442803
PSD2-AS1,0.0
PSD3,0.0
PSD4,0.0
PSEN1,0.0
PSEN2,0.0
PSENEN,0.0
PSG1,0.0
PSG10P,0.0
PSG11,0.0
PSG11-AS1,0.0
PSG2,0.0
PSG3,0.0
PSG4,0.0
PSG5,0.0
PSG6,0.0
PSG7,0.0
PSG8,0.0
PSG8-AS1,0.0
PSG9,0.0
PSIP1,0.47712119849544066
PSKH1,0.0
PSKH2,0.0
PSLNR,0.0
PSMA1,0.0
PSMA2,0.0
PSMA3,0.0
PSMA3-AS1,0.0
PSMA4,0.0
PSMA5,0.0
PSMA6,0.0
PSMA7,1.4149736182578818
PSMA8,0.0
PSMB1,2.603144122435408
PSMB10,0.0
PSMB11,0.0
PSMB2,0.0
PSMB3,0.0
PSMB4,2.3053511524631136
PSMB5,0.0
PSMB6,0.0
PSMB7,0.0
PSMB8,0.0
PSMB8-AS1,0.0
PSMB9,0.0
PSMC1,0.0
PSMC2,0.0
PSMC3,0.0
PSMC3IP,0.0
PSMC4,0.0
PSMC5,0.0
PSMC6,2.7450747380194542
PSMD1,0.0
PSMD10,0.0
PSMD11,1.7993405399943292
PSMD12,0.0
PSMD13,0.0
PSMD14,0.3010299797582082
PSMD14-DT,0.0
PSMD2,0.3010299908440668
PSMD3,0.0
PSMD4,0.0
PSMD5,1.397939993102707
PSMD6,2.0170332504482253
PSMD6-AS1,0.0
PSMD6-AS2,0.0
PSMD7,0.0
PSMD7-DT,0.0
PSMD8,0.0
PSMD9,1.1760912256182332
PSME1,0.0
PSME2,0.0
PSME2-2,0.0
PSME3,0.0
PSME3IP1,0.0
PSME4,0.0
PSMF1,0.0
PSMG1,0.0
PSMG2,0.0
PSMG3,0.0
PSMG3-AS1,0.0
PSMG4,0.0
PSORS1C1,0.0
PSORS1C2,0.0
PSORS1C3,0.0
PSPC1,0.4771212040995295
PSPH,0.0
PSPN,0.0
PSRC1,0.0
PSTK,0.0
PSTPIP1,0.0
PSTPIP2,0.0
PTAFR,0.0
PTAR1,0.0
PTBP1,0.0
PTBP2,2.7283537656915064
PTBP3,0.0
PTCD1,0.0
PTCD2,0.0
PTCD3,0.0
PTCH1,0.0
PTCH2,0.0
PTCHD1,0.0
PTCHD1-AS,0.0
PTCHD3,0.0
PTCHD4,0.0
PTCRA,0.0
PTCSC1,0.0
PTCSC2,0.6989699650961252
PTCSC3,0.0
PTDSS1,0.0
PTDSS2,1.0791812038817543
PTEN,0.0
PTENP1,0.0
PTENP1-AS,0.0
PTER,0.0
PTF1A,0.0
PTGDR,0.0
PTGDR2,0.0
PTGDS,0.0
PTGER1,0.0
PTGER2,0.0
PTGER3,0.0
PTGER4,0.0
PTGER4P2-CDK2AP2P2,0.30102997129472736
PTGES,0.0
PTGES2,0.0
PTGES2-AS1,0.0
PTGES3,0.0
PTGES3L,0.0
PTGES3L-AARSD1,0.0
PTGFR,0.0
PTGFRN,0.0
PTGIR,0.0
PTGIS,0.0
PTGR1,0.0
PTGR2,0.0
PTGR3,0.0
PTGS1,0.0
PTGS2,0.30102993737509065
PTH,0.0
PTH1R,0.0
PTH2,0.0
PTH2R,0.0
PTHLH,0.0
PTK2,2.374748323499482
PTK2B,0.0
PTK6,0.0
PTK7,0.0
PTMA,3.016622991168495
PTMAP11,0.0
PTMS,0.0
PTN,2.3117537935097188
PTOV1,0.0
PTOV1-AS1,0.0
PTOV1-AS2,0.0
PTP4A1,0.0
PTP4A2,2.647382956814268
PTP4A3,0.0
PTP4A3-2,0.0
PTP4A3-3,0.7026381067711659
PTPA,0.0
PTPDC1,0.0
PTPMT1,0.30103002457902667
PTPN1,0.3010299306314431
PTPN11,1.1760912737166231
PTPN12,1.5052075229701658
PTPN13,0.0
PTPN14,0.0
PTPN18,0.0
PTPN2,0.0
PTPN20,0.0
PTPN21,0.0
PTPN22,0.0
PTPN23,0.0
PTPN23-DT,0.0
PTPN3,0.0
PTPN4,2.38916609289509
PTPN5,0.0
PTPN6,0.0
PTPN7,0.0
PTPN9,0.954242505146444
PTPRA,0.0
PTPRB,0.0
PTPRC,0.0
PTPRCAP,0.0
PTPRD,0.8450980849954046
PTPRD-AS1,0.0
PTPRD-DT,0.0
PTPRE,1.9344984464434631
PTPRF,0.0
PTPRG,2.413299772144747
PTPRG-AS1,0.0
PTPRH,0.0
PTPRJ,0.0
PTPRK,0.0
PTPRK-AS1,0.0
PTPRM,0.0
PTPRN,0.0
PTPRN2,0.0
PTPRN2-AS1,0.0
PTPRO,0.4771212390928419
PTPRQ,0.0
PTPRR,0.0
PTPRS,2.0043213672253724
PTPRS-AS1,0.0
PTPRT,1.5440680592659581
PTPRT-AS1,0.0
PTPRT-DT,0.0
PTPRU,0.0
PTPRVP,0.0
PTPRZ1,3.529686952689603
PTRH1,0.0
PTRH2,0.0
PTRHD1,1.748187927975598
PTS,0.0
PTTG1,0.0
PTTG1IP,0.0
PTTG1IP2,0.0
PTTG2,0.0
PTTG3P,0.0
PTX3,0.0
PTX4,0.0
PUDP,0.698969968121763
PUF60,0.30102995552299705
PUM1,0.0
PUM2,0.0
PUM3,0.0
PURA,0.0
PURB,2.784617300538858
PURG,0.0
PURPL,0.0
PUS1,0.0
PUS1-AS1,0.0
PUS10,0.0
PUS3,0.0
PUS7,0.0
PUS7L,1.1139433602354236
PUSL1,0.0
PVALB,0.0
PVALEF,0.0
PVR,0.0
PVRIG,0.0
PVRIG2P,0.0
PVT1,0.0
PWAR1,0.0
PWAR4,0.0
PWAR5,0.9999999924365457
PWAR6,0.30103003685066554
PWARSN,0.8450979877575121
PWP1,2.426511233173376
PWP2,0.0
PWRN1,0.0
PWRN1-2,0.0
PWRN2,0.0
PWRN3,0.0
PWRN4,0.0
PWWP2A,2.021189286857449
PWWP2B,0.0
PWWP3A,0.0
PWWP3B,0.0
PWWP4,0.0
PXDC1,0.0
PXDN,2.0644579903168068
PXDNL,0.0
PXK,0.0
PXMP2,0.0
PXMP4,0.30103007327806136
PXN,0.0
PXN-AS1,1.491361424826096
PXT1,0.0
PXYLP1,0.0
PYCARD,0.0
PYCARD-AS1,0.0
PYCR1,0.0
PYCR2,1.5563024322933678
PYCR3,0.0
PYDC1,0.0
PYDC2,0.0
PYDC2-AS1,0.0
PYDC5,0.0
PYGB,0.0
PYGL,0.0
PYGM,0.0
PYGO1,0.47712116876554067
PYGO2,0.0
PYGO2-AS1,1.5937688332744366
PYHIN1,0.0
PYM1,0.0
PYROXD1,0.4953812637045912
PYROXD2,0.0
PYURF,0.0
PYY,0.0
PYY2,0.0
PZP,0.0
QARS1,0.0
QDPR,2.5751877715106044
QKI,2.951337530278239
QKILA,0.0
QNG1,0.0
QPCT,0.0
QPCTL,0.0
QPRT,0.0
QRFP,0.0
QRFPR,0.0
QRICH1,1.17609124704732
QRICH2,0.0
QRSL1,2.3891660752198662
QSER1,0.0
QSOX1,0.0
QSOX2,0.0
QTRT1,0.0
QTRT2,0.0
R3HCC1,0.0
R3HCC1L,0.0
R3HDM1,2.472756443751644
R3HDM2,2.3765656088753464
R3HDM2-DT,0.0
R3HDM4,0.0
R3HDML,0.0
R3HDML-AS1,0.0
RAB10,0.954242495282998
RAB11A,0.0
RAB11B,0.47712122694269316
RAB11B-AS1,0.0
RAB11FIP1,0.0
RAB11FIP2,1.1461280243481369
RAB11FIP3,0.8450980275051827
RAB11FIP3-2,0.0
RAB11FIP4,0.0
RAB11FIP5,0.0
RAB12,0.0
RAB13,0.0
RAB14,0.0
RAB15,0.0
RAB17,0.0
RAB17-DT,0.0
RAB18,2.401400535233196
RAB19,0.0
RAB1A,0.0
RAB1B,0.0
RAB20,0.0
RAB21,0.9542425049097328
RAB22A,2.8481891239548287
RAB23,0.0
RAB24,0.0
RAB25,0.0
RAB26,0.0
RAB27A,0.0
RAB27B,0.0
RAB28,0.0
RAB29,0.0
RAB2A,1.1461280177579631
RAB2B,1.0791812225196193
RAB30,0.954242524561734
RAB30-DT,0.0
RAB31,1.0413926755725118
RAB32,0.0
RAB33A,0.0
RAB33B,0.0
RAB33B-AS1,0.0
RAB34,0.0
RAB35,0.0
RAB35-AS1,0.0
RAB36,0.0
RAB37,0.0
RAB38,0.0
RAB39A,0.0
RAB39B,0.0
RAB3A,0.0
RAB3B,0.0
RAB3C,1.7242758762904071
RAB3D,0.0
RAB3GAP1,2.7283537783011926
RAB3GAP2,2.8567288949592013
RAB3IL1,0.0
RAB3IP,1.6049008135569673
RAB40A,0.0
RAB40AL,0.0
RAB40B,0.0
RAB40C,0.0
RAB41,0.0
RAB42,0.0
RAB43,0.0
RAB44,0.0
RAB4A,0.0
RAB4A-AS1,0.0
RAB4B,0.0
RAB4B-EGLN2,0.0
RAB5A,0.0
RAB5B,0.0
RAB5C,0.0
RAB5C-AS1,0.0
RAB5IF,0.0
RAB6A,2.4623979782268055
RAB6B,2.2695129445934548
RAB6C,0.0
RAB6C-AS1,0.0
RAB6D,0.0
RAB7A,0.0
RAB7B,0.0
RAB8A,0.0
RAB8B,0.0
RAB9A,1.0413926430046132
RAB9B,0.0
RAB9BP1,0.0
RABAC1,0.0
RABEP1,0.0
RABEP2,0.0
RABEPK,0.0
RABGAP1,1.913813818045255
RABGAP1L,1.1139430481090056
RABGAP1L-AS1,0.0
RABGAP1L-DT,0.0
RABGEF1,0.0
RABGEF1P1,1.5185138858146092
RABGGTA,0.0
RABGGTB,0.0
RABIF,0.0
RABL2A,0.0
RABL2B,0.0
RABL3,0.0
RABL6,1.3979399857483394
RAC1,2.3502479846735684
RAC2,0.0
RAC3,0.0
RACGAP1,0.0
RACGAP1P1,0.0
RACK1,0.0
RAD1,0.7781512691218475
RAD17,0.0
RAD17-2,0.0
RAD17-3,0.0
RAD18,0.0
RAD21,0.0
RAD21-AS1,0.0
RAD21L1,0.0
RAD23A,0.0
RAD23B,1.3979399975396036
RAD50,0.0
RAD51,0.0
RAD51-AS1,1.2041198940796831
RAD51AP1,0.0
RAD51AP2,0.0
RAD51B,0.0
RAD51C,0.0
RAD51D,0.0
RAD51L3-RFFL,3.363469801748197
RAD52,0.0
RAD54B,0.0
RAD54L,0.0
RAD54L2,0.0
RAD9A,0.7781512011677978
RAD9B,0.0
RADIL,0.0
RADX,0.0
RAE1,0.0
RAET1E,0.0
RAET1E-AS1,0.0
RAET1E-LRP11,0.0
RAET1G,0.0
RAET1K,0.0
RAET1L,0.0
RAF1,0.0
RAG1,0.0
RAG2,0.0
RAI1,0.0
RAI1-AS1,0.0
RAI14,0.0
RAI14-DT,0.0
RAI2,0.0
RALA,0.3010302939488768
RALB,0.0
RALBP1,0.0
RALGAPA1,2.16443311078574
RALGAPA1P1,0.0
RALGAPA2,0.0
RALGAPB,2.6919651093289834
RALGDS,0.0
RALGPS1,0.0
RALGPS2,1.518513933839274
RALGPS2-AS1,0.0
RALY,0.0
RALY-AS1,0.0
RALYL,2.1731862027309328
RAMAC,0.0
RAMACL,0.0
RAMP1,0.0
RAMP2,0.0
RAMP2-AS1,1.633468440685455
RAMP3,0.0
RAN,0.0
RANBP1,0.0
RANBP10,0.0
RANBP17,0.0
RANBP2,0.0
RANBP3,0.0
RANBP3-DT,0.0
RANBP3L,0.0
RANBP6,0.6989699679099515
RANBP9,0.0
RANGAP1,0.7781512396722637
RANGRF,0.0
RAP1A,0.0
RAP1B,0.0
RAP1GAP,1.3802112213240438
RAP1GAP2,0.0
RAP1GDS1,0.0
RAP2A,0.9542425109832422
RAP2B,0.0
RAP2C,0.0
RAP2C-AS1,0.0
RAPGEF1,1.4771212485479919
RAPGEF2,0.3010298833149659
RAPGEF3,0.0
RAPGEF4,0.0
RAPGEF4-AS1,0.0
RAPGEF5,0.0
RAPGEF6,0.0
RAPGEFL1,0.0
RAPH1,0.0
RAPSN,0.3010299662362667
RARA,0.0
RARA-AS1,0.0
RARB,1.9138138240511975
RARB-AS1,0.0
RARG,0.0
RARRES1,0.0
RARRES2,0.0
RARS1,0.0
RARS2,0.0
RASA1,0.47712125499624863
RASA2,0.7781512173284181
RASA2-IT1,0.0
RASA3,0.0
RASA3-2,0.0
RASA3-IT1,0.0
RASA4,0.0
RASA4B,0.0
RASA4CP,0.0
RASA4DP,0.0
RASAL1,0.0
RASAL2,0.3017942644593287
RASAL2-AS1,0.0
RASAL3,0.0
RASD1,0.0
RASD2,0.0
RASEF,0.0
RASGEF1A,0.0
RASGEF1B,2.285557285525495
RASGEF1C,0.0
RASGRF1,0.0
RASGRF2,0.0
RASGRF2-AS1,0.0
RASGRP1,0.0
RASGRP2,0.0
RASGRP3,0.0
RASGRP3-AS1,0.47712120664894264
RASGRP4,0.0
RASIP1,0.0
RASL10A,0.0
RASL10B,0.0
RASL11A,0.0
RASL11B,0.0
RASL12,0.0
RASSF1,1.3010299419338636
RASSF1-AS1,0.0
RASSF10,0.0
RASSF10-DT,0.0
RASSF2,2.1673173359159317
RASSF3,0.0
RASSF3-DT,0.0
RASSF4,1.204119979366497
RASSF5,0.0
RASSF6,0.0
RASSF7,0.0
RASSF8,0.0
RASSF8-AS1,0.0
RASSF9,0.0
RAVER1,0.0
RAVER2,0.0
RAX,0.0
RAX2,0.0
RB1,0.6020599629396013
RB1-DT,0.0
RB1CC1,2.6304278695086802
RBAK,0.0
RBAK-RBAKDN,0.0
RBAKDN,0.0
RBBP4,0.8450980907496073
RBBP5,0.0
RBBP6,0.0
RBBP7,0.0
RBBP8,0.0
RBBP8NL,0.0
RBBP9,0.0
RBCK1,0.0
RBFA,0.0
RBFADN,1.732393991252036
RBFOX1,1.3424226647782367
RBFOX2,0.0
RBFOX3,0.0
RBIS,0.0
RBKS,0.0
RBL1,0.0
RBL2,0.3010299844976724
RBM10,0.0
RBM11,0.0
RBM12,0.0
RBM12B,0.3010301272381455
RBM12B-AS1,0.0
RBM12B-DT,0.0
RBM14,0.0
RBM14-RBM4,0.0
RBM15,0.9030899718233671
RBM15-AS1,0.0
RBM15B,0.0
RBM17,0.0
RBM18,0.0
RBM19,0.0
RBM20,0.0
RBM22,2.396199312827764
RBM23,0.30102996590651726
RBM24,0.0
RBM25,3.128722273704741
RBM25-AS1,0.0
RBM26,1.57978359216847
RBM26-AS1,0.0
RBM27,0.0
RBM28,0.0
RBM3,0.30103003212519897
RBM33,2.9652017104231034
RBM33-DT,0.0
RBM34,0.0
RBM38,1.3424226508266304
RBM38-AS1,0.0
RBM39,1.5682017270212973
RBM4,0.0
RBM41,0.0
RBM42,0.0
RBM43,0.0
RBM44,0.0
RBM45,0.30102997890294225
RBM46,0.0
RBM47,0.0
RBM48,0.47712128741551113
RBM4B,1.1461279410755723
RBM5,1.6434526461542256
RBM5-AS1,0.0
RBM6,0.0
RBM7,0.0
RBM8A,2.5852421433112225
RBMS1,0.30102999770402966
RBMS2,0.0
RBMS3,0.0
RBMS3-AS1,0.0
RBMS3-AS2,0.0
RBMS3-AS3,0.0
RBMX,0.0
RBMX2,0.0
RBMXL1,0.0
RBMXL2,0.0
RBMXL3,0.0
RBMY1A1,0.0
RBMY1A3P,0.0
RBMY1B,0.0
RBMY1D,0.0
RBMY1E,0.0
RBMY1F,0.0
RBMY1J,0.0
RBMY2EP,0.0
RBMY2FP,0.0
RBMY3AP,0.0
RBP1,0.0
RBP2,0.0
RBP3,0.0
RBP4,0.0
RBP5,0.0
RBP5-2,0.0
RBP7,0.0
RBPJ,3.547159119565835
RBPJL,0.0
RBPMS,0.0
RBPMS-AS1,0.0
RBPMS2,0.0
RBSN,0.7781512288742527
RBX1,0.6989699301477097
RC3H1,0.0
RC3H1-DT,0.0
RC3H2,0.0
RCAN1,0.0
RCAN2,0.0
RCAN2-DT,0.0
RCAN3,0.0
RCAN3AS,0.0
RCBTB1,1.505149966822243
RCBTB2,0.0
RCC1,0.0
RCC1L,0.0
RCC2,0.47712129553868765
RCC2-AS1,0.0
RCCD1,0.0
RCCD1-AS1,0.0
RCE1,0.0
RCHY1,0.0
RCL1,0.0
RCN1,0.0
RCN2,1.7160033429552302
RCN3,0.0
RCOR1,0.0
RCOR2,0.0
RCOR3,0.0
RCSD1,0.0
RCVRN,0.0
RD3,0.0
RD3L,0.0
RDH10,0.0
RDH10-AS1,0.0
RDH11,1.1139433262134748
RDH12,0.0
RDH13,0.0
RDH13-10,0.0
RDH13-2,0.24303809778450877
RDH13-3,0.24303809778450877
RDH13-4,0.24303809778450877
RDH13-5,0.24303809778450877
RDH13-6,0.24303809778450877
RDH13-7,0.24303809778450877
RDH13-8,0.24303809778450877
RDH13-9,0.24303809778450877
RDH14,0.0
RDH16,0.0
RDH5,0.0
RDH8,0.0
RDM1,0.0
RDM1-2,0.0
RDM1P5,0.0
RDUR,0.0
RDX,1.568201701238022
REC114,0.0
REC8,0.0
REC8-2,0.0
RECK,0.0
RECQL,2.8181408441195375
RECQL4,0.0
RECQL5,0.0
REDIC1,0.0
REELD1,0.0
REEP1,0.0
REEP2,0.0
REEP3,2.6981005496948067
REEP4,0.0
REEP5,0.0
REEP6,0.0
REG1A,0.0
REG1B,0.0
REG1CP,0.0
REG3A,0.0
REG3G,0.0
REG4,0.0
REL,1.5213672265483296
REL-DT,0.0
RELA,2.6211762450975917
RELA-DT,0.0
RELB,0.0
RELCH,0.0
RELL1,0.0
RELL2,0.0
RELN,0.0
RELT,0.0
REM1,0.0
REM2,0.0
REN,0.0
RENBP,0.0
RENO1,0.6020600146183356
REP15,0.0
REPIN1,0.0
REPIN1-AS1,0.0
REPS1,0.0
REPS2,0.0
RER1,0.0
RERE,0.0
RERE-AS1,0.0
REREP1Y,0.0
REREP2Y,0.0
REREP3,0.0
RERG,0.0
RERG-AS1,0.0
RERG-IT1,0.0
RERGL,0.0
RESF1,0.0
RESP18,0.0
REST,0.0
RET,0.0
RETN,0.0
RETNLB,0.0
RETREG1,0.0
RETREG1-AS1,0.0
RETREG2,0.0
RETREG3,0.30103000492933035
RETSAT,0.0
RETSAT-2,0.0
REV1,0.0
REV3L,3.1020905403576386
REX1BD,0.0
REXO1,0.0
REXO1L2P,0.301029941999689
REXO2,0.0
REXO4,1.0791811958388513
REXO4-2,0.0
REXO5,0.0
REXO6P,0.0
RFC1,0.0
RFC2,0.6020599312153503
RFC3,2.7723075934710537
RFC4,0.0
RFC5,0.0
RFESD,0.0
RFFL,0.42475560727253026
RFK,0.0
RFLNA,0.0
RFLNB,0.0
RFNG,0.9999999356041089
RFPL1,0.0
RFPL1S,0.0
RFPL2,0.0
RFPL3,0.0
RFPL3S,0.0
RFPL4A,0.0
RFPL4AL1,0.0
RFPL4B,0.0
RFT1,0.0
RFTN1,0.0
RFTN2,1.1461280341775149
RFWD3,0.0
RFX1,0.0
RFX1-2,0.0
RFX2,0.0
RFX3,2.482873590387129
RFX3-DT,0.0
RFX4,0.0
RFX5,1.8920945849465187
RFX5-AS1,0.0
RFX6,0.0
RFX7,1.6127838670311343
RFX8,0.0
RFXANK,0.0
RFXAP,0.0
RGCC,0.0
RGL1,0.0
RGL2,0.0
RGL2-2,0.0
RGL2-3,0.0
RGL2-4,0.0
RGL2-5,0.0
RGL3,0.0
RGL4,0.0
RGMA,0.0
RGMB,0.0
RGMB-AS1,0.0
RGN,0.6020599311739174
RGP1,0.0
RGPD1,0.3010299196740181
RGPD2,0.0
RGPD3,0.0
RGPD4,0.0
RGPD4-AS1,0.0
RGPD5,0.0
RGPD6,0.5886704401101643
RGPD8,0.852567875143605
RGR,0.0
RGS1,0.0
RGS10,0.0
RGS11,0.0
RGS12,0.0
RGS13,0.0
RGS14,0.0
RGS16,0.0
RGS17,2.413299770709942
RGS18,0.0
RGS19,0.0
RGS2,0.0
RGS2-AS1,0.0
RGS20,0.0
RGS21,0.3010299557133027
RGS22,0.0
RGS3,0.0
RGS4,0.0
RGS5,2.6766936082310795
RGS5-AS1,0.0
RGS6,0.3010299442487947
RGS7,0.0
RGS7BP,0.0
RGS8,0.0
RGS9,0.0
RGS9BP,0.0
RGSL1,0.0
RHAG,0.0
RHBDD1,0.0
RHBDD2,0.0
RHBDD3,0.0
RHBDF1,0.0
RHBDF2,0.0
RHBDL1,0.0
RHBDL2,0.0
RHBDL3,0.0
RHBG,0.0
RHCE,0.30103005327634547
RHCG,0.0
RHD,0.0
RHEB,0.0
RHEBL1,0.0
RHEX,0.0
RHNO1,0.3010299597002488
RHO,0.0
RHOA,0.0
RHOB,1.6127838263976761
RHOBTB1,0.0
RHOBTB2,0.0
RHOBTB3,1.9684829466235423
RHOC,0.0
RHOD,0.0
RHOF,0.0
RHOG,0.0
RHOH,0.0
RHOJ,0.0
RHOQ,1.9563152525403114
RHOQ-AS1,0.0
RHOT1,2.356025835651058
RHOT2,1.8450980044249294
RHOU,0.3010300194416274
RHOV,0.0
RHOXF1,0.0
RHOXF1-AS1,0.0
RHOXF1P1,0.0
RHOXF2,0.0
RHOXF2B,0.0
RHPN1,0.0
RHPN1-AS1,0.0
RHPN2,0.0
RIBC1,0.0
RIBC2,0.0
RIC1,0.0
RIC3,2.246225789694963
RIC3-DT,0.0
RIC8A,0.0
RIC8B,0.0
RICTOR,2.2718416141526285
RIDA,0.0
RIF1,0.0
RIGI,0.0
RIIAD1,0.0
RILP,0.0
RILPL1,0.0
RILPL2,0.0
RIMBP2,0.0
RIMBP3,0.0
RIMBP3B,0.0
RIMBP3C,0.0
RIMKLA,0.0
RIMKLB,0.0
RIMOC1,0.0
RIMS1,1.4771212253569246
RIMS2,0.0
RIMS3,0.0
RIMS4,0.0
RIN1,0.0
RIN2,3.444825192126718
RIN3,0.0
RING1,0.0
RINL,0.4771212231804447
RINL-2,0.0
RINT1,0.0
RIOK1,0.0
RIOK2,0.0
RIOK3,1.3010299018649012
RIOX1,0.0
RIOX2,0.0
RIPK1,0.0
RIPK2,0.9030899375216691
RIPK3,0.0
RIPK4,0.0
RIPOR1,0.0
RIPOR2,0.0
RIPOR3,0.0
RIPOR3-AS1,0.0
RIPPLY1,0.0
RIPPLY2,0.0
RIPPLY2-CYB5R4,0.0
RIPPLY3,0.0
RIT1,0.0
RIT2,0.0
RITA1,0.0
RLBP1,0.3010299795389727
RLF,0.7781512518206473
RLIG1,0.0
RLIM,0.0
RLN1,0.0
RLN2,0.0
RLN3,0.0
RMC1,0.0
RMDN1,0.0
RMDN2,0.0
RMDN2-AS1,0.0
RMDN3,0.0
RMEL3,0.0
RMI1,0.0
RMI2,0.0
RMND1,0.0
RMND5A,0.0
RMND5B,0.0
RMRP,0.30103031071282743
RMST,0.0
RN7SK,1.4471580731611418
RN7SL1,0.0
RN7SL2,0.0
RN7SL3,0.0
RN7SL832P,0.0
RNA18SN1,1.9615341052285977
RNA18SN2,1.9615341052285977
RNA18SN3,1.9615341052285977
RNA18SN4,1.9615341052285977
RNA18SN5,1.9615341052285977
RNA28SN1,0.0
RNA28SN2,0.0
RNA28SN3,1.7809736845007582
RNA28SN4,1.893728800871051
RNA28SN5,0.0
RNA45SN1,0.0
RNA45SN2,0.0
RNA45SN3,0.6788824347693918
RNA45SN4,0.0
RNA45SN5,0.0
RNA5-8SN1,0.0
RNA5-8SN2,0.0
RNA5-8SN3,0.0
RNA5-8SN4,0.9536198517512691
RNA5-8SN5,0.0
RNA5S1,0.0
RNA5S10,0.0
RNA5S11,0.0
RNA5S12,0.0
RNA5S13,0.0
RNA5S14,0.0
RNA5S15,0.0
RNA5S16,0.0
RNA5S17,0.0
RNA5S2,0.0
RNA5S3,0.0
RNA5S4,0.0
RNA5S5,0.0
RNA5S6,0.0
RNA5S7,0.0
RNA5S8,0.0
RNA5S9,0.0
RNASE1,0.0
RNASE10,0.0
RNASE11,0.0
RNASE11-AS1,0.0
RNASE12,0.0
RNASE13,0.0
RNASE2,0.0
RNASE2CP,0.0
RNASE3,0.0
RNASE4,0.0
RNASE6,0.0
RNASE7,0.0
RNASE8,0.0
RNASE9,0.0
RNASEH1,0.0
RNASEH1-DT,0.0
RNASEH2A,0.0
RNASEH2B,0.0
RNASEH2B-AS1,0.0
RNASEH2C,0.0
RNASEK,0.0
RNASEK-C17orf49,0.0
RNASEL,0.0
RNASET2,0.0
RND1,0.0
RND2,0.3010299105058075
RND3,0.0
RNF10,0.0
RNF103,0.9030899688237917
RNF103-CHMP3,0.0
RNF11,0.0
RNF111,0.0
RNF112,1.9867717135395397
RNF113A,0.0
RNF113B,0.0
RNF114,0.0
RNF115,0.0
RNF121,2.1172712600273775
RNF122,0.0
RNF123,0.0
RNF125,0.0
RNF126,0.0
RNF126P1,0.0
RNF128,3.106190873714723
RNF13,0.0
RNF130,0.0
RNF133,0.0
RNF135,0.0
RNF135-2,0.0
RNF138,0.0
RNF138P1,0.0
RNF139,0.0
RNF139-2,0.0
RNF139-DT,0.0
RNF14,0.0
RNF141,0.0
RNF144A,2.0043213395669683
RNF144B,0.0
RNF145,0.0
RNF146,0.0
RNF148,0.0
RNF149,0.0
RNF150,2.5365584495574054
RNF151,0.0
RNF151-2,0.0
RNF152,0.0
RNF157,0.30102993786783727
RNF157-AS1,0.0
RNF166,0.0
RNF167,0.0
RNF168,0.0
RNF169,0.380592781194132
RNF17,0.0
RNF170,0.0
RNF175,2.9749720062635414
RNF180,0.0
RNF181,0.0
RNF182,0.0
RNF183,0.0
RNF185,0.0
RNF186,0.0
RNF186-AS1,0.0
RNF187,0.0
RNF19A,0.47712124956790203
RNF19B,0.8450980424052732
RNF2,0.0
RNF20,0.0
RNF207,0.0
RNF207-AS1,0.0
RNF208,0.0
RNF212,0.0
RNF212B,0.0
RNF213,0.0
RNF213-AS1,0.0
RNF214,0.9466909741178463
RNF215,0.0
RNF216,0.0
RNF216-IT1,0.0
RNF216P1,1.8808135533671315
RNF217,0.0
RNF217-AS1,0.0
RNF220,0.0
RNF222,0.0
RNF223,0.0
RNF224,0.0
RNF225,0.0
RNF227,0.0
RNF228,0.0
RNF24,0.0
RNF25,0.0
RNF26,0.0
RNF31,0.0
RNF32,0.0
RNF32-AS1,0.0
RNF32-DT,0.0
RNF34,1.5051499343996593
RNF38,0.0
RNF39,0.0
RNF39-2,0.0
RNF39-3,0.0
RNF39-4,0.0
RNF39-5,0.0
RNF39-6,0.0
RNF39-8,0.0
RNF4,0.0
RNF40,0.0
RNF41,0.0
RNF43,0.0
RNF44,0.0
RNF5,0.0
RNF5P1,0.0
RNF6,0.0
RNF7,0.0
RNF8,0.0
RNFT1,0.0
RNFT1-DT,0.0
RNFT2,0.3010299815929084
RNGTT,0.0
RNH1,0.30102995615023753
RNH1-2,0.0
RNLS,1.3979400377052065
RNMT,0.0
RNPC3,0.9542424676845258
RNPC3-DT,0.0
RNPEP,0.8450980067348508
RNPEPL1,0.0
RNPS1,0.0
RNU1-1,0.47624588435804693
RNU1-2,0.47624588435804693
RNU1-3,0.47624588435804693
RNU1-4,0.47624588435804693
RNU105B,0.0
RNU105C,0.0
RNU11,0.0
RNU12,0.0
RNU2-1,0.6989679882889426
RNU4-1,0.0
RNU4-2,0.0
RNU4ATAC,0.0
RNU5A-1,0.0
RNU5B-1,0.0
RNU5D-1,0.0
RNU5E-1,0.0
RNU5F-1,0.0
RNU6-1,0.0
RNU6-2,0.0
RNU6-7,0.0
RNU6-8,0.0
RNU6-9,0.0
RNU6ATAC,0.0
RNU6ATAC35P,0.0
RNU7-1,0.0
RNVU1-1,0.0
RNVU1-14,0.0
RNVU1-15,0.0
RNVU1-17,0.0
RNVU1-18,0.47624588435804693
RNVU1-19,0.0
RNVU1-26,0.0
RNVU1-26-2,0.0
RNVU1-27,0.0
RNVU1-28,0.0
RNVU1-2A,0.0
RNVU1-3,0.0
RNVU1-30,0.0
RNVU1-31,0.0
RNVU1-4,0.0
RNVU1-6,0.0
RNVU1-7,0.47624588435804693
RNVU1-8,0.0
RNY1,0.0
RNY3,0.0
RNY4,0.0
RNY5,0.0
RO60,1.602059977305538
ROBO1,1.5440680468883
ROBO2,0.0
ROBO3,0.0
ROBO4,0.0
ROCK1,0.30103017546704064
ROCK1P1,0.0
ROCK2,1.579783596317874
ROCR,0.0
ROGDI,1.230448842000269
ROM1,0.0
ROMO1,0.0
ROPN1,0.0
ROPN1B,0.0
ROPN1L,0.0
ROPN1L-AS1,0.0
ROR1,0.0
ROR1-AS1,0.0
ROR2,0.0
RORA,0.0
RORA-AS1,0.0
RORA-AS2,0.0
RORB,0.0
RORB-AS1,0.0
RORC,0.0
ROS1,0.0
RP1,0.0
RP1L1,0.0
RP2,0.0
RP9,0.0
RP9P,0.0
RPA1,0.0
RPA2,0.0
RPA3,0.0
RPA4,0.0
RPAIN,1.3979400034661809
RPAP1,0.0
RPAP2,0.6989701434842074
RPAP3,0.0
RPAP3-DT,0.30102991342695706
RPE,0.0
RPE65,0.0
RPEL1,0.3010299656362491
RPF1,2.877946906857189
RPF2,0.0
RPGR,2.8027737203241103
RPGRIP1,0.0
RPGRIP1L,0.30102992863366024
RPH3A,0.0
RPH3AL,0.0
RPH3AL-AS1,0.0
RPIA,0.0
RPL10,1.6720978218875275
RPL10A,0.47712106664050513
RPL10L,0.0
RPL11,0.0
RPL12,0.0
RPL13,1.2787535622580186
RPL13A,1.7075700784420407
RPL13AP17,0.0
RPL13AP20,0.0
RPL13AP3,0.0
RPL13AP5,0.0
RPL13AP6,0.0
RPL13P5,0.0
RPL14,0.47712116197506993
RPL15,2.7068047175971413
RPL17,2.225309191849448
RPL17-C18orf32,0.0
RPL18,0.0
RPL18A,0.0
RPL19,0.0
RPL19P12,0.0
RPL21,2.075546645324439
RPL21P28,0.0
RPL21P44,0.0
RPL22,0.0
RPL22L1,0.0
RPL23,1.6232492639055847
RPL23A,1.4149736149081789
RPL23AP32,0.0
RPL23AP53,0.0
RPL23AP64,0.0
RPL23AP7,0.9978994322515348
RPL23AP82,1.3724880170738845
RPL23AP87,0.0
RPL23P8,0.0
RPL24,0.0
RPL26,0.6989701114596002
RPL26L1,1.4149730878484015
RPL26L1-AS1,0.0
RPL27,0.7781516019506374
RPL27A,1.5314789091918395
RPL28,0.0
RPL29,1.3222190915772518
RPL29P2,0.0
RPL3,0.0
RPL30,0.0
RPL31,0.0
RPL31P11,0.0
RPL32,0.0
RPL32P3,0.0
RPL34,2.5763413147163625
RPL34-DT,0.0
RPL35,0.3010303504302236
RPL35A,1.9731277664327096
RPL36,0.0
RPL36A,0.0
RPL36A-HNRNPH2,0.0
RPL36AL,0.0
RPL37,0.0
RPL37A,0.0
RPL37A-DT,0.0
RPL38,0.0
RPL39,0.0
RPL39L,0.0
RPL3L,0.0
RPL3L-2,0.0
RPL4,0.0
RPL41,1.6720982652354406
RPL5,2.737987212166553
RPL6,0.7781510673885583
RPL7,0.0
RPL7A,0.0
RPL7L1,0.0
RPL8,1.6901958434965814
RPL9,0.0
RPLP0,0.0
RPLP0P2,0.0
RPLP1,0.0
RPLP2,0.0
RPN1,0.0
RPN2,0.6989699801658408
RPN2-2,0.0
RPP14,0.0
RPP21,0.0
RPP25,0.0
RPP25L,0.0
RPP30,0.0
RPP38,1.7160032441518136
RPP38-DT,0.0
RPP40,0.30102994511771514
RPPH1,0.0
RPRD1A,0.0
RPRD1B,0.0
RPRD2,0.0
RPRM,0.0
RPRML,0.0
RPS10,0.0
RPS10-NUDT3,0.0
RPS10P7,0.0
RPS11,2.4828740217544554
RPS12,0.0
RPS13,0.0
RPS14,0.9542424678604373
RPS14P3,0.0
RPS15,0.7781508921502377
RPS15A,0.6989699720428788
RPS15AP10,0.0
RPS16,0.0
RPS16P5,0.0
RPS17,0.0
RPS18,1.344672952807305
RPS18P9,0.0
RPS19,0.0
RPS19BP1,0.0
RPS2,0.0
RPS20,0.0
RPS21,0.0
RPS21-DT,0.0
RPS23,0.0
RPS24,0.0
RPS25,2.3180631614619918
RPS26,2.100370447121263
RPS26P11,0.0
RPS27,0.0
RPS27A,0.9999998495945409
RPS27AP19,0.0
RPS27L,0.0
RPS28,0.0
RPS29,0.0
RPS2P32,0.0
RPS3,0.6989699758458516
RPS3A,2.561101569903565
RPS4X,0.0
RPS4Y1,0.0
RPS4Y2,0.0
RPS5,0.0
RPS6,1.7160032683633892
RPS6KA1,0.0
RPS6KA1-2,0.0
RPS6KA2,0.0
RPS6KA2-AS1,0.0
RPS6KA2-IT1,0.0
RPS6KA3,0.0
RPS6KA4,0.0
RPS6KA5,0.0
RPS6KA6,0.0
RPS6KB1,0.0
RPS6KB2,0.0
RPS6KC1,0.0
RPS6KL1,1.9637878159919804
RPS7,0.3010301872042848
RPS7P5,0.0
RPS8,0.0
RPS9,0.0
RPS9-10,0.0
RPS9-3,0.0
RPS9-4,0.0
RPS9-5,0.0
RPS9-6,0.0
RPS9-7,0.0
RPS9-8,0.0
RPS9-9,0.0
RPSA,0.0
RPSA2,0.9542850447128296
RPSAP52,0.0
RPSAP9,0.0
RPTN,0.0
RPTOR,0.0
RPUSD1,0.0
RPUSD2,0.0
RPUSD3,0.0
RPUSD4,0.0
RRAD,0.0
RRAGA,0.0
RRAGB,0.0
RRAGC,0.0
RRAGC-DT,0.0
RRAGD,0.0
RRAS,0.0
RRAS2,0.3010300390210042
RRBP1,0.0
RREB1,0.0
RRH,0.0
RRM1,0.0
RRM2,0.0
RRM2B,1.7323937560288407
RRN3,0.6987455449686628
RRN3P1,0.8452582417038353
RRN3P2,0.0
RRN3P3,0.0
RRP1,0.47712120224676535
RRP12,0.0
RRP15,2.503692977164251
RRP1B,0.0
RRP36,0.0
RRP7A,0.0
RRP7BP,0.0
RRP8,0.30103003828649294
RRP9,0.0
RRS1,0.0
RRS1-DT,0.0
RS1,0.0
RSAD1,0.0
RSAD2,0.0
RSBN1,1.1139433458299526
RSBN1L,1.2559820142258078
RSC1A1,0.0
RSF1,0.30102989001261665
RSF1-IT1,0.0
RSKR,0.0
RSL1D1,0.0
RSL24D1,0.0
RSPH1,0.0
RSPH1-DT,0.0
RSPH10B,0.0
RSPH10B2,0.0
RSPH14,0.0
RSPH3,0.0
RSPH4A,0.0
RSPH6A,0.0
RSPH9,0.0
RSPO1,0.0
RSPO2,0.0
RSPO3,0.0
RSPO4,0.0
RSPRY1,0.0
RSRC1,0.0
RSRC2,0.0
RSRP1,0.0
RSU1,0.0
RSU1P2,0.0
RTBDN,0.0
RTCA,1.9395192246266464
RTCA-AS1,0.0
RTCB,0.0
RTEL1,0.0
RTEL1-TNFRSF6B,0.0
RTF1,0.0
RTF2,0.0
RTKN,0.0
RTKN2,0.0
RTL1,0.0
RTL10,2.758911895488108
RTL3,0.0
RTL4,0.0
RTL5,2.3324384552992834
RTL6,0.0
RTL8A,0.0
RTL8B,0.0
RTL8C,0.0
RTL9,0.0
RTN1,1.3802111677360311
RTN2,0.0
RTN3,0.412706507482725
RTN4,1.9867716768949
RTN4IP1,0.0
RTN4R,0.0
RTN4RL1,0.0
RTN4RL2,0.0
RTP1,0.0
RTP2,0.0
RTP3,0.0
RTP4,0.0
RTP5,0.0
RTRAF,0.7781512698781207
RTTN,0.0
RUBCN,2.0530784478516533
RUBCNL,0.0
RUFY1,0.0
RUFY1-2,1.3010299493661523
RUFY1-AS1,0.0
RUFY2,1.9777235940993312
RUFY3,1.4623979847291748
RUFY4,0.0
RUNDC1,0.6020600326567056
RUNDC3A,0.0
RUNDC3A-AS1,0.30103006431645923
RUNDC3B,0.0
RUNX1,0.0
RUNX1-AS1,0.0
RUNX1-IT1,0.0
RUNX1T1,2.271841611276238
RUNX2,0.7781512715507617
RUNX2-AS1,0.0
RUNX3,0.0
RUNX3-AS1,0.0
RUSC1,0.0
RUSC1-AS1,0.0
RUSC2,1.255272490463509
RUSF1,1.3979399889947188
RUSF1-DT,0.0
RUVBL1,2.155335987751209
RUVBL1-AS1,0.0
RUVBL2,0.0
RWDD1,0.0
RWDD2A,0.0
RWDD2B,0.0
RWDD3,0.0
RWDD3-DT,0.0
RWDD4,0.0
RXFP1,0.0
RXFP2,0.0
RXFP3,0.0
RXFP4,0.0
RXRA,0.30103000121120066
RXRB,0.0
RXRB-2,0.0
RXRB-3,0.0
RXRB-4,0.0
RXRB-5,0.0
RXRB-6,0.0
RXRG,0.0
RXYLT1,2.217483895898627
RXYLT1-AS1,0.0
RYBP,0.0
RYBP-2,0.0
RYK,1.5440680254025418
RYR1,0.0
RYR2,0.0
RYR3,0.0
RYR3-DT,0.0
S100A1,0.0
S100A10,0.0
S100A11,0.0
S100A12,0.0
S100A13,0.0
S100A14,0.0
S100A16,0.0
S100A2,0.0
S100A3,0.0
S100A4,0.0
S100A5,0.0
S100A6,0.0
S100A7,0.0
S100A7A,0.0
S100A8,0.0
S100A9,0.0
S100B,0.8450979571117405
S100G,0.0
S100P,0.0
S100PBP,0.0
S100Z,0.3010299467692779
S1PR1,0.0
S1PR1-DT,0.0
S1PR2,0.3010299359947347
S1PR3,0.0
S1PR4,0.0
S1PR5,0.0
SAA1,0.0
SAA2,0.0
SAA2-SAA4,0.0
SAA3P,0.0
SAA4,0.0
SAAL1,0.0
SAC3D1,0.0
SACM1L,0.0
SACS,1.0413926540320695
SACS-AS1,0.0
SAE1,0.0
SAE1P1,0.0
SAFB,0.0
SAFB2,0.0
SAG,0.0
SAG-2,0.0
SAGE1,0.0
SAGE2P,0.0
SALL1,0.0
SALL2,0.0
SALL3,2.724275869991359
SALL4,0.0
SALRNA1,0.0
SALRNA2,0.0
SALRNA3,0.0
SAMD1,0.0
SAMD1-2,0.0
SAMD10,0.0
SAMD11,0.0
SAMD12,0.0
SAMD12-AS1,0.0
SAMD13,0.0
SAMD14,0.0
SAMD15,0.0
SAMD3,0.0
SAMD4A,0.0
SAMD4A-AS1,0.0
SAMD4B,1.505149958950134
SAMD5,0.0
SAMD7,0.0
SAMD8,2.2944662300468046
SAMD9,0.0
SAMD9L,0.0
SAMHD1,0.0
SAMM50,0.0
SAMMSON,0.0
SAMSN1,0.0
SAMSN1-AS1,0.0
SAMTOR,0.0
SANBR,0.0
SAP130,0.0
SAP18,0.0
SAP25,0.0
SAP30,0.0
SAP30-DT,0.0
SAP30BP,0.0
SAP30BP-AS1,0.0
SAP30L,0.0
SAP30L-AS1,0.0
SAPCD1,0.0
SAPCD1-AS1,0.0
SAPCD2,0.6020599931800644
SAR1A,3.04649516481603
SAR1B,0.0
SARAF,2.3424226369209125
SARDH,0.0
SARM1,0.0
SARNP,0.0
SARS1,3.0737183322449626
SARS2,0.0
SART1,0.0
SART3,0.0
SASH1,0.6989700108431104
SASH3,0.0
SASS6,3.269746361290149
SAT1,2.4828734734274995
SAT1-DT,0.0
SAT2,1.079181510372832
SATB1,2.9314578727073486
SATB1-AS1,0.0
SATB2,0.0
SATB2-AS1,0.0
SATL1,0.0
SAV1,0.0
SAXO1,0.0
SAXO2,0.0
SAXO3,0.0
SAXO4,0.0
SAXO5,0.0
SAYSD1,0.0
SBDS,0.47712121473804303
SBDSP1,0.0
SBF1,0.0
SBF1P1,0.3010300167542219
SBF2,0.0
SBF2-AS1,0.0
SBK1,0.0
SBK2,0.0
SBK3,0.0
SBNO1,0.0
SBNO1-AS1,0.0
SBNO2,0.0
SBSN,0.0
SBSPON,0.0
SC5D,2.4361626495601634
SCAANT1,0.0
SCAF1,0.9030899853127087
SCAF11,2.615950052473842
SCAF4,0.6020599964604045
SCAF8,0.30103007007802607
SCAI,0.3010299478945564
SCAMP1,0.0
SCAMP1-AS1,0.0
SCAMP2,2.060697811008748
SCAMP3,0.0
SCAMP3-2,0.0
SCAMP4,0.3010299904170311
SCAMP5,0.0
SCAND1,0.0
SCAND2P,0.0
SCAND3,0.30103003844377274
SCAND3-2,0.0
SCAP,0.0
SCAPER,0.0
SCARA3,0.0
SCARA5,0.0
SCARB1,0.0
SCARB2,2.2227164626871287
SCARF1,0.0
SCARF2,0.0
SCARNA1,0.0
SCARNA10,0.0
SCARNA11,0.0
SCARNA12,0.0
SCARNA13,0.0
SCARNA14,0.0
SCARNA15,0.0
SCARNA16,0.0
SCARNA17,0.0
SCARNA18,0.0
SCARNA18B,0.0
SCARNA2,0.0
SCARNA20,0.0
SCARNA21,0.0
SCARNA21B,0.0
SCARNA22,0.0
SCARNA23,0.0
SCARNA26A,0.0
SCARNA26B,0.0
SCARNA27,0.0
SCARNA28,1.5440709085784476
SCARNA3,0.0
SCARNA4,0.0
SCARNA5,0.0
SCARNA6,0.0
SCARNA7,0.0
SCARNA8,0.0
SCARNA9,0.0
SCARNA9L,0.0
SCART1,0.0
SCAT1,0.0
SCAT2,0.0
SCAT8,0.0
SCCPDH,0.0
SCD,0.0
SCD5,2.3747483258752897
SCEL,0.0
SCEL-AS1,0.0
SCFD1,0.0
SCFD2,1.6023496299431326
SCG2,2.835690540745029
SCG3,1.982271213550853
SCG5,1.5797835055831229
SCG5-AS1,0.0
SCGB1A1,0.0
SCGB1B2P,0.30103000756399506
SCGB1C1,0.0
SCGB1C2,0.0
SCGB1D1,0.0
SCGB1D2,0.0
SCGB1D4,0.0
SCGB2A1,0.0
SCGB2A2,0.0
SCGB2B2,0.0
SCGB2B3P,0.0
SCGB3A1,0.0
SCGB3A2,0.0
SCGN,0.0
SCHIP1,1.92941884816525
SCHLAP1,0.0
SCIMP,0.0
SCIN,0.3010301468493491
SCIRT,0.0
SCLT1,0.0
SCLY,0.0
SCMH1,0.0
SCMH1-DT,0.0
SCML1,2.7634279699384288
SCML2,0.0
SCML4,0.0
SCN10A,0.0
SCN11A,0.0
SCN1A,3.136453220279817
SCN1A-AS1,0.0
SCN1B,0.0
SCN2A,0.3010298387265968
SCN2B,0.0
SCN3A,1.2552725235923727
SCN3B,0.3010300233771993
SCN4A,0.0
SCN4B,0.0
SCN5A,0.0
SCN7A,0.0
SCN8A,0.0
SCN9A,3.0216027234243183
SCNM1,0.0
SCNN1A,0.0
SCNN1B,0.0
SCNN1D,0.0
SCNN1G,0.0
SCO1,0.30102984217923723
SCO2,0.0
SCOC,2.093421638059777
SCOC-AS1,0.0
SCP2,0.30102996975052077
SCP2D1,0.0
SCP2D1-AS1,0.0
SCPEP1,0.0
SCPPPQ1,0.0
SCREEM1,0.0
SCRG1,0.0
SCRIB,0.8450980408186044
SCRN1,1.2787535941885118
SCRN2,0.0
SCRN3,0.0
SCRT1,0.0
SCRT1-2,0.0
SCRT2,0.0
SCT,0.0
SCTR,0.0
SCTR-AS1,0.0
SCUBE1,0.0
SCUBE1-AS1,0.0
SCUBE1-AS2,0.0
SCUBE2,0.0
SCUBE3,2.3617278401663344
SCUBE3-AS1,0.0
SCX,0.0
SCYGR1,0.0
SCYGR10,0.0
SCYGR2,0.0
SCYGR3,0.0
SCYGR4,0.0
SCYGR5,0.0
SCYGR6,0.0
SCYGR7,0.0
SCYGR8,0.0
SCYL1,0.0
SCYL2,3.155032227795059
SCYL3,1.5185139435838382
SDAD1,0.0
SDAD1-AS1,0.0
SDAD1P1,0.0
SDC1,0.0
SDC2,0.5601436533591485
SDC3,1.6627578249617128
SDC4,0.0
SDC4P,0.0
SDCBP,0.0
SDCBP2,0.0
SDCBP2-AS1,0.0
SDCCAG8,0.0
SDE2,0.0
SDF2,0.0
SDF2L1,0.0
SDF4,0.0
SDHA,1.5910645757668054
SDHAF1,0.0
SDHAF2,0.0
SDHAF3,0.0
SDHAF4,0.0
SDHAP1,0.0
SDHAP2,0.0
SDHAP3,0.0
SDHAP4,0.0
SDHB,0.0
SDHC,0.0
SDHD,0.0
SDK1,0.0
SDK1-AS1,0.30125557909711853
SDK2,0.0
SDR16C5,0.0
SDR16C6P,0.0
SDR39U1,0.0
SDR42E1,0.0
SDR42E2,0.0
SDR42E2-2,0.0
SDR9C7,0.0
SDS,0.0
SDSL,0.9542424422796204
SEBOX,0.0
SEC11A,0.0
SEC11C,0.0
SEC13,0.0
SEC14L1,0.0
SEC14L1P1,0.0
SEC14L2,0.0
SEC14L3,0.0
SEC14L4,0.0
SEC14L5,0.0
SEC14L6,0.0
SEC16A,0.0
SEC16B,0.0
SEC1P,0.0
SEC22A,0.0
SEC22B,2.5658478221801153
SEC22B2P,0.0
SEC22B3P,0.0
SEC22C,0.0
SEC23A,0.0
SEC23A-AS1,0.0
SEC23B,0.0
SEC23IP,0.0
SEC24A,0.0
SEC24B,0.0
SEC24B-AS1,0.0
SEC24C,1.0000000051629583
SEC24D,1.113943354503134
SEC31A,0.0
SEC31B,0.0
SEC61A1,0.0
SEC61A2,0.0
SEC61B,0.0
SEC61G,2.064457408586347
SEC61G-DT,0.0
SEC62,1.9731278553376301
SEC63,0.0
SECISBP2,0.0
SECISBP2L,0.9030899973964982
SECTM1,0.0
SEH1L,0.0
SEL1L,0.4771212843361435
SEL1L2,0.0
SEL1L2-2,0.0
SEL1L3,0.0
SELE,0.0
SELENBP1,0.0
SELENOF,0.0
SELENOH,0.47712120390848334
SELENOI,0.0
SELENOK,0.7781511858022224
SELENOKP3,0.0
SELENOM,0.0
SELENON,0.0
SELENOO,0.0
SELENOO-AS1,0.0
SELENOOLP,0.0
SELENOP,0.9939211898885193
SELENOS,0.0
SELENOT,1.1760912464353266
SELENOV,0.0
SELENOW,2.4996873306606595
SELL,0.0
SELP,0.0
SELPLG,0.0
SEM1,2.2148445365248173
SEMA3A,0.0
SEMA3B,0.0
SEMA3B-AS1,0.0
SEMA3C,0.30102989892310417
SEMA3D,0.0
SEMA3E,0.0
SEMA3F,0.0
SEMA3F-AS1,0.0
SEMA3G,0.0
SEMA4A,0.0
SEMA4B,0.0
SEMA4C,0.30102998368993994
SEMA4D,0.0
SEMA4F,0.3010301430244646
SEMA4G,0.0
SEMA5A,1.7634280063363652
SEMA5A-AS1,0.0
SEMA5B,0.0
SEMA6A,1.778151261608085
SEMA6A-AS1,0.0
SEMA6A-AS2,0.0
SEMA6B,0.0
SEMA6C,0.0
SEMA6D,1.6720978572165286
SEMA7A,0.0
SEMA7A-2,0.0
SEMG1,0.0
SEMG2,0.0
SENCR,0.0
SENP1,0.0
SENP2,0.0
SENP3,0.0
SENP3-EIF4A1,0.0
SENP5,0.47712125136644573
SENP6,0.0
SENP7,0.0
SENP8,0.0
SEPHS1,0.0
SEPHS2,2.501059226636229
SEPSECS,0.0
SEPSECS-AS1,0.0
SEPT5-GP1BB,0.0
SEPTIN1,0.0
SEPTIN10,0.0
SEPTIN11,0.9944163239712671
SEPTIN12,0.0
SEPTIN14,0.0
SEPTIN14P20,0.0
SEPTIN14P23,1.9395194886289548
SEPTIN14P6,0.0
SEPTIN2,3.0425754956115467
SEPTIN3,0.0
SEPTIN4,0.0
SEPTIN4-AS1,0.0
SEPTIN5,0.0
SEPTIN6,0.0
SEPTIN7,0.0
SEPTIN7-DT,1.6720978847423087
SEPTIN7P11,0.0
SEPTIN7P13,0.0
SEPTIN7P14,0.0
SEPTIN7P2,0.4771212552393508
SEPTIN7P9,0.0
SEPTIN8,2.269512932861984
SEPTIN9,0.0
SEPTIN9-DT,0.0
SERAC1,0.0
SERBP1,0.0
SERF1A,0.0
SERF1A-2,0.0
SERF1B,0.0
SERF2,0.0
SERF2-C15ORF63,0.0
SERGEF,0.0
SERHL,0.0
SERHL2,0.0
SERINC1,0.0
SERINC2,0.0
SERINC3,1.1139433487092314
SERINC4,0.0
SERINC5,2.7126497041692716
SERP1,0.0
SERP2,1.4771215038412275
SERPINA1,0.0
SERPINA1-2,0.0
SERPINA10,0.0
SERPINA10-2,0.0
SERPINA11,0.0
SERPINA12,0.0
SERPINA13P,0.0
SERPINA2,0.0
SERPINA2-2,0.0
SERPINA3,0.0
SERPINA4,0.0
SERPINA5,0.0
SERPINA6,0.0
SERPINA6-2,0.0
SERPINA7,0.0
SERPINA9,0.0
SERPINB1,0.0
SERPINB10,0.0
SERPINB11,0.0
SERPINB12,0.0
SERPINB13,0.0
SERPINB2,0.0
SERPINB3,0.0
SERPINB4,0.0
SERPINB5,0.0
SERPINB6,0.4771212158523964
SERPINB7,0.0
SERPINB8,0.0
SERPINB9,0.0
SERPINB9-AS1,0.0
SERPINB9P1,0.0
SERPINC1,0.0
SERPIND1,0.0
SERPINE1,0.0
SERPINE2,2.5365584043957052
SERPINE3,0.0
SERPINF1,0.0
SERPINF1-2,0.0
SERPINF2,0.0
SERPINF2-2,0.0
SERPING1,0.0
SERPINH1,0.0
SERPINI1,0.0
SERPINI2,0.0
SERTAD1,0.0
SERTAD2,0.0
SERTAD3,0.0
SERTAD3-AS1,0.0
SERTAD4,0.3010299094064723
SERTAD4-2,0.0
SERTAD4-AS1,0.0
SERTAD4BP,2.4548441650057935
SERTM1,0.0
SERTM2,0.0
SESN1,0.0
SESN2,2.2455126536000414
SESN2-2,0.0
SESN3,0.3010297028202236
SESTD1,0.0
SET,2.460897814651973
SETBP1,0.8850766320874487
SETBP1-DT,0.0
SETD1A,0.0
SETD1B,0.0
SETD2,0.0
SETD3,0.0
SETD4,0.0
SETD4-AS1,0.0
SETD5,2.589949599887203
SETD6,0.0
SETD7,0.0
SETD9,0.0
SETDB1,1.6020599076640951
SETDB2,0.0
SETDB2-PHF11,0.0
SETMAR,0.0
SETSIP,0.0
SETX,0.8450980476570746
SEZ6,0.0
SEZ6L,2.1875207219347064
SEZ6L-AS1,0.0
SEZ6L2,0.0
SF1,1.0413926647178287
SF3A1,0.0
SF3A2,0.0
SF3A3,0.0
SF3B1,1.9956351747760366
SF3B2,0.9999999818509778
SF3B3,0.0
SF3B4,1.9777235415038337
SF3B5,0.8450977559714445
SF3B6,1.5051499677777507
SFI1,0.0
SFMBT1,0.0
SFMBT2,0.47712137331354354
SFN,0.0
SFPQ,2.408239973592391
SFR1,0.0
SFRP1,0.0
SFRP2,0.0
SFRP4,0.0
SFRP5,0.0
SFSWAP,0.0
SFT2D1,1.2304488134570577
SFT2D2,0.6989700129946738
SFT2D3,0.0
SFTA1P,0.0
SFTA2,0.0
SFTA3,0.0
SFTPA1,0.0
SFTPA2,0.0
SFTPB,0.0
SFTPC,0.0
SFTPD,0.0
SFXN1,0.4771212314733331
SFXN2,0.0
SFXN3,0.0
SFXN4,0.0
SFXN5,0.0
SGCA,0.0
SGCB,0.6989700019506312
SGCD,2.149219118683045
SGCE,0.0
SGCG,0.0
SGCZ,0.0
SGF29,0.0
SGIP1,1.6901960178984239
SGK1,2.416640480553451
SGK2,0.0
SGK3,0.9030899808514707
SGMS1,2.9661417506555567
SGMS1-AS1,0.0
SGMS2,0.0
SGO1,0.0
SGO1-AS1,0.0
SGO2,0.0
SGPL1,1.5682017272603517
SGPP1,3.000434061375997
SGPP2,0.30102998491369903
SGSH,0.0
SGSM1,0.0
SGSM2,0.0
SGSM3,0.0
SGTA,0.0
SGTB,0.0
SH2B1,0.0
SH2B2,0.0
SH2B3,0.0
SH2D1A,0.0
SH2D1B,0.0
SH2D2A,0.0
SH2D3A,0.0
SH2D3C,0.0
SH2D4A,0.0
SH2D4B,0.0
SH2D5,0.0
SH2D6,0.0
SH2D7,0.0
SH3BGR,0.0
SH3BGRL,0.9030899332949632
SH3BGRL2,1.1760912643388157
SH3BGRL3,0.0
SH3BP1,0.0
SH3BP2,0.0
SH3BP4,0.0
SH3BP5,0.0
SH3BP5-AS1,0.47712128515636354
SH3BP5L,0.0
SH3D19,3.069298003675292
SH3D21,0.0
SH3GL1,0.3010300118456174
SH3GL1P1,0.0
SH3GL1P2,0.0
SH3GL2,0.0
SH3GL3,0.0
SH3GL3-2,0.0
SH3GLB1,1.5314789173785919
SH3GLB2,0.0
SH3KBP1,0.0
SH3PXD2A,0.0
SH3PXD2A-AS1,0.0
SH3PXD2B,0.6989699650828463
SH3RF1,0.0
SH3RF2,0.7240098093255132
SH3RF3,0.0
SH3RF3-AS1,0.0
SH3TC1,0.0
SH3TC2,0.0
SH3TC2-DT,0.0
SH3YL1,0.0
SHANK1,0.0
SHANK2,0.0
SHANK2-AS1,0.0
SHANK2-AS3,0.0
SHANK3,0.0
SHARPIN,0.0
SHB,0.0
SHBG,0.0
SHC1,0.5747708513665524
SHC2,0.3010299727749299
SHC3,2.6954816852615835
SHC4,0.9999999745531747
SHCBP1,0.0
SHCBP1L,0.0
SHD,0.0
SHE,0.0
SHF,0.0
SHFL,0.0
SHH,0.0
SHISA2,0.0
SHISA3,0.0
SHISA4,0.0
SHISA5,0.0
SHISA6,0.0
SHISA7,0.0
SHISA8,0.0
SHISA9,0.0
SHISAL1,0.3010300995374199
SHISAL2A,0.0
SHISAL2B,0.0
SHKBP1,0.0
SHLD1,0.0
SHLD2,0.0
SHLD2P1,0.0
SHLD2P3,0.0
SHLD3,2.1492190488330323
SHMT1,0.0
SHMT1-2,0.0
SHMT2,0.0
SHOC1,0.0
SHOC2,0.0
SHOX,0.4771212256115211
SHOX2,0.0
SHPK,0.0
SHPRH,0.6128467024419088
SHQ1,0.0
SHROOM1,0.6043809937931346
SHROOM2,0.0
SHROOM3,0.0
SHROOM3-AS1,0.0
SHROOM4,0.0
SHTN1,0.0
SI,0.0
SIAE,0.0
SIAH1,1.9065859361774313
SIAH2,0.0
SIAH2-AS1,0.0
SIAH3,0.0
SIDT1,0.0
SIDT1-AS1,0.0
SIDT2,0.0
SIGIRR,0.0
SIGLEC1,0.0
SIGLEC10,0.0
SIGLEC10-AS1,0.0
SIGLEC11,0.0
SIGLEC12,0.0
SIGLEC14,0.0
SIGLEC15,0.0
SIGLEC16,0.0
SIGLEC17P,0.0
SIGLEC5,0.0
SIGLEC6,0.0
SIGLEC7,0.0
SIGLEC8,0.0
SIGLEC9,0.0
SIGLECL1,0.0
SIGMAR1,0.0
SIK1,0.0
SIK2,0.0
SIK3,2.158362486609453
SIKE1,2.4502491059681724
SIL1,0.0
SILC1,0.0
SIM1,0.0
SIM1-AS1,0.0
SIM2,0.0
SIMALR,0.0
SIMC1,0.0
SIMC1P1,0.0
SIN3A,2.1553360319646857
SIN3B,0.0
SINHCAF,0.0
SINHCAF-2,0.0
SIPA1,0.0
SIPA1L1,0.0
SIPA1L1-AS1,0.0
SIPA1L2,2.298853078110456
SIPA1L3,0.0
SIRLNT,0.0
SIRPA,0.0
SIRPB1,0.0
SIRPB2,0.0
SIRPB3P,0.0
SIRPD,0.0
SIRPG,0.0
SIRPG-AS1,0.0
SIRT1,0.0
SIRT2,0.17609128169649224
SIRT2-2,0.17609128169649224
SIRT3,0.0
SIRT4,0.0
SIRT5,1.8214181897635593
SIRT6,0.4771211972174623
SIRT7,0.0
SIT1,0.0
SIVA1,0.0
SIX1,0.0
SIX2,0.0
SIX3,0.0
SIX3-AS1,0.0
SIX4,0.0
SIX5,0.0
SIX6,0.0
SKA1,0.0
SKA2,0.3010300009291569
SKA3,0.3010300282807681
SKAP1,0.0
SKAP1-AS2,0.0
SKAP2,0.0
SKI,0.0
SKIC2,0.0
SKIC2-2,0.0
SKIC2-3,0.0
SKIC2-4,0.0
SKIC2-5,0.0
SKIC2-6,0.0
SKIC3,2.7151673574600736
SKIC8,0.0
SKIDA1,0.0
SKIL,1.7989218598160823
SKINT1L,0.0
SKOR1,0.0
SKOR1-AS1,0.0
SKOR2,0.0
SKP1,0.0
SKP1P2,0.0
SKP2,0.0
SLA,0.0
SLA2,0.0
SLAIN1,1.9493899730480806
SLAIN2,0.9545593722571196
SLAMF1,0.0
SLAMF6,0.0
SLAMF7,0.0
SLAMF8,0.0
SLAMF9,0.0
SLBP,1.591064551130925
SLC10A1,0.0
SLC10A2,0.0
SLC10A3,0.0
SLC10A4,1.5910645696140135
SLC10A5,0.0
SLC10A6,0.0
SLC10A7,0.0
SLC11A1,0.0
SLC11A2,0.0
SLC12A1,0.0
SLC12A2,1.4623979947972998
SLC12A2-DT,0.0
SLC12A3,0.0
SLC12A4,0.0
SLC12A5,0.0
SLC12A5-AS1,0.0
SLC12A6,0.0
SLC12A7,0.0
SLC12A7-2,0.0
SLC12A8,0.0
SLC12A9,0.0
SLC12A9-AS1,0.0
SLC13A1,0.0
SLC13A2,0.0
SLC13A3,0.0
SLC13A4,1.0791812194649293
SLC13A5,0.0
SLC14A1,0.0
SLC14A2,0.0
SLC14A2-AS1,0.0
SLC14A2-AS1-2,0.0
SLC15A1,0.0
SLC15A2,0.0
SLC15A3,0.0
SLC15A4,0.4771213813143429
SLC15A5,0.0
SLC16A1,1.982271222550228
SLC16A1-2,0.0
SLC16A1-AS1,0.0
SLC16A10,0.0
SLC16A11,0.0
SLC16A12,0.0
SLC16A12-AS1,0.0
SLC16A13,0.0
SLC16A14,0.4771212521999799
SLC16A2,0.0
SLC16A3,0.6020599626873826
SLC16A4,0.0
SLC16A5,0.0
SLC16A6,0.0
SLC16A7,0.4800877329345034
SLC16A8,0.0
SLC16A9,0.0
SLC17A1,0.0
SLC17A2,0.0
SLC17A3,0.0
SLC17A4,0.0
SLC17A5,0.0
SLC17A6,0.0
SLC17A6-DT,0.0
SLC17A7,0.0
SLC17A8,0.0
SLC17A9,0.0
SLC18A1,0.0
SLC18A2,0.0
SLC18A2-AS1,0.0
SLC18A3,0.0
SLC18B1,0.0
SLC19A1,0.0
SLC19A1-2,0.0
SLC19A2,0.0
SLC19A3,0.0
SLC19A4P,0.0
SLC1A1,1.113943342503534
SLC1A2,0.7781513019670625
SLC1A2-AS1,0.0
SLC1A2-AS2,0.0
SLC1A3,2.1931245850224865
SLC1A3-AS1,1.5910645828060401
SLC1A4,0.0
SLC1A5,0.0
SLC1A6,0.0
SLC1A7,0.0
SLC20A1,0.0
SLC20A1-DT,0.0
SLC20A2,0.0
SLC22A1,0.0
SLC22A10,0.0
SLC22A11,0.0
SLC22A12,0.0
SLC22A13,0.0
SLC22A14,0.0
SLC22A15,0.3010298857659836
SLC22A16,0.0
SLC22A17,0.0
SLC22A18,0.30103002908764803
SLC22A18-2,0.0
SLC22A18AS,0.0
SLC22A2,0.0
SLC22A20P,0.0
SLC22A23,0.0
SLC22A24,0.0
SLC22A25,0.0
SLC22A3,0.0
SLC22A31,0.0
SLC22A4,0.0
SLC22A5,0.0
SLC22A6,0.0
SLC22A7,0.0
SLC22A8,0.0
SLC22A9,0.0
SLC23A1,0.0
SLC23A2,0.0
SLC23A3,0.0
SLC24A1,1.3424226773966335
SLC24A2,0.0
SLC24A3,0.0
SLC24A3-AS1,0.0
SLC24A4,0.0
SLC24A5,0.0
SLC25A1,0.0
SLC25A10,0.0
SLC25A11,0.0
SLC25A12,0.6532124811483074
SLC25A12-2,0.6532124811483074
SLC25A13,0.0
SLC25A14,0.0
SLC25A15,0.0
SLC25A16,0.0
SLC25A17,1.4313637214537955
SLC25A18,0.0
SLC25A19,0.0
SLC25A2,0.0
SLC25A20,0.0
SLC25A21,0.0
SLC25A21-AS1,0.0
SLC25A22,0.0
SLC25A23,0.0
SLC25A24,1.6812412291826173
SLC25A25,0.0
SLC25A25-AS1,0.30102992131022016
SLC25A26,1.2269067995778702
SLC25A26-2,0.0
SLC25A27,1.7853298055922082
SLC25A28,2.2878016341864758
SLC25A28-DT,0.0
SLC25A29,0.0
SLC25A3,2.079181245417449
SLC25A30,0.6020599684312846
SLC25A30-AS1,0.0
SLC25A31,0.0
SLC25A32,0.0
SLC25A33,0.3010300384296906
SLC25A34,0.0
SLC25A34-AS1,0.0
SLC25A35,0.0
SLC25A36,2.1139433480029917
SLC25A37,0.0
SLC25A38,0.0
SLC25A39,0.0
SLC25A3P1,0.0
SLC25A4,0.0
SLC25A40,0.0
SLC25A41,0.0
SLC25A42,0.0
SLC25A43,0.0
SLC25A44,2.190331673499809
SLC25A45,0.0
SLC25A46,1.3802112414301906
SLC25A47,0.0
SLC25A48,0.0
SLC25A48-AS1,0.0
SLC25A5,0.0
SLC25A5-AS1,0.0
SLC25A51,0.0
SLC25A51P1,0.0
SLC25A51P4,0.0
SLC25A52,0.0
SLC25A53,0.0
SLC25A6,1.2787535366416447
SLC26A1,0.0
SLC26A10P,0.30102998883561677
SLC26A11,0.0
SLC26A2,0.0
SLC26A3,0.0
SLC26A4,0.0
SLC26A4-AS1,0.0
SLC26A5,0.0
SLC26A5-AS1,0.0
SLC26A6,0.0
SLC26A7,0.0
SLC26A8,0.0
SLC26A9,0.0
SLC26A9-AS1,0.0
SLC27A1,0.0
SLC27A2,0.0
SLC27A3,0.0
SLC27A4,0.0
SLC27A5,0.0
SLC27A6,0.0
SLC28A1,0.0
SLC28A2,0.0
SLC28A2-AS1,0.0
SLC28A3,0.0
SLC28A3-AS1,0.0
SLC29A1,0.0
SLC29A2,0.0
SLC29A3,1.653212479666675
SLC29A4,0.0
SLC2A1,0.0
SLC2A1-DT,0.0
SLC2A10,0.0
SLC2A11,0.0
SLC2A12,0.0
SLC2A13,2.4502491106035467
SLC2A14,0.0
SLC2A2,0.0
SLC2A3,0.0
SLC2A4,0.0
SLC2A4RG,0.0
SLC2A5,0.0
SLC2A6,0.0
SLC2A6-2,0.0
SLC2A7,0.0
SLC2A8,0.0
SLC2A9,0.301030246259082
SLC2A9-AS1,0.0
SLC30A1,2.6646419761217723
SLC30A10,0.0
SLC30A2,0.0
SLC30A3,0.0
SLC30A4,0.0
SLC30A4-AS1,0.0
SLC30A5,0.0
SLC30A6,1.832508908358939
SLC30A6-DT,0.0
SLC30A7,2.3463380407737966
SLC30A8,0.0
SLC30A9,0.3010300364992411
SLC31A1,0.0
SLC31A2,0.0
SLC32A1,0.0
SLC33A1,0.0
SLC34A1,0.0
SLC34A2,0.0
SLC34A3,0.0
SLC35A1,0.0
SLC35A2,0.0
SLC35A3,0.0
SLC35A4,0.0
SLC35A5,0.6020599798245339
SLC35B1,0.0
SLC35B2,0.0
SLC35B3,0.0
SLC35B4,0.0
SLC35C1,0.0
SLC35C2,0.0
SLC35D1,0.8450980722433187
SLC35D2,0.0
SLC35D2-HSD17B3,0.0
SLC35D3,0.0
SLC35E1,0.0
SLC35E2A,1.9960496159962486
SLC35E2B,1.6117815479589346
SLC35E3,0.30152422725746203
SLC35E4,0.30103001815642405
SLC35F1,2.436162639485327
SLC35F2,0.0
SLC35F3,0.0
SLC35F3-AS1,0.0
SLC35F4,0.0
SLC35F5,2.1846914392505616
SLC35F6,0.0
SLC35G1,0.0
SLC35G2,0.0
SLC35G3,0.0
SLC35G4,0.0
SLC35G5,0.0
SLC35G6,0.0
SLC35G6-2,0.0
SLC36A1,0.0
SLC36A2,0.0
SLC36A3,0.0
SLC36A4,0.3010299849467252
SLC37A1,0.0
SLC37A2,0.0
SLC37A3,0.0
SLC37A4,2.4800069061500274
SLC38A1,1.2041199900353696
SLC38A10,1.5797835880052054
SLC38A11,0.0
SLC38A2,2.1583624846679874
SLC38A2-AS1,0.0
SLC38A3,0.0
SLC38A4,0.0
SLC38A4-AS1,0.0
SLC38A5,0.0
SLC38A6,0.0
SLC38A7,0.0
SLC38A8,0.0
SLC38A9,0.0
SLC39A1,0.3010300122368103
SLC39A10,0.0
SLC39A11,0.0
SLC39A12,0.0
SLC39A12-AS1,0.0
SLC39A13,0.0
SLC39A13-AS1,0.0
SLC39A14,0.0
SLC39A2,0.0
SLC39A3,0.4771212042232702
SLC39A4,0.0
SLC39A4-2,0.0
SLC39A5,0.0
SLC39A6,0.0
SLC39A7,0.0
SLC39A8,0.0
SLC39A9,1.0791812132466716
SLC3A1,0.0
SLC3A2,0.0
SLC40A1,0.0
SLC41A1,0.3010300276920167
SLC41A2,3.067814506038926
SLC41A3,0.0
SLC43A1,0.0
SLC43A2,0.0
SLC43A3,0.0
SLC44A1,3.0174507385079203
SLC44A2,0.9542424985429047
SLC44A3,0.0
SLC44A3-AS1,0.4331178027119399
SLC44A4,0.0
SLC44A5,0.0
SLC45A1,0.0
SLC45A2,0.0
SLC45A3,0.0
SLC45A4,0.0
SLC45A4-AS1,0.0
SLC46A1,0.0
SLC46A2,0.0
SLC46A3,0.0
SLC47A1,0.0
SLC47A1P2,0.0
SLC47A2,0.0
SLC48A1,2.3961993262428125
SLC49A3,0.0
SLC49A4,0.0
SLC4A1,0.0
SLC4A10,2.414973344424411
SLC4A11,0.0
SLC4A1AP,1.3222192722938297
SLC4A2,0.0
SLC4A3,0.0
SLC4A4,0.0
SLC4A5,0.0
SLC4A7,0.0
SLC4A8,0.0
SLC4A8-AS1,0.0
SLC4A9,0.0
SLC50A1,0.30102994208400385
SLC51A,0.0
SLC51B,0.0
SLC52A1,0.0
SLC52A2,0.0
SLC52A2-2,0.0
SLC52A3,0.0
SLC5A1,0.0
SLC5A10,0.0
SLC5A11,0.0
SLC5A11-2,0.0
SLC5A12,0.0
SLC5A2,0.0
SLC5A3,0.0
SLC5A4,0.0
SLC5A4-AS1,0.0
SLC5A5,0.0
SLC5A6,0.0
SLC5A7,0.4771213082707876
SLC5A8,0.0
SLC5A8-2,0.0
SLC5A9,0.0
SLC66A1,0.0
SLC66A1LP,0.0
SLC66A2,0.0
SLC66A3,0.0
SLC6A1,0.0
SLC6A1-AS1,0.0
SLC6A10P,0.0
SLC6A10PB,0.0
SLC6A11,0.0
SLC6A12,0.0
SLC6A12-AS1,0.0
SLC6A13,0.0
SLC6A14,0.0
SLC6A15,0.0
SLC6A16,0.6020599663318638
SLC6A17,0.0
SLC6A17-AS1,0.0
SLC6A18,0.0
SLC6A19,0.0
SLC6A2,0.0
SLC6A20,0.0
SLC6A3,0.0
SLC6A4,0.0
SLC6A5,0.0
SLC6A6,0.0
SLC6A7,0.0
SLC6A8,0.0
SLC6A9,0.0
SLC7A1,2.4983105579065135
SLC7A10,0.8374448851574792
SLC7A11,0.0
SLC7A11-AS1,0.0
SLC7A13,0.0
SLC7A14,0.0
SLC7A14-AS1,0.0
SLC7A2,0.0
SLC7A3,0.0
SLC7A4,0.0
SLC7A5,0.0
SLC7A5P2,0.0
SLC7A6,0.0
SLC7A6OS,0.0
SLC7A7,0.0
SLC7A8,1.83250890225444
SLC7A9,0.0
SLC8A1,0.0
SLC8A1-AS1,0.0
SLC8A2,0.0
SLC8A3,0.0
SLC8B1,0.0
SLC9A1,0.0
SLC9A2,0.0
SLC9A3,0.0
SLC9A3-AS1,0.0
SLC9A3-OT1,2.344392220778898
SLC9A3R1-AS1,0.0
SLC9A4,0.30103002690561814
SLC9A5,0.0
SLC9A6,0.0
SLC9A7,0.0
SLC9A7P1,0.0
SLC9A8,0.0
SLC9A9,0.0
SLC9A9-AS1,0.0
SLC9B1,0.0
SLC9B2,0.0
SLC9C1,0.0
SLC9C1-2,0.0
SLC9C2,0.0
SLCO1A2,0.0
SLCO1B1,0.0
SLCO1B3,0.0
SLCO1B3-SLCO1B7,0.0
SLCO1C1,0.0
SLCO2A1,0.0
SLCO2B1,0.0
SLCO3A1,0.0
SLCO4A1,0.0
SLCO4A1-AS1,0.0
SLCO4A1-AS2,0.0
SLCO4C1,0.0
SLCO5A1,0.0
SLCO5A1-AS1,0.5759517975027878
SLCO6A1,0.0
SLEAR,0.0
SLED1,0.0
SLF1,1.4771212459634981
SLF2,0.0
SLFN11,0.0
SLFN12,0.0
SLFN12L,0.0
SLFN13,0.0
SLFN14,0.0
SLFN5,0.0
SLFNL1,0.0
SLFNL1-AS1,0.0
SLIRP,0.3010298949919691
SLIT1,0.0
SLIT1-AS1,0.0
SLIT2,0.0
SLIT2-IT1,0.0
SLIT3,0.0
SLIT3-AS1,0.0
SLIT3-AS2,0.0
SLITRK1,1.8633228545392977
SLITRK2,2.037426488516481
SLITRK3,0.0
SLITRK4,0.0
SLITRK5,0.0
SLITRK6,0.0
SLK,0.0
SLMAP,0.3010300272887896
SLMO2-ATP5E,0.0
SLN,0.0
SLPI,0.0
SLTM,1.2304489058274912
SLU7,2.049218011953942
SLURP1,0.0
SLURP2,0.0
SLX1A,0.0
SLX1A-SULT1A3,0.0
SLX1B,0.0
SLX1B-SULT1A4,0.0
SLX4,0.0
SLX4IP,1.2304489224188997
SLX9,0.0
SMAD1,0.602059885059994
SMAD1-AS1,0.0
SMAD1-AS2,0.0
SMAD2,1.623710994186975
SMAD3,2.045322976859517
SMAD3-AS1,0.0
SMAD3-DT,0.0
SMAD4,0.0
SMAD5,0.0
SMAD5-AS1,0.0
SMAD6,0.0
SMAD7,0.0
SMAD9,0.0
SMAGP,0.0
SMANTIS,0.0
SMAP1,0.0
SMAP2,0.0
SMARCA1,0.0
SMARCA2,0.0
SMARCA4,0.0
SMARCA5,0.0
SMARCA5-AS1,0.0
SMARCAD1,2.2671716859278237
SMARCAD1-DT,0.0
SMARCAL1,0.0
SMARCAL1-AS1,0.0
SMARCB1,0.0
SMARCC1,0.0
SMARCC2,0.47712126598897436
SMARCD1,1.8750612451916555
SMARCD2,0.0
SMARCD3,0.6020599408908136
SMARCE1,0.0
SMASR,0.0
SMC1A,0.0
SMC1B,0.0
SMC2,0.3010299736051062
SMC2-DT,0.0
SMC3,0.0
SMC4,0.0
SMC5,0.0
SMC5-DT,0.0
SMC6,0.30102999940713704
SMCHD1,0.0
SMCO1,0.0
SMCO2,0.0
SMCO3,0.0
SMCO4,0.0
SMCP,0.0
SMCR2,0.0
SMCR5,0.0
SMCR8,0.0
SMDT1,0.0
SMDT1-2,0.0
SMDT1-3,0.0
SMDT1-4,0.0
SMG1,0.3194655017707219
SMG1-DT,0.0
SMG1P1,0.0
SMG1P2,0.8236202992413575
SMG1P3,2.0397141928433653
SMG1P5,0.0
SMG1P6,1.944707892736415
SMG1P7,0.0
SMG5,0.0
SMG6,0.0
SMG7,0.3010300973761278
SMG7-AS1,0.0
SMG8,0.0
SMG9,0.0
SMILR,0.0
SMIM1,0.0
SMIM10,0.0
SMIM10L1,0.0
SMIM10L2A,0.0
SMIM10L2B,0.0
SMIM10L2B-AS1,0.0
SMIM10L3,0.6532124818777465
SMIM11,0.0
SMIM12,0.30103003747415175
SMIM13,0.0
SMIM14,0.0
SMIM14-DT,0.3010299529519079
SMIM15,0.0
SMIM15-AS1,0.0
SMIM17,2.74193904938796
SMIM18,0.0
SMIM19,0.0
SMIM2,0.0
SMIM2-AS1,0.0
SMIM2-IT1,0.0
SMIM20,0.0
SMIM21,0.0
SMIM22,0.0
SMIM23,0.0
SMIM24,0.0
SMIM26,0.0
SMIM27,0.0
SMIM28,0.0
SMIM29,0.0
SMIM3,0.0
SMIM30,0.0
SMIM31,0.0
SMIM32,0.0
SMIM33,0.0
SMIM34,0.0
SMIM35,0.0
SMIM36,0.0
SMIM38,0.0
SMIM39,0.0
SMIM40,0.0
SMIM41,0.0
SMIM42,0.0
SMIM43,0.0
SMIM44,0.0
SMIM45,0.0
SMIM46,0.0
SMIM47,0.0
SMIM5,0.0
SMIM6,0.0
SMIM7,0.0
SMIM8,0.0
SMIM9,0.0
SMKR1,0.0
SMLR1,0.0
SMN-AS1,0.0
SMN1,0.0
SMN1-2,0.0
SMN1-3,1.0293209848928868
SMN1-4,0.0
SMN2,0.0
SMN2-2,0.0
SMN2-3,0.0
SMNDC1,0.0
SMO,0.0
SMOC1,0.4771212561542978
SMOC2,0.0
SMOX,0.0
SMPD1,1.2552724554510037
SMPD2,0.0
SMPD3,1.2041199915881624
SMPD4,0.0
SMPD4-2,0.0
SMPD4BP,0.30103006035332514
SMPD5,0.0
SMPDL3A,0.0
SMPDL3B,0.0
SMPX,0.0
SMR3A,0.0
SMR3B,0.0
SMS,0.0
SMTN,0.0
SMTNL1,0.0
SMTNL2,0.0
SMU1,2.404833719045632
SMUG1,0.0
SMUG1-AS1,0.0
SMURF1,2.149219111842091
SMURF2,0.0
SMURF2P1-LRRC37BP1,0.7997650354199423
SMYD1,0.0
SMYD2,0.0
SMYD3,0.0
SMYD3-AS1,0.0
SMYD3-IT1,0.0
SMYD4,0.0
SMYD5,0.0
SNAI1,0.0
SNAI2,0.0
SNAI3,0.0
SNAI3-AS1,0.0
SNAP23,0.0
SNAP25,2.20951503075179
SNAP25-AS1,0.0
SNAP29,0.0
SNAP47,0.0
SNAP91,0.0
SNAPC1,0.4771212310759392
SNAPC2,0.0
SNAPC3,2.3617278094977507
SNAPC4,0.0
SNAPC5,0.3010299603025704
SNAPIN,0.0
SNAR-A1,0.0
SNAR-A10,0.0
SNAR-A11,0.0
SNAR-A12,0.0
SNAR-A13,0.0
SNAR-A14,0.0
SNAR-A2,0.0
SNAR-A3,0.0
SNAR-A4,0.0
SNAR-A5,0.0
SNAR-A6,0.0
SNAR-A7,0.0
SNAR-A8,0.0
SNAR-A9,0.0
SNAR-B1,0.0
SNAR-B2,0.0
SNAR-C1,0.0
SNAR-C2,0.0
SNAR-C3,0.0
SNAR-C4,0.0
SNAR-C5,0.0
SNAR-D,0.0
SNAR-E,0.0
SNAR-F,0.0
SNAR-G1,0.0
SNAR-G2,0.0
SNAR-H,0.0
SNAR-I,0.0
SNCA,0.0
SNCA-AS1,0.0
SNCAIP,1.7492955950804794
SNCB,1.3617277592928683
SNCG,0.0
SND1,0.0
SND1-DT,0.0
SND1-IT1,0.0
SNED1,0.0
SNED1-AS1,0.0
SNF8,0.0
SNHG1,0.0
SNHG10,0.0
SNHG11,0.9542424133116452
SNHG12,0.0
SNHG14,0.0
SNHG15,0.0
SNHG16,0.0
SNHG17,0.0
SNHG18,0.0
SNHG19,0.0
SNHG20,0.0
SNHG21,0.0
SNHG22,0.0
SNHG25,0.0
SNHG26,0.0
SNHG27,0.0
SNHG28,0.0
SNHG29,1.322219366806528
SNHG3,0.0
SNHG30,0.0
SNHG31,0.0
SNHG32,0.0
SNHG33,0.0
SNHG4,0.0
SNHG5,0.0
SNHG6,0.0
SNHG7,0.0
SNHG8,0.0
SNHG9,0.0
SNIP1,0.47712125980162295
SNN,0.477121255317408
SNORA1,0.0
SNORA10,0.0
SNORA100,0.5702064326386188
SNORA101A,0.0
SNORA101B,0.0
SNORA103,0.0
SNORA104,0.0
SNORA105A,0.0
SNORA105B,0.0
SNORA105C,0.0
SNORA107,0.0
SNORA108,0.0
SNORA109,0.3010318823878167
SNORA10B,0.0
SNORA11,0.0
SNORA110,0.0
SNORA111,0.0
SNORA112,0.0
SNORA113,0.0
SNORA114,0.0
SNORA115,0.0
SNORA116,0.0
SNORA117,0.0
SNORA118,0.0
SNORA119,0.0
SNORA11B,0.0
SNORA11C,0.0
SNORA11D,0.0
SNORA11E,0.0
SNORA11F,0.0
SNORA11G,0.0
SNORA12,0.0
SNORA120,0.0
SNORA13,0.0
SNORA14A,0.0
SNORA14B,0.0
SNORA15,0.0
SNORA15B-1,0.0
SNORA15B-2,0.0
SNORA16A,0.0
SNORA16B,0.0
SNORA17A,0.0
SNORA17B,0.0
SNORA18,0.0
SNORA19,0.0
SNORA1B,0.0
SNORA20,0.0
SNORA20B,0.0
SNORA21,0.0
SNORA21B,0.0
SNORA22,0.0
SNORA22B,0.0
SNORA22C,0.0
SNORA23,0.0
SNORA24,0.0
SNORA24B,0.0
SNORA25,0.0
SNORA25B,0.0
SNORA26,0.0
SNORA27,0.0
SNORA28,0.0
SNORA29,0.0
SNORA2A,0.0
SNORA2B,0.0
SNORA2C,0.0
SNORA30,0.0
SNORA30B,0.0
SNORA31,0.0
SNORA31B,0.0
SNORA32,0.0
SNORA33,0.0
SNORA35,0.0
SNORA35B,0.0
SNORA36A,0.0
SNORA36B,0.0
SNORA36C,0.0
SNORA37,0.0
SNORA38,0.0
SNORA38B,0.0
SNORA3A,0.0
SNORA3B,0.0
SNORA3C,0.0
SNORA4,0.0
SNORA40,0.0
SNORA40B,0.0
SNORA40C,0.0
SNORA41,0.0
SNORA41B,0.0
SNORA44,0.0
SNORA46,0.0
SNORA47,0.0
SNORA48,0.0
SNORA48B,0.0
SNORA49,0.0
SNORA50A,0.0
SNORA50B,0.0
SNORA50C,0.0
SNORA50D,0.0
SNORA51,0.0
SNORA52,0.0
SNORA53,0.0
SNORA54,0.0
SNORA55,0.0
SNORA56,0.0
SNORA57,0.0
SNORA58,0.0
SNORA58B,0.0
SNORA59A,0.0
SNORA59B,0.0
SNORA5A,0.0
SNORA5B,0.0
SNORA5C,0.0
SNORA6,0.0
SNORA60,0.0
SNORA61,0.0
SNORA62,0.0
SNORA63,0.0
SNORA63B,0.0
SNORA63C,0.0
SNORA63D,0.0
SNORA63E,0.0
SNORA64,0.0
SNORA65,0.0
SNORA66,0.0
SNORA67,0.0
SNORA68,0.0
SNORA68B,0.0
SNORA69,0.0
SNORA70,0.0
SNORA70B,0.0
SNORA70C,0.0
SNORA70D,0.0
SNORA70E,0.0
SNORA70F,0.0
SNORA70G,0.0
SNORA70H,0.0
SNORA70I,0.0
SNORA70J,0.0
SNORA71A,0.0
SNORA71B,0.0
SNORA71C,0.0
SNORA71D,0.0
SNORA71E,0.0
SNORA72,0.0
SNORA73A,0.0
SNORA73B,0.0
SNORA74A,0.0
SNORA74B,0.0
SNORA74C-1,0.0
SNORA74C-2,0.0
SNORA74D,0.0
SNORA75,0.0
SNORA75B,0.0
SNORA77,0.0
SNORA77B,0.0
SNORA78,0.0
SNORA79,0.0
SNORA79B,0.0
SNORA7A,0.0
SNORA7B,0.0
SNORA8,0.0
SNORA80A,0.0
SNORA80B,0.0
SNORA80C,0.0
SNORA80D,0.0
SNORA80E,0.0
SNORA81,0.0
SNORA84,0.0
SNORA86,0.0
SNORA87,0.0
SNORA88,0.0
SNORA89,0.0
SNORA9,0.0
SNORA90,0.0
SNORA91,0.0
SNORA92,0.0
SNORA93,0.0
SNORA94,0.0
SNORA95,0.0
SNORA98,0.0
SNORA99,0.0
SNORA9B,0.0
SNORC,0.0
SNORD10,0.3010289189175463
SNORD100,0.0
SNORD101,0.0
SNORD102,0.0
SNORD103A,0.0
SNORD103B,0.0
SNORD103C,0.0
SNORD104,0.0
SNORD105,0.0
SNORD105B,0.0
SNORD107,0.0
SNORD108,0.0
SNORD109A,0.0
SNORD109B,0.0
SNORD11,0.0
SNORD110,0.0
SNORD111,0.0
SNORD111B,0.0
SNORD112,0.0
SNORD113-1,0.0
SNORD113-2,0.0
SNORD113-3,0.0
SNORD113-4,0.0
SNORD113-5,0.0
SNORD113-6,0.0
SNORD113-7,0.0
SNORD113-8,0.0
SNORD113-9,0.0
SNORD114-1,0.0
SNORD114-10,0.0
SNORD114-11,0.0
SNORD114-12,0.0
SNORD114-13,0.0
SNORD114-14,0.0
SNORD114-15,0.0
SNORD114-16,0.0
SNORD114-17,0.0
SNORD114-18,0.0
SNORD114-19,0.0
SNORD114-2,0.0
SNORD114-20,0.0
SNORD114-21,0.0
SNORD114-22,0.0
SNORD114-23,0.0
SNORD114-24,0.0
SNORD114-25,0.0
SNORD114-26,0.0
SNORD114-27,0.0
SNORD114-28,0.0
SNORD114-29,0.0
SNORD114-3,0.0
SNORD114-30,0.0
SNORD114-31,0.0
SNORD114-4,0.0
SNORD114-5,0.0
SNORD114-6,0.0
SNORD114-7,0.0
SNORD114-8,0.0
SNORD114-9,0.0
SNORD115-1,0.0
SNORD115-10,0.0
SNORD115-11,0.0
SNORD115-12,0.0
SNORD115-13,0.0
SNORD115-14,0.0
SNORD115-15,0.0
SNORD115-16,0.0
SNORD115-17,0.0
SNORD115-18,0.0
SNORD115-19,0.0
SNORD115-2,0.0
SNORD115-20,0.0
SNORD115-21,0.0
SNORD115-22,0.0
SNORD115-23,0.0
SNORD115-24,0.0
SNORD115-25,0.0
SNORD115-26,0.0
SNORD115-27,0.0
SNORD115-28,0.0
SNORD115-29,0.0
SNORD115-3,0.0
SNORD115-30,0.0
SNORD115-31,0.0
SNORD115-32,0.0
SNORD115-33,0.0
SNORD115-34,0.0
SNORD115-35,0.0
SNORD115-36,0.0
SNORD115-37,0.0
SNORD115-38,0.0
SNORD115-39,0.0
SNORD115-4,0.0
SNORD115-40,0.0
SNORD115-41,0.0
SNORD115-42,0.0
SNORD115-43,0.0
SNORD115-44,0.0
SNORD115-45,0.0
SNORD115-46,0.0
SNORD115-47,0.0
SNORD115-48,0.0
SNORD115-5,0.0
SNORD115-6,0.0
SNORD115-7,0.0
SNORD115-8,0.0
SNORD115-9,0.0
SNORD116-1,0.0
SNORD116-10,0.0
SNORD116-11,0.0
SNORD116-12,0.0
SNORD116-13,0.0
SNORD116-14,0.0
SNORD116-15,0.0
SNORD116-16,0.0
SNORD116-17,0.0
SNORD116-18,0.0
SNORD116-19,0.0
SNORD116-2,0.30103344262828957
SNORD116-20,0.0
SNORD116-21,0.0
SNORD116-22,0.0
SNORD116-23,0.0
SNORD116-24,0.0
SNORD116-25,0.0
SNORD116-26,0.0
SNORD116-27,0.0
SNORD116-28,0.0
SNORD116-29,0.0
SNORD116-3,0.0
SNORD116-30,0.0
SNORD116-4,0.0
SNORD116-5,0.0
SNORD116-6,0.0
SNORD116-7,0.0
SNORD116-8,0.0
SNORD116-9,0.0
SNORD117,0.0
SNORD118,0.0
SNORD119,0.0
SNORD11B,0.0
SNORD12,0.0
SNORD121A,0.0
SNORD121B,0.0
SNORD123,0.0
SNORD124,0.0
SNORD125,0.0
SNORD126,0.0
SNORD127,0.0
SNORD128,0.0
SNORD129,0.0
SNORD12B,0.0
SNORD12C,0.0
SNORD13,0.0
SNORD130,0.0
SNORD131,0.0
SNORD132,0.0
SNORD133,0.0
SNORD134,0.0
SNORD135,0.0
SNORD136,0.0
SNORD137,0.0
SNORD138,0.0
SNORD139,0.0
SNORD13B-1,0.0
SNORD13B-2,0.0
SNORD13C,0.0
SNORD13D,0.0
SNORD13E,0.0
SNORD13F,0.0
SNORD13G,0.0
SNORD13H,0.0
SNORD13I,0.0
SNORD13J,0.0
SNORD140,0.0
SNORD141A,0.0
SNORD141B,0.0
SNORD142,0.0
SNORD143,0.0
SNORD144,0.0
SNORD145,0.0
SNORD146,0.0
SNORD147,0.0
SNORD148,0.0
SNORD149,0.0
SNORD14A,0.0
SNORD14B,0.0
SNORD14C,0.0
SNORD14D,0.0
SNORD14E,0.0
SNORD150,0.0
SNORD151,0.0
SNORD152,0.0
SNORD153,0.0
SNORD154,0.0
SNORD155,0.0
SNORD156,0.0
SNORD157,0.0
SNORD158,0.0
SNORD159,0.0
SNORD15A,0.0
SNORD15B,0.0
SNORD16,0.0
SNORD160,0.0
SNORD161,0.0
SNORD162,0.0
SNORD163,0.0
SNORD164,0.0
SNORD165,0.0
SNORD166,0.0
SNORD167,0.0
SNORD168,0.0
SNORD169,0.0
SNORD17,0.0
SNORD170,0.0
SNORD172,0.0
SNORD173,0.0
SNORD175,0.0
SNORD18A,0.0
SNORD18B,0.0
SNORD18C,0.0
SNORD19,0.0
SNORD19B,0.0
SNORD19C,0.0
SNORD1A,0.0
SNORD1B,0.0
SNORD1C,0.0
SNORD2,0.0
SNORD20,0.0
SNORD21,0.0
SNORD22,0.0
SNORD23,0.0
SNORD24,0.0
SNORD25,0.0
SNORD26,0.0
SNORD27,0.0
SNORD28,0.0
SNORD28B,0.0
SNORD29,0.0
SNORD30,0.0
SNORD31,0.0
SNORD31B,0.0
SNORD32A,0.0
SNORD32B,0.0
SNORD33,0.0
SNORD34,0.0
SNORD35A,0.0
SNORD35B,1.3801988721573775
SNORD36A,0.0
SNORD36B,0.0
SNORD36C,0.0
SNORD37,0.0
SNORD38A,0.0
SNORD38B,0.0
SNORD38C,0.0
SNORD38D,0.0
SNORD3A,0.0
SNORD3B-1,0.0
SNORD3B-2,0.0
SNORD3C,0.0
SNORD3D,0.0
SNORD3E,0.0
SNORD3F,0.0
SNORD3G,0.0
SNORD3H,0.0
SNORD3I,0.0
SNORD3J,0.0
SNORD3K,0.0
SNORD3P3,0.0
SNORD41,0.0
SNORD42A,0.0
SNORD42B,0.0
SNORD43,0.0
SNORD44,0.0
SNORD45A,0.0
SNORD45B,0.0
SNORD45C,0.0
SNORD46,0.0
SNORD47,0.0
SNORD48,0.0
SNORD49A,0.0
SNORD49B,0.0
SNORD4A,0.0
SNORD4B,0.0
SNORD5,0.0
SNORD50A,0.0
SNORD50B,0.0
SNORD51,0.0
SNORD52,0.3010403515730851
SNORD53,0.0
SNORD53B,0.0
SNORD54,0.0
SNORD55,0.0
SNORD56,0.0
SNORD56B,0.0
SNORD57,0.0
SNORD58A,0.0
SNORD58B,0.0
SNORD58C,0.0
SNORD59A,0.0
SNORD59B,0.0
SNORD6,0.0
SNORD60,0.0
SNORD61,0.0
SNORD62A,0.0
SNORD62B,0.0
SNORD63,0.0
SNORD63B,0.0
SNORD64,0.0
SNORD65,0.0
SNORD65B,0.0
SNORD65C,0.0
SNORD66,0.0
SNORD67,0.0
SNORD68,0.0
SNORD69,0.0
SNORD7,0.0
SNORD70,0.0
SNORD70B,0.0
SNORD71,0.0
SNORD72,0.0
SNORD73A,0.0
SNORD73B,0.0
SNORD74,0.0
SNORD74B,0.0
SNORD75,0.0
SNORD76,0.0
SNORD77,0.0
SNORD77B,0.0
SNORD78,0.0
SNORD79,0.0
SNORD8,0.0
SNORD80,0.0
SNORD81,0.0
SNORD82,0.0
SNORD83A,0.0
SNORD83B,0.0
SNORD84,0.0
SNORD86,0.0
SNORD87,0.6989925154352773
SNORD88A,0.0
SNORD88B,0.0
SNORD88C,0.0
SNORD89,0.0
SNORD9,0.0
SNORD90,0.0
SNORD91A,0.0
SNORD91B,0.0
SNORD92,0.0
SNORD93,0.0
SNORD94,0.0
SNORD95,0.0
SNORD96A,0.0
SNORD96B,0.0
SNORD97,0.0
SNORD98,0.0
SNORD99,0.0
SNPH,0.0
SNRK,1.5185139361557995
SNRK-AS1,0.0
SNRNP200,0.477121275353831
SNRNP25,0.0
SNRNP27,0.0
SNRNP35,0.0
SNRNP40,0.0
SNRNP48,0.0
SNRNP70,0.0
SNRPA,0.0
SNRPA1,0.0
SNRPA1-DT,0.0
SNRPB,2.0791812949532993
SNRPB2,1.851258314463825
SNRPC,0.0
SNRPD1,1.291636663933881
SNRPD2,1.2552729823654418
SNRPD2P2,0.0
SNRPD3,0.0
SNRPE,0.0
SNRPF,0.0
SNRPF-DT,0.0
SNRPG,0.0
SNRPN,0.0
SNTA1,0.0
SNTB1,0.49805933771729494
SNTB2,2.2455126779220995
SNTG1,2.4377505287956773
SNTG2,0.0
SNTG2-AS1,0.0
SNTN,0.0
SNU13,1.9637877595591684
SNUPN,0.0
SNURF,0.0
SNW1,2.7686380626464984
SNX1,1.1139433575492188
SNX10,0.47712121086940384
SNX10-AS1,0.0
SNX11,0.0
SNX12,0.0
SNX13,2.089905111500259
SNX14,2.723455677125123
SNX15,0.0
SNX16,2.545307089142833
SNX17,0.0
SNX18,0.0
SNX19,1.176091248246879
SNX2,0.0
SNX20,0.0
SNX21,0.0
SNX22,2.313867206854067
SNX24,0.0
SNX25,0.30103000954351583
SNX27,1.380211236972523
SNX29,0.0
SNX29P1,0.0
SNX29P2,0.0
SNX3,0.0
SNX30,0.0
SNX30-DT,0.0
SNX31,0.0
SNX32,1.0413926314821291
SNX33,0.0
SNX4,0.0
SNX5,2.5490032277370114
SNX6,0.0
SNX7,0.0
SNX7-DT,0.0
SNX8,0.0
SNX9,0.0
SNX9-AS1,0.0
SOAT1,0.0
SOAT2,0.0
SOBP,0.0
SOCAR,0.0
SOCS1,0.0
SOCS2,0.301029926495751
SOCS2-AS1,0.0
SOCS3,0.0
SOCS3-DT,0.0
SOCS4,0.30102992251418087
SOCS5,0.0
SOCS6,0.0
SOCS7,0.0
SOCS7-2,0.0
SOD1,2.0211890757910758
SOD1-DT,0.3010299527296854
SOD2,0.8450981318861215
SOD2-OT1,0.0
SOD3,0.0
SOGA3-KIAA0408,0.0
SOHLH1,0.0
SOHLH2,0.0
SON,1.991226063665086
SORBS1,0.0
SORBS2,0.0
SORBS2-AS1,0.0
SORBS3,0.0
SORCS1,1.6901960864453804
SORCS2,0.0
SORCS3,0.0
SORCS3-AS1,0.0
SORD,0.0
SORD2P,0.0
SORL1,0.0
SORL1-AS1,0.0
SORT1,0.0
SOS1,0.30103002160274817
SOS2,0.0
SOST,0.0
SOSTDC1,0.0
SOWAHA,0.0
SOWAHB,0.0
SOWAHC,0.0
SOWAHD,0.0
SOX1,2.3838153599525675
SOX1-OT,0.0
SOX10,1.4913616736135689
SOX11,3.0433622852963325
SOX12,0.0
SOX13,2.22788669586137
SOX14,0.0
SOX15,0.0
SOX17,0.0
SOX18,0.0
SOX2,1.2041199530155018
SOX2-OT,3.4332896692827637
SOX21,0.0
SOX21-AS1,0.0
SOX3,1.7403626512552313
SOX30,0.0
SOX4,3.0021660575620053
SOX5,1.3010299719277503
SOX5-AS1,0.0
SOX6,2.9566485867469625
SOX7,0.0
SOX8,0.9542424902918699
SOX9,0.0
SOX9-AS1,0.0
SP1,0.0
SP100,0.3010299328186781
SP110,0.30103004082950396
SP140,0.6996326400427095
SP140L,0.0
SP2,0.0
SP2-AS1,0.0
SP2-DT,0.0
SP3,2.243038058576105
SP4,1.4771212570372736
SP5,0.0
SP6,0.0
SP7,0.0
SP7-2,0.0
SP8,0.0
SP9,0.0
SPA17,0.30102999705332184
SPAAR,0.0
SPACA1,0.0
SPACA3,0.0
SPACA4,0.0
SPACA5,0.0
SPACA5B,0.0
SPACA6,0.0
SPACA6-AS1,0.30102997890294225
SPACA7,0.0
SPACA7-2,0.0
SPACA9,0.0
SPACDR,0.0
SPADH,0.0
SPAG1,0.0
SPAG11A,0.0
SPAG11A-2,0.0
SPAG11B,0.0
SPAG16,0.0
SPAG16-DT,0.0
SPAG17,0.0
SPAG4,0.0
SPAG5,0.0
SPAG5-AS1,0.0
SPAG6,0.0
SPAG7,0.0
SPAG8,0.0
SPAG9,1.851258351882682
SPAM1,0.0
SPANXA1,0.0
SPANXA2,0.0
SPANXA2-OT1,0.0
SPANXB1,0.0
SPANXC,0.0
SPANXD,0.0
SPANXN1,0.0
SPANXN2,0.0
SPANXN3,0.0
SPANXN4,0.0
SPANXN5,0.0
SPARC,2.9400181400837027
SPARCL1,1.9294189026568358
SPART,0.7781512561234611
SPART-AS1,0.0
SPAST,0.0
SPATA1,0.0
SPATA12,0.0
SPATA13,0.30102994262505234
SPATA13-AS1,0.0
SPATA16,0.0
SPATA17,0.0
SPATA17-AS1,0.0
SPATA18,0.0
SPATA19,0.0
SPATA2,0.7781512518682099
SPATA20,0.0
SPATA21,0.0
SPATA21-2,0.0
SPATA22,0.0
SPATA24,0.0
SPATA25,0.0
SPATA2L,0.0
SPATA3,0.0
SPATA3-AS1,0.0
SPATA31A1,0.0
SPATA31A3,0.0
SPATA31A5,0.0
SPATA31A6,0.0
SPATA31A7,0.0
SPATA31B2P,0.0
SPATA31C1,0.0
SPATA31C2,0.0
SPATA31D1,0.0
SPATA31D3,0.0
SPATA31D4,0.0
SPATA31D5P,0.0
SPATA31E1,0.0
SPATA31F1,0.0
SPATA31F2P,0.0
SPATA31F3,0.0
SPATA31G1,0.0
SPATA31H1,0.0
SPATA31J1,0.0
SPATA32,0.0
SPATA33,0.0
SPATA4,0.0
SPATA41,0.0
SPATA42,0.0
SPATA45,0.0
SPATA46,0.0
SPATA6,0.301029997059124
SPATA6L,0.0
SPATA7,0.8157831376672131
SPATA8,0.0
SPATA8-AS1,0.0
SPATA9,0.0
SPATC1,0.0
SPATC1L,0.0
SPATC1L-2,0.0
SPATS1,0.0
SPATS2,2.4082399405662733
SPATS2L,0.0
SPC24,0.0
SPC25,0.0
SPC25-2,0.0
SPCS1,1.6565652264315238
SPCS2,2.608526008027647
SPCS3,0.0
SPCS3-AS1,0.0
SPDEF,0.0
SPDL1,0.0
SPDYA,0.0
SPDYC,0.0
SPDYE1,0.0
SPDYE10,0.0
SPDYE11,0.0
SPDYE12,0.0
SPDYE13,0.17609117518745365
SPDYE14,0.0
SPDYE15,0.17609117518745365
SPDYE16,0.0
SPDYE16-2,0.0
SPDYE17,0.0
SPDYE18,0.0
SPDYE2,0.0
SPDYE20P,0.0
SPDYE21,0.0
SPDYE2B,0.0
SPDYE3,0.0
SPDYE4,0.0
SPDYE5,0.0
SPDYE6,0.0
SPDYE7P,0.0
SPDYE8,0.0
SPDYE9,0.0
SPECC1,1.825932802468144
SPECC1-DT,0.0
SPECC1L,0.0
SPECC1L-ADORA2A,0.0
SPEF1,0.0
SPEF2,0.0
SPEG,0.0
SPEGNB,0.0
SPEM1,0.0
SPEM2,0.0
SPEM2-2,0.0
SPEM3,0.0
SPEN,2.3404441262058904
SPEN-AS1,0.0
SPESP1,0.0
SPESP1-NOX5,0.0
SPG11,0.0
SPG21,2.661812625849347
SPG7,2.3710678317663865
SPHK1,0.0
SPHK2,0.0
SPHKAP,0.0
SPI1,0.0
SPIB,0.30102995839994073
SPIC,0.0
SPICE1,0.0
SPICE1-CFAP44,0.0
SPIDR,0.4771212299492952
SPIN1,0.0
SPIN2A,0.0
SPIN2B,0.0
SPIN3,0.0
SPIN4,0.0
SPIN4-AS1,0.0
SPINDOC,0.4771212606117168
SPINK1,0.0
SPINK13,0.0
SPINK14,0.0
SPINK2,0.0
SPINK4,0.0
SPINK5,0.0
SPINK6,0.0
SPINK7,0.0
SPINK8,0.0
SPINK9,0.0
SPINT1,0.0
SPINT1-AS1,0.0
SPINT2,0.0
SPINT3,0.0
SPINT4,0.0
SPIRE1,0.0
SPIRE2,0.0
SPMAP1,0.0
SPMAP2,0.0
SPMAP2L,0.0
SPMIP1,0.0
SPMIP10,0.0
SPMIP11,0.0
SPMIP2,0.0
SPMIP3,0.0
SPMIP4,0.0
SPMIP5,0.0
SPMIP5-2,0.0
SPMIP6,0.0
SPMIP7,0.0
SPMIP8,0.0
SPMIP9,0.0
SPN,0.4771213169841669
SPNS1,0.0
SPNS2,0.0
SPNS2-AS1,0.0
SPNS3,0.0
SPO11,0.0
SPOCD1,0.0
SPOCK1,2.5145477482523644
SPOCK2,0.9030899780673765
SPOCK3,0.0
SPON1,0.0
SPON2,0.0
SPOP,1.2304489020921496
SPOPL,0.0
SPOPL-DT,0.0
SPOUT1,0.0
SPP1,0.0
SPP2,0.30102994932696914
SPPL2A,0.0
SPPL2B,0.0
SPPL2C,0.0
SPPL3,1.302983291867778
SPR,0.0
SPRED1,2.596572313312144
SPRED2,1.5314789077654056
SPRED3,0.0
SPRING1,0.0
SPRN,0.0
SPRNP1,0.0
SPRR1A,0.0
SPRR1B,0.0
SPRR2A,0.0
SPRR2B,0.0
SPRR2C,0.0
SPRR2D,0.0
SPRR2E,0.0
SPRR2F,0.0
SPRR2G,0.0
SPRR3,0.0
SPRR4,0.0
SPRR5,0.0
SPRTN,0.0
SPRY1,0.0
SPRY2,2.61172326616307
SPRY3,0.0
SPRY4,1.8325089096478968
SPRY4-AS1,0.0
SPRY4-IT1,2.187520388504641
SPRYD3,0.0
SPRYD4,0.4771212378763078
SPRYD7,0.3078383649634104
SPSB1,0.0
SPSB2,0.0
SPSB3,0.0
SPSB4,0.0
SPTA1,0.0
SPTAN1,0.3010299836019556
SPTB,0.0
SPTBN1,2.7007037259127897
SPTBN1-AS1,0.0
SPTBN1-AS2,0.0
SPTBN2,0.0
SPTBN4,0.0
SPTBN5,1.9777236104656017
SPTLC1,0.0
SPTLC2,0.0
SPTLC3,0.0
SPTSSA,0.0
SPTSSB,0.0
SPTY2D1,1.7242758644450809
SPX,0.0
SPZ1,0.0
SQLE,0.0
SQLE-DT,0.0
SQOR,0.0
SQSTM1,0.0
SRA1,0.0
SRARP,0.0
SRBD1,0.0
SRC,0.0
SRC-2,0.0
SRCAP,0.0
SRCIN1,0.0
SRCIN1-2,0.0
SRD5A1,0.0
SRD5A1P1,0.0
SRD5A2,0.0
SRD5A3,0.0
SRD5A3-AS1,0.0
SREBF1,0.30103001883486796
SREBF2,0.47712134235443737
SREBF2-AS1,0.0
SREK1,2.334453753985539
SREK1IP1,1.2304489088402943
SRF,2.3838153503562527
SRFBP1,0.0
SRGAP1,0.6990337619180608
SRGAP2,2.2202211158652565
SRGAP2-AS1,0.0
SRGAP2B,0.908384395586841
SRGAP2C,1.3192864928543238
SRGAP2D,0.0
SRGAP3,1.3222193015508412
SRGAP3-AS2,0.0
SRGAP3-AS3,0.0
SRGAP3-AS4,0.0
SRGN,0.0
SRI,1.0413926517381298
SRI-AS1,0.0
SRL,0.0
SRM,0.0
SRMS,0.0
SRP14,2.4248815359099347
SRP14-DT,0.0
SRP19,2.0000266818125714
SRP54,0.0
SRP54-AS1,0.0
SRP68,0.0
SRP72,0.8450980168074204
SRP9,1.9084849524239926
SRPK1,0.0
SRPK2,1.7558748420830657
SRPK3,0.0
SRPRA,1.1139433213113887
SRPRB,0.0
SRPX,0.0
SRPX2,0.0
SRR,2.2430380154267686
SRRD,0.0
SRRM1,0.0
SRRM2,2.01283722923047
SRRM2-AS1,0.0
SRRM3,0.0
SRRM4,0.0
SRRM5,0.0
SRRT,0.0
SRSF1,0.7781513094681191
SRSF10,2.195899645281725
SRSF11,0.47712128936703935
SRSF12,0.0
SRSF2,0.8450979773779657
SRSF3,2.734799822956743
SRSF3P2,0.0
SRSF4,0.30103000334800123
SRSF5,2.0791811796605146
SRSF6,2.494154587224742
SRSF7,2.6570557966967563
SRSF8,0.0
SRSF9,1.9684828525464808
SRXN1,0.0
SRY,0.0
SS18,0.6020599454943336
SS18L1,0.0
SS18L2,1.531478894400041
SSB,0.0
SSBP1,0.0
SSBP2,0.0
SSBP3,0.6989699772882827
SSBP3-AS1,0.0
SSBP4,0.3010300195244907
SSC4D,0.0
SSC5D,0.0
SSH1,0.0
SSH2,0.0
SSH3,0.0
SSMEM1,0.0
SSNA1,0.0
SSPN,0.0
SSPOP,0.0
SSR1,2.2528530379760543
SSR2,0.0
SSR3,0.0
SSR4,0.0
SSR4P1,0.0
SSRP1,0.0
SST,0.0
SSTR1,0.0
SSTR2,0.0
SSTR3,0.0
SSTR4,0.0
SSTR5,0.0
SSTR5-AS1,0.0
SSU72,0.0
SSU72L1,0.0
SSU72L2,0.0
SSU72L3,0.0
SSU72L4,0.0
SSU72L5,0.0
SSU72L6,0.0
SSUH2,0.0
SSX1,0.0
SSX2,0.0
SSX2B,0.0
SSX2IP,0.3010298935664686
SSX3,0.0
SSX4,0.0
SSX4B,0.0
SSX5,0.0
SSX6P,0.0
SSX7,0.0
SSX8P,0.0
SSX9P,0.0
ST13,3.1332194386706784
ST13P4,0.0
ST14,0.0
ST18,0.0
ST20,0.0
ST20-AS1,0.0
ST20-MTHFS,0.0
ST3GAL1,0.0
ST3GAL1-DT,0.0
ST3GAL2,0.0
ST3GAL3,0.0
ST3GAL3-AS1,0.0
ST3GAL4,0.0
ST3GAL5,2.252852995766924
ST3GAL5-AS1,0.0
ST3GAL6,0.0
ST3GAL6-AS1,0.0
ST6GAL1,0.0
ST6GAL2,0.0
ST6GALNAC1,0.0
ST6GALNAC2,0.0
ST6GALNAC3,0.0
ST6GALNAC4,0.0
ST6GALNAC4-ST6GALNAC6-AK1,0.0
ST6GALNAC5,0.0
ST6GALNAC6,0.0
ST7,2.041392655800999
ST7-AS1,0.0
ST7-AS2,0.0
ST7-OT3,0.0
ST7-OT4,0.0
ST7L,0.0
ST8SIA1,2.623249299564587
ST8SIA2,0.0
ST8SIA3,0.0
ST8SIA4,0.6020599865750077
ST8SIA5,0.0
ST8SIA5-DT,0.0
ST8SIA6,0.0
ST8SIA6-AS1,0.0
STAB1,0.0
STAB2,0.0
STAC,0.0
STAC2,0.0
STAC3,0.0
STAG1,1.7075701799293999
STAG1-DT,0.0
STAG2,1.9444826748313977
STAG2-AS1,0.0
STAG3,0.0
STAG3L1,0.0
STAG3L2,0.0
STAG3L3,0.0
STAG3L4,0.0
STAG3L5P,0.0
STAG3L5P-PVRIG2P-PILRB,0.0
STAM,0.0
STAM-DT,0.0
STAM2,0.0
STAMBP,0.0
STAMBPL1,0.0
STAP1,0.0
STAP2,0.0
STAR,0.0
STARD10,2.198657053648276
STARD13,0.0
STARD13-AS,0.0
STARD3,0.0
STARD3NL,0.8450979884118177
STARD4,0.0
STARD4-AS1,0.0
STARD5,0.0
STARD6,0.0
STARD7,0.0
STARD7-AS1,0.0
STARD8,0.0
STARD9,1.2552725113375165
STAT1,0.0
STAT2,2.0863598157097254
STAT3,1.0000000077545799
STAT4,0.0
STAT4-AS1,0.0
STAT5A,0.0
STAT5B,0.0
STAT6,0.0
STATH,0.0
STAU1,2.899273170517894
STAU2,0.3010300165242326
STAU2-AS1,0.0
STBD1,0.0
STC1,0.0
STC2,0.0
STEAP1,0.0
STEAP1B,0.0
STEAP1B-AS1,0.0
STEAP2,1.9684829402377038
STEAP2-AS1,0.0
STEAP3,0.30102991419526276
STEAP3-AS1,0.0
STEAP4,0.0
STEEP1,0.0
STH,0.0
STIL,0.0
STIM1,0.0
STIM1-AS1,0.0
STIM2,0.0
STIM2-AS1,0.0
STIMATE,0.0
STIMATE-MUSTN1,0.0
STING1,0.0
STIP1,0.0
STK10,0.0
STK11,0.0
STK11IP,0.0
STK16,0.0
STK17A,0.0
STK17B,2.7497363113000275
STK19,0.0
STK24,0.0
STK24-AS1,0.0
STK25,0.0
STK26,0.0
STK3,1.8260747734313711
STK31,0.0
STK32A,1.2552724698400284
STK32A-AS1,0.0
STK32B,0.0
STK32C,0.0
STK33,1.2787535745617697
STK35,0.30102999023807553
STK36,0.0
STK38,0.0
STK38L,0.0
STK39,2.091107891454026
STK4,0.30102995289805906
STK4-DT,0.0
STK40,0.0
STKLD1,0.0
STMN1,1.954242439821826
STMN2,0.0
STMN3,0.0
STMN4,1.4771211910482274
STMND1,0.0
STMP1,0.30102994126449484
STN1,0.30103006313579733
STOM,0.0
STOML1,0.0
STOML2,0.0
STOML3,0.0
STON1,0.0
STON1-GTF2A1L,0.0
STON2,0.0
STOX1,0.0
STOX2,0.0
STPG1,0.0
STPG2,0.0
STPG2-AS1,0.0
STPG3,0.0
STPG3-AS1,0.0
STPG4,2.3856062329898338
STRA6,0.0
STRA6-2,0.0
STRA8,0.0
STRADA,0.0
STRADB,0.0
STRAP,1.2041199382872745
STRBP,0.3010299487145774
STRC,0.0
STRCP1,0.4771213063676182
STRIP1,1.9867717021614928
STRIP2,0.0
STRIT1,0.0
STRN,0.3010300547544991
STRN3,0.0
STRN4,0.0
STS,0.0
STT3A,0.0
STT3A-AS1,0.0
STT3B,0.0
STUB1,0.0
STUB1-DT,0.0
STUM,0.0
STX10,1.2304488281720591
STX11,0.0
STX12,0.0
STX16,0.0
STX16-NPEPL1,0.0
STX17,0.30103000602149627
STX17-DT,0.0
STX18,0.0
STX18-AS1,0.0
STX18-IT1,0.0
STX19,0.0
STX1A,0.0
STX1B,0.0
STX2,1.5647400541181435
STX3,0.0
STX4,0.0
STX5,0.0
STX5-DT,0.0
STX6,1.6627578235724823
STX7,0.0
STX8,0.0
STXBP1,1.2552724954638528
STXBP2,0.0
STXBP3,2.5763413207307346
STXBP4,0.0
STXBP5,0.30102989910427863
STXBP5-AS1,0.0
STXBP5L,0.0
STXBP6,0.0
STYK1,0.0
STYX,2.1643528502754474
STYXL1,0.0
STYXL2,0.0
SUB1,0.0
SUCLA2,0.6020599756015411
SUCLA2-AS1,0.0
SUCLG1,0.0
SUCLG2,0.0
SUCLG2-DT,1.7558748550529635
SUCNR1,0.0
SUCO,1.518513932119231
SUDS3,0.0
SUFU,0.0
SUGCT,0.0
SUGCT-AS1,0.0
SUGP1,0.0
SUGP2,0.0
SUGT1,1.897627099245653
SUGT1-DT,0.0
SUGT1P1,0.0
SUGT1P3,0.0
SUGT1P4-STRA6LP,0.0
SUGT1P4-STRA6LP-CCDC180,0.0
SULF1,0.0
SULF2,1.4471580236608914
SULT1A1,0.9999999303719318
SULT1A2,0.0
SULT1A3,0.0
SULT1A4,0.0
SULT1B1,0.708530669512188
SULT1C2,0.0
SULT1C3,0.0
SULT1C4,0.0
SULT1C5P,0.0
SULT1E1,0.0
SULT2A1,0.0
SULT2B1,0.0
SULT4A1,0.0
SULT6B1,0.0
SULT6B2P,0.0
SUMF1,0.30102997889935806
SUMF2,0.0
SUMO1,0.0
SUMO1P1,0.0
SUMO1P3,0.0
SUMO2,2.9014313184073415
SUMO3,2.605304992941803
SUMO4,0.0
SUN1,0.30103001402022095
SUN2,0.0
SUN3,0.6020599467930208
SUN5,0.0
SUNO1,0.0
SUOX,0.0
SUPT16H,0.6020599804379498
SUPT20H,2.1643527892709056
SUPT20HL1,0.0
SUPT20HL2,0.0
SUPT3H,0.301030091088874
SUPT4H1,2.10658837104493
SUPT5H,0.0
SUPT6H,0.0
SUPT7L,0.0
SUPV3L1,0.0
SURF1,0.0
SURF2,0.0
SURF4,0.0
SURF4-2,0.0
SURF6,0.9542424946521733
SUSD1,0.0
SUSD2,0.0
SUSD3,0.0
SUSD4,1.079181231925099
SUSD5,0.0
SUSD6,0.0
SUV39H1,0.0
SUV39H2,0.0
SUV39H2-DT,0.0
SUZ12,0.0
SUZ12P1,0.6020599586852469
SV2A,0.0
SV2B,0.0
SV2C,0.0
SV2C-AS1,0.0
SVBP,0.0
SVEP1,0.0
SVIL,0.0
SVIL-AS1,1.8692316813656076
SVIL2P,0.0
SVIP,0.0
SVOP,0.30105380895505707
SVOPL,0.0
SWAP70,2.2068258707873123
SWI5,0.0
SWINGN,0.0
SWSAP1,0.0
SWT1,0.0
SYAP1,2.705007960045762
SYBU,0.0
SYBU-AS1,0.3010299933617336
SYCE1,0.0
SYCE1L,0.0
SYCE2,0.0
SYCE3,0.0
SYCN,0.0
SYCP1,0.0
SYCP2,0.0
SYCP2L,0.0
SYCP3,0.845097953222995
SYDE1,0.0
SYDE2,0.0
SYF2,0.30102994645488973
SYK,0.0
SYMPK,0.0
SYN1,0.0
SYN2,0.0
SYN3,0.9110300792979994
SYN3-AS1,0.3010299201087343
SYNC,0.0
SYNCRIP,0.30102990684118586
SYNDIG1,0.0
SYNDIG1L,0.0
SYNE1,1.707570166248959
SYNE1-AS1,0.0
SYNE2,0.0
SYNE3,0.0
SYNE3-AS1,0.0
SYNE4,0.0
SYNGAP1,0.0
SYNGAP1-AS1,0.0
SYNGR1,0.0
SYNGR2,0.0
SYNGR3,2.1818435458727183
SYNGR4,0.0
SYNJ1,0.0
SYNJ2,0.0
SYNJ2-IT1,0.0
SYNJ2BP,0.0
SYNJ2BP-COX16,0.0
SYNM,0.0
SYNM-AS1,0.0
SYNPO,0.0
SYNPO2,0.3010301323909892
SYNPO2L,0.30102995176800185
SYNPO2L-AS1,0.0
SYNPR,0.0
SYNPR-AS1,0.0
SYNRG,0.0
SYNRG-2,0.0
SYP,0.0
SYP-AS1,0.0
SYPL1,0.3010299698927806
SYPL2,0.0
SYS1,0.0
SYS1-DBNDD2,0.0
SYT1,0.3010299034457228
SYT10,0.0
SYT11,1.146128033167259
SYT12,0.0
SYT13,0.0
SYT14,2.240549259972192
SYT14P1,0.0
SYT15,0.0
SYT15-AS1,0.0
SYT15B,1.747285402171829
SYT15B-2,2.1542264418221846
SYT16,0.0
SYT17,0.0
SYT2,0.0
SYT3,0.0
SYT4,0.0
SYT5,0.3010300561606272
SYT6,0.0
SYT7,0.0
SYT8,0.0
SYT8-2,0.0
SYT9,2.227886696026767
SYT9-AS1,0.0
SYTL1,0.0
SYTL2,0.0
SYTL3,0.0
SYTL4,0.0
SYTL5,0.0
SYVN1,0.0
SZRD1,1.6232492724402265
SZRD1P1,0.0
SZT2,0.0
SZT2-AS1,0.0
TAAR1,0.0
TAAR2,0.0
TAAR3P,0.0
TAAR5,0.0
TAAR6,0.0
TAAR8,0.0
TAAR9,0.0
TAB1,0.0
TAB2,0.0
TAB2-AS1,0.0
TAB3,0.0
TAB3-AS1,0.0
TAC1,0.30103014861360256
TAC3,0.0
TAC4,0.0
TACC1,2.4281347948881216
TACC2,1.6020599817692938
TACC3,0.0
TACO1,0.0
TACR1,0.0
TACR2,0.0
TACR3,0.0
TACR3-AS1,0.0
TACSTD2,0.0
TADA1,0.8450980108538649
TADA2A,0.0
TADA2A-2,1.4623979908329743
TADA2B,0.30102993270321465
TADA3,0.0
TAF1,2.5276299043679904
TAF10,0.0
TAF11,0.0
TAF11L10,0.0
TAF11L11,0.0
TAF11L12,0.0
TAF11L13,0.0
TAF11L14,0.0
TAF11L2,0.0
TAF11L3,0.0
TAF11L4,0.0
TAF11L5,0.0
TAF11L6,0.0
TAF11L7,0.0
TAF11L8,0.0
TAF11L9,0.0
TAF12,0.0
TAF12-DT,0.0
TAF13,0.0
TAF15,0.0
TAF1A,0.0
TAF1A-AS1,0.0
TAF1B,0.0
TAF1C,0.0
TAF1D,2.445604144305615
TAF1L,0.0
TAF2,0.0
TAF3,0.0
TAF4,0.0
TAF4B,0.0
TAF5,0.0
TAF5L,0.0
TAF6,0.0
TAF6L,0.0
TAF7,0.0
TAF7L,0.0
TAF8,1.000000005095438
TAF9,0.0
TAF9B,0.0
TAFA1,0.0
TAFA2,0.0
TAFA3,0.0
TAFA4,0.0
TAFA5,0.7781512310467813
TAFAZZIN,0.0
TAGAP,0.0
TAGAP-AS1,0.0
TAGLN,0.0
TAGLN2,0.0
TAGLN3,0.0
TAL1,0.0
TAL2,0.0
TALAM1,1.9882507481432021
TALDO1,0.0
TAMALIN,0.0
TAMALIN-AS1,0.0
TAMM41,0.0
TANAR,0.0
TANC1,0.0
TANC2,3.172018821859214
TANGO2,0.0
TANGO6,0.0
TANK,0.0
TANK-AS1,0.0
TAOK1,0.0
TAOK2,0.0
TAOK3,3.1964525307503577
TAP1,0.0
TAP2,0.0
TAP2-2,0.0
TAPBP,0.0
TAPBP-2,0.0
TAPBP-3,0.0
TAPBP-4,0.0
TAPBP-5,0.0
TAPBPL,0.0
TAPT1,0.0
TAPT1-AS1,0.0
TARBP1,0.0
TARBP2,2.4313061070974227
TARDBP,0.0
TARDBPP3,0.0
TARID,0.0
TARM1,0.0
TARM1-10,0.0
TARM1-2,0.0
TARM1-3,0.0
TARM1-4,0.0
TARM1-5,0.0
TARM1-6,0.0
TARM1-7,0.0
TARM1-8,0.0
TARM1-9,0.0
TARP,0.0
TARS1,1.8260747722568231
TARS1-DT,0.0
TARS2,0.0
TARS3,2.897076979023169
TAS1R1,0.0
TAS1R2,0.0
TAS1R3,0.0
TAS2R1,0.0
TAS2R10,0.0
TAS2R13,0.0
TAS2R14,0.0
TAS2R16,0.0
TAS2R19,0.0
TAS2R20,0.30102999659317375
TAS2R3,0.0
TAS2R30,0.0
TAS2R31,0.0
TAS2R38,0.0
TAS2R39,0.0
TAS2R4,0.0
TAS2R40,0.0
TAS2R41,0.0
TAS2R42,0.0
TAS2R43,0.0
TAS2R45,0.0
TAS2R46,0.0
TAS2R46-3,0.0
TAS2R5,0.0
TAS2R50,0.0
TAS2R60,0.0
TAS2R7,0.0
TAS2R8,0.0
TAS2R9,0.0
TASL,0.0
TASOR,3.108226659485269
TASOR2,1.716003312551836
TASP1,0.7781510845767776
TAT,0.0
TAT-AS1,0.0
TATDN1,0.0
TATDN1-2,0.0
TATDN2,0.0
TATDN3,0.0
TAX1BP1,1.8808135744600718
TAX1BP1-AS1,0.0
TAX1BP3,0.0
TBATA,0.0
TBC1D1,0.0
TBC1D10A,0.0
TBC1D10B,0.0
TBC1D10C,0.0
TBC1D12,0.0
TBC1D13,0.0
TBC1D14,0.0
TBC1D15,0.47712119425995847
TBC1D16,0.0
TBC1D17,0.0
TBC1D19,0.3010301139419305
TBC1D2,0.0
TBC1D20,0.0
TBC1D21,0.0
TBC1D22A,0.0
TBC1D22A-AS1,0.0
TBC1D22A-DT,0.0
TBC1D22B,0.0
TBC1D23,0.3010299947698246
TBC1D24,1.1760912585706813
TBC1D25,0.0
TBC1D26,0.0
TBC1D26-AS1,0.0
TBC1D27P,0.0
TBC1D28,0.0
TBC1D29P,0.0
TBC1D2B,0.0
TBC1D3,0.0
TBC1D30,0.0
TBC1D31,0.0
TBC1D32,0.3010301290362347
TBC1D3B,0.0
TBC1D3B-2,0.0
TBC1D3B-3,0.0
TBC1D3C,0.0
TBC1D3D,0.0
TBC1D3E,0.0
TBC1D3E-2,0.0
TBC1D3F,0.0
TBC1D3G,0.0
TBC1D3G-2,0.0
TBC1D3G-3,0.0
TBC1D3H,0.0
TBC1D3H-2,0.0
TBC1D3I,0.0
TBC1D3I-2,0.0
TBC1D3I-3,0.0
TBC1D3K,0.0
TBC1D3L,0.0
TBC1D3P1-DHX40P1,2.1986570414269475
TBC1D3P2,0.0
TBC1D3P5,0.0
TBC1D4,0.0
TBC1D5,1.1461280226215247
TBC1D7,0.3010300172772644
TBC1D7-LOC100130357,0.0
TBC1D8,0.0
TBC1D8-AS1,0.0
TBC1D8B,0.0
TBC1D9,0.0
TBC1D9B,0.0
TBCA,0.0
TBCB,0.0
TBCC,0.0
TBCCD1,0.3010300183751478
TBCD,0.7404777780639301
TBCE,0.0
TBCEL,0.0
TBCEL-TECTA,0.0
TBCK,0.0
TBILA,0.0
TBK1,0.0
TBKBP1,0.0
TBL1X,0.0
TBL1XR1,3.0633333644761853
TBL1XR1-AS1,0.0
TBL1Y,0.0
TBL2,0.0
TBL3,0.0
TBP,0.0
TBPL1,0.0
TBPL2,0.0
TBR1,0.0
TBRG1,0.0
TBRG4,2.4712916739252813
TBX1,0.0
TBX10,0.0
TBX15,0.0
TBX18,0.0
TBX18-AS1,0.0
TBX19,0.0
TBX2,0.0
TBX2-AS1,0.0
TBX20,0.0
TBX21,0.0
TBX22,0.0
TBX3,0.0
TBX3-AS1,0.0
TBX4,0.0
TBX5,0.0
TBX5-AS1,0.0
TBX6,0.0
TBXA2R,0.0
TBXAS1,0.0
TBXT,0.0
TC2N,0.0
TCAF1,1.9956351918682538
TCAF1-2,0.0
TCAF2,0.0
TCAF2P1,0.0
TCAIM,0.0
TCAM1P,0.0
TCAP,0.0
TCEA1,0.0
TCEA2,0.0
TCEA3,0.0
TCEA3-2,0.0
TCEAL1,0.0
TCEAL2,0.0
TCEAL2-2,0.0
TCEAL3,0.0
TCEAL4,0.0
TCEAL5,0.6020598993056543
TCEAL6,0.0
TCEAL6-2,0.0
TCEAL7,1.3424225810937
TCEAL8,0.8450979543707294
TCEAL9,0.30103003099765985
TCEANC,0.0
TCEANC2,2.3159703558180005
TCERG1,0.0
TCERG1L,0.0
TCERG1L-AS1,0.0
TCF12,2.6981005432096454
TCF12-DT,0.0
TCF15,0.0
TCF19,0.0
TCF19-3,0.0
TCF19-4,0.0
TCF19-5,0.0
TCF19-6,0.0
TCF19-7,0.0
TCF20,1.2552725155434605
TCF21,0.0
TCF23,0.0
TCF24,0.0
TCF25,0.0
TCF3,0.0
TCF4,2.2174839499014345
TCF4-AS1,0.0
TCF7,0.0
TCF7L1,0.0
TCF7L1-2,0.0
TCF7L1-IT1,0.0
TCF7L2,0.0
TCFL5,0.0
TCHH,0.0
TCHHL1,0.0
TCHP,0.0
TCIM,0.0
TCIRG1,0.0
TCL1A,0.0
TCL1B,0.0
TCL6,0.0
TCN1,0.0
TCN2,0.0
TCOF1,0.0
TCP1,0.0
TCP10L,0.0
TCP10L2,0.0
TCP10L3,0.0
TCP11,0.0
TCP11L1,0.0
TCP11L2,0.0
TCP11X1,0.0
TCP11X2,0.0
TCTA,2.2741578037587336
TCTE1,0.0
TCTN1,0.0
TCTN2,0.0
TCTN3,0.0
TDG,1.2552724900274557
TDH,0.0
TDH-AS1,0.0
TDO2,0.0
TDP1,0.0
TDP2,0.0
TDRD1,0.0
TDRD10,0.0
TDRD12,0.0
TDRD15,0.0
TDRD15-2,0.0
TDRD3,0.5179847132083023
TDRD5,0.0
TDRD6,0.0
TDRD6-AS1,0.0
TDRD7,0.0
TDRD9,0.0
TDRG1,0.0
TDRKH,0.0
TDRKH-AS1,0.0
TDRP,0.3010303676760409
TEAD1,0.0
TEAD2,0.0
TEAD3,0.0
TEAD4,0.0
TEC,0.0
TECPR1,0.30103002144751617
TECPR2,2.0569048453524053
TECR,0.0
TECRL,0.0
TECTA,0.0
TECTB,0.0
TEDC1,0.0
TEDC2,0.0
TEDC2-AS1,0.0
TEDDM1,0.0
TEF,0.0
TEFM,0.0
TEK,1.3802112396139872
TEKT1,0.0
TEKT2,0.0
TEKT3,0.0
TEKT4,0.0
TEKT4P2,0.0
TEKT5,0.0
TEKTIP1,0.0
TEKTL1,0.0
TELO2,0.0
TEN1,0.0
TEN1-CDK3,0.0
TENM1,0.0
TENM2,0.0
TENM2-AS1,0.0
TENM3,0.0
TENM3-AS1,0.0
TENM3-AS2,0.0
TENM4,1.74818803471287
TENT2,0.4771212293483967
TENT4A,0.0
TENT4B,2.2479732701035333
TENT5A,2.176091258998282
TENT5B,0.0
TENT5C,0.0
TENT5C-DT,0.0
TENT5D,0.0
TEP1,0.47712115008036815
TEP1-2,0.47712115008036815
TEPSIN,0.0
TERB1,0.0
TERB2,0.0
TERC,0.0
TERF1,0.0
TERF2,0.3010300210143378
TERF2IP,2.6324572533936275
TERLR1,0.0
TERT,0.0
TES,0.0
TESC,0.0
TESC-AS1,0.0
TESHL,0.0
TESK1,1.5563024716086353
TESK2,0.0
TESMIN,0.0
TESPA1,0.0
TET1,0.0
TET2,3.44916973994509
TET2-AS1,1.716003134766762
TET3,2.9781805246381365
TEX10,0.0
TEX101,0.0
TEX11,0.0
TEX12,0.0
TEX13A,0.0
TEX13B,0.0
TEX13C,0.0
TEX13D,0.0
TEX14,0.0
TEX14BP,0.0
TEX15,0.0
TEX19,0.0
TEX2,0.0
TEX21P,0.0
TEX22,0.0
TEX26,0.0
TEX26-AS1,0.0
TEX261,0.0
TEX264,0.0
TEX28,0.0
TEX29,0.0
TEX30,0.31000911291009253
TEX35,0.0
TEX36,0.0
TEX36-AS1,0.0
TEX38,0.0
TEX41,0.0
TEX44,0.0
TEX46,0.0
TEX47,0.0
TEX48,0.0
TEX50,0.0
TEX51,0.0
TEX52,0.0
TEX53,0.0
TEX54,0.0
TEX55,0.0
TEX56P,0.0
TEX9,0.0
TF,0.0
TFAM,0.0
TFAMP1,0.0
TFAP2A,0.0
TFAP2A-AS1,0.0
TFAP2A-AS2,0.0
TFAP2B,0.0
TFAP2C,0.0
TFAP2D,0.0
TFAP2E,0.0
TFAP2E-AS1,0.0
TFAP4,0.0
TFB1M,0.0
TFB2M,0.0
TFCP2,0.0
TFCP2L1,0.0
TFDP1,1.3222192559702686
TFDP2,0.0
TFDP3,0.0
TFE3,0.0
TFE3-2,0.0
TFEB,0.0
TFEC,0.0
TFF1,0.0
TFF2,0.3010299127846113
TFF3,0.0
TFG,0.0
TFIP11,0.0
TFIP11-DT,0.0
TFPI,0.0
TFPI2,0.0
TFPI2-DT,0.0
TFPT,0.0
TFPT-10,0.0
TFPT-2,0.0
TFPT-3,0.0
TFPT-4,0.0
TFPT-5,0.0
TFPT-6,0.0
TFPT-7,0.0
TFPT-8,0.0
TFPT-9,0.0
TFR2,0.0
TFRC,0.0
TG,0.0
TGDS,2.625312396445628
TGFA,0.0
TGFA-IT1,0.0
TGFB1,1.2304488938951321
TGFB1I1,0.0
TGFB2,0.0
TGFB2-AS1,0.0
TGFB2-OT1,0.0
TGFB3,0.0
TGFBI,0.0
TGFBR1,2.285557323170166
TGFBR2,0.0
TGFBR3,0.0
TGFBR3L,0.0
TGFBRAP1,0.0
TGIF1,0.0
TGIF2,0.0
TGIF2-RAB5IF,0.0
TGIF2LX,0.0
TGIF2LY,0.0
TGM1,0.0
TGM2,0.0
TGM3,0.0
TGM4,0.0
TGM4-2,0.0
TGM5,0.0
TGM6,0.0
TGM7,0.0
TGOLN2,0.0
TGOLN2-2,0.0
TGS1,0.0
TH,0.0
TH2LCRR,0.0
THADA,0.0
THAP1,0.47712123369328163
THAP10,0.0
THAP11,0.0
THAP12,0.0
THAP2,0.0
THAP3,0.0
THAP3P1,0.0
THAP4,0.0
THAP5,0.0
THAP6,0.0
THAP7,0.0
THAP7-AS1,0.0
THAP8,0.0
THAP9,0.0
THAP9-AS1,0.0
THBD,0.0
THBS1,0.0
THBS1-IT1,0.0
THBS2,1.3222192991296473
THBS2-AS1,0.0
THBS3,0.0
THBS3-AS1,0.0
THBS4,0.0
THBS4-AS1,0.0
THCAT155,0.0
THEM4,0.9030899739320688
THEM5,0.0
THEM6,0.0
THEMIS,0.8482532259122115
THEMIS-2,0.8482532259122115
THEMIS2,0.0
THG1L,0.0
THNSL1,0.0
THNSL2,0.0
THOC1,1.5243933181205556
THOC2,2.5263392773772817
THOC3,0.0
THOC3-AS1,0.0
THOC5,0.0
THOC6,0.0
THOC7,1.146127836487325
THOC7-AS1,0.0
THOP1,0.0
THORLNC,0.0
THPO,0.0
THRA,0.3010299639527694
THRAP3,1.4471580211208037
THRB,1.7634279851378594
THRB-AS1,0.0
THRB-AS2,0.0
THRIL,1.041392652430104
THRSP,0.0
THSD1,0.0
THSD4,0.0
THSD4-AS1,0.0
THSD4-AS2,0.0
THSD7A,1.6532125247563503
THSD7B,0.0
THSD8,0.0
THTPA,0.0
THUMPD1,0.0
THUMPD2,1.5440679728902347
THUMPD3,0.0
THUMPD3-AS1,0.0
THY1,0.3010299961789394
THYN1,0.0
TIA1,0.6989699913066917
TIAL1,2.8727388125824778
TIALD,0.0
TIAM1,1.3424226789525389
TIAM1-AS1,0.0
TIAM2,0.0
TICAM1,0.0
TICAM2,0.0
TICAM2-AS1,0.0
TICRR,0.0
TIE1,0.0
TIFA,0.0
TIFAB,0.0
TIGAR,2.1931246038319254
TIGD1,0.30103008115449625
TIGD2,0.0
TIGD3,0.0
TIGD4,0.0
TIGD5,0.0
TIGD6,0.0
TIGD7,0.0
TIGIT,0.0
TILAM,0.0
TILRLS,0.0
TIMD4,0.0
TIMELESS,0.0
TIMM10,0.0
TIMM10B,0.3010299421000476
TIMM13,0.0
TIMM17A,0.0
TIMM17B,0.0
TIMM21,0.0
TIMM22,0.0
TIMM23,0.0
TIMM23B,0.0
TIMM23B-AGAP6,0.0
TIMM29,0.0
TIMM44,0.0
TIMM50,1.076002122079689
TIMM8A,2.829303682346821
TIMM8B,1.2871020973761005
TIMM9,0.0
TIMMDC1,0.0
TIMP1,0.0
TIMP2,1.5563024919906685
TIMP3,1.3010299807681904
TIMP4,0.0
TINAG,0.0
TINAG-AS1,0.0
TINAGL1,0.0
TINCR,0.30102999967749194
TINF2,0.0
TINF2-2,0.0
TIPARP,0.954242504934614
TIPARP-AS1,0.0
TIPIN,0.0
TIPRL,1.806179953999092
TIRAP,0.0
TIRAP-AS1,0.0
TJAP1,0.0
TJP1,1.0413926880849238
TJP1-2,0.0
TJP1-3,0.0
TJP2,0.0
TJP3,0.0
TK1,0.0
TK2,0.0
TKFC,0.0
TKT,0.0
TKTL1,0.0
TKTL2,0.0
TLCD1,0.0
TLCD2,0.301029990847395
TLCD3A,0.0
TLCD3B,0.0
TLCD4,0.778151252310436
TLCD4-RWDD3,0.0
TLCD5,3.190611785542733
TLDC2,0.0
TLE1,0.0
TLE1-DT,0.0
TLE2,0.0
TLE3,0.0
TLE4,0.0
TLE5,0.0
TLE6,0.0
TLE7,0.0
TLK1,3.0838607977219694
TLK2,3.195346062327518
TLL1,2.2227164757314446
TLL2,0.0
TLN1,0.0
TLN2,0.0
TLNRD1,0.0
TLR1,0.0
TLR10,0.0
TLR2,0.0
TLR3,0.0
TLR4,0.0
TLR5,0.0
TLR6,0.4771213007601156
TLR7,0.0
TLR8,0.0
TLR8-AS1,0.0
TLR9,0.0
TLX1,0.0
TLX1NB,0.0
TLX2,0.0
TLX3,0.0
TM2D1,0.0
TM2D2,0.0
TM2D3,0.0
TM4SF1,0.0
TM4SF1-AS1,0.0
TM4SF18,0.0
TM4SF18-AS1,0.0
TM4SF19,0.0
TM4SF19-AS1,0.0
TM4SF19-DYNLT2B,0.0
TM4SF20,0.0
TM4SF4,0.0
TM4SF5,0.0
TM6SF1,0.0
TM6SF2,0.0
TM7SF2,0.0
TM7SF3,0.0
TM9SF1,0.0
TM9SF2,0.0
TM9SF3,0.0
TM9SF4,1.230448912298806
TMA16,0.0
TMA7,1.8808140026614715
TMA7B,0.0
TMBIM1,0.0
TMBIM4,2.696356366193218
TMBIM6,1.1461280097905946
TMBIM7P,0.0
TMC1,0.0
TMC2,0.0
TMC3,0.0
TMC3-AS1,0.0
TMC4,0.0
TMC4-10,0.0
TMC4-2,0.0
TMC4-3,0.0
TMC4-4,0.0
TMC4-5,0.0
TMC4-6,0.0
TMC4-7,0.0
TMC4-8,0.0
TMC4-9,0.0
TMC5,0.0
TMC6,0.0
TMC7,0.0
TMC8,0.0
TMCC1,2.25042000077623
TMCC1-DT,0.0
TMCC2,0.0
TMCC2-AS1,0.0
TMCC3,2.2741578480245774
TMCO1,1.3010299534733842
TMCO1-AS1,0.0
TMCO2,0.0
TMCO3,0.0
TMCO4,0.0
TMCO5A,0.0
TMCO5B,0.0
TMCO6,0.0
TMDD1,0.0
TMED1,0.0
TMED10,0.0
TMED10P1,0.0
TMED11P,0.0
TMED2,0.0
TMED2-DT,0.0
TMED3,0.0
TMED4,0.30103000976189864
TMED5,3.461348433752253
TMED6,0.0
TMED7,0.3010299184840529
TMED7-TICAM2,0.0
TMED8,0.0
TMED9,0.0
TMEFF1,0.0
TMEFF2,2.113943362300514
TMEM100,1.568201670891607
TMEM101,0.0
TMEM102,0.0
TMEM104,0.0
TMEM105,0.30103004062750716
TMEM106A,0.0
TMEM106B,2.6314437790898157
TMEM106C,0.0
TMEM107,0.0
TMEM108,0.0
TMEM108-AS1,0.0
TMEM109,0.0
TMEM109-DT,0.0
TMEM11,0.0
TMEM11-DT,0.0
TMEM114,0.0
TMEM115,0.0
TMEM116,0.0
TMEM117,0.0
TMEM119,0.0
TMEM120A,0.0
TMEM120B,0.0
TMEM121,0.0
TMEM121B,0.0
TMEM123,0.0
TMEM123-DT,0.0
TMEM125,0.0
TMEM126A,0.0
TMEM126B,3.0366287571980197
TMEM127,0.0
TMEM128,0.3010299331151454
TMEM129,0.0
TMEM130,0.9999999717076015
TMEM131,0.0
TMEM131-2,0.0
TMEM131L,0.0
TMEM132A,0.0
TMEM132B,0.3010301786846554
TMEM132C,0.8450980135893658
TMEM132D,0.6989699808843255
TMEM132D-AS1,0.0
TMEM132D-AS2,0.0
TMEM132E,0.0
TMEM132E-DT,0.0
TMEM134,0.0
TMEM135,0.0
TMEM138,0.0
TMEM139,0.0
TMEM139-AS1,0.0
TMEM140,1.5152068777669965
TMEM141,0.0
TMEM143,0.0
TMEM144,0.0
TMEM145,0.0
TMEM147,0.0
TMEM147-AS1,0.0
TMEM14A,1.361727710211908
TMEM14B,0.0
TMEM14B-DT,0.0
TMEM14C,0.0
TMEM14EP,0.0
TMEM150A,0.0
TMEM150B,1.4623977556691359
TMEM150C,0.0
TMEM151A,0.0
TMEM151B,0.0
TMEM154,1.04139267074089
TMEM156,0.0
TMEM158,0.0
TMEM160,0.0
TMEM161A,0.0
TMEM161B,0.6020599679124254
TMEM161B-DT,0.3010301747268099
TMEM163,1.8976270450503836
TMEM164,0.0
TMEM165,0.0
TMEM167A,0.0
TMEM167B,0.0
TMEM167B-DT,0.0
TMEM168,0.0
TMEM169,0.0
TMEM17,0.27559423322287563
TMEM170A,0.903089994948233
TMEM170B,0.6020599501595525
TMEM171,0.0
TMEM174,0.0
TMEM175,0.0
TMEM176A,0.0
TMEM176B,0.0
TMEM177,0.0
TMEM178A,1.919078011282471
TMEM178B,0.0
TMEM179,0.0
TMEM179-2,0.0
TMEM179B,0.0
TMEM18,0.0
TMEM18-DT,0.0
TMEM181,0.9099418722725338
TMEM182,0.0
TMEM183A,0.47712124662308575
TMEM184A,0.0
TMEM184B,0.0
TMEM184B-AS1,0.0
TMEM184C,2.3783978920645112
TMEM184C-DT,0.0
TMEM185A,0.0
TMEM185B,0.0
TMEM186,0.0
TMEM187,0.0
TMEM19,0.0
TMEM190,0.0
TMEM191A,0.0
TMEM191B,0.0
TMEM191C,0.0
TMEM192,1.1760912756339463
TMEM196,0.0
TMEM198,0.0
TMEM198B,0.0
TMEM199,1.079181221843267
TMEM200A,0.3010300050711622
TMEM200B,0.0
TMEM200C,0.0
TMEM201,0.0
TMEM202,0.0
TMEM202-AS1,0.0
TMEM203,1.544067982456648
TMEM204,0.0
TMEM205,0.0
TMEM207,0.0
TMEM208,0.0
TMEM209,0.0
TMEM210,0.0
TMEM212,0.0
TMEM212-AS1,0.0
TMEM213,0.0
TMEM214,1.9542424696708418
TMEM215,0.0
TMEM216,0.0
TMEM217,0.0
TMEM217B,0.0
TMEM218,0.0
TMEM219,0.0
TMEM220,0.0
TMEM220-AS1,0.0
TMEM221,0.0
TMEM222,0.0
TMEM223,0.0
TMEM225,0.0
TMEM225B,0.0
TMEM229A,0.0
TMEM229B,0.4771212233262041
TMEM230,0.0
TMEM231,0.0
TMEM232,0.0
TMEM233,0.0
TMEM234,0.0
TMEM235,0.0
TMEM236,0.0
TMEM237,0.3010299016373069
TMEM238,0.0
TMEM238L,0.0
TMEM239,0.0
TMEM240,0.0
TMEM241,0.6020600204446748
TMEM242,0.0
TMEM242-DT,0.0
TMEM243,0.4812303535389161
TMEM244,0.0
TMEM245,1.6434526849619802
TMEM246-AS1,0.0
TMEM247,0.0
TMEM248,0.0
TMEM249,0.0
TMEM25,0.0
TMEM250,0.0
TMEM252,0.0
TMEM252-DT,0.0
TMEM253,0.0
TMEM254,0.30102989801697616
TMEM254-AS1,0.0
TMEM255A,0.0
TMEM255B,0.0
TMEM256,0.0
TMEM256-PLSCR3,0.0
TMEM258,0.0
TMEM259,0.0
TMEM26,0.0
TMEM26-AS1,0.0
TMEM260,0.0
TMEM262,0.0
TMEM263,0.0
TMEM263-DT,0.0
TMEM265,0.0
TMEM266,0.0
TMEM267,0.0
TMEM268,0.0
TMEM269,0.3010299955714124
TMEM269-DT,0.0
TMEM270,0.0
TMEM271,0.0
TMEM272,0.0
TMEM273,0.0
TMEM274P,0.0
TMEM275,0.0
TMEM276,0.0
TMEM276-ZFTRAF1,0.0
TMEM277P,0.0
TMEM30A,0.0
TMEM30A-DT,0.0
TMEM30B,0.0
TMEM30CP,0.0
TMEM31,0.0
TMEM33,0.30102997400466275
TMEM35A,0.0
TMEM35B,0.0
TMEM37,0.0
TMEM38A,0.0
TMEM38B,0.0
TMEM39A,0.0
TMEM39B,0.0
TMEM40,0.0
TMEM41A,0.0
TMEM41B,0.0
TMEM42,0.0
TMEM43,0.0
TMEM44,0.0
TMEM44-AS1,0.0
TMEM44-AS2,0.0
TMEM45A,0.0
TMEM45B,0.0
TMEM47,0.0
TMEM50A,1.3617277988534056
TMEM50B,0.0
TMEM50B-2,0.0
TMEM51,0.0
TMEM51-AS1,0.0
TMEM51-AS2,0.0
TMEM52,0.0
TMEM52B,0.0
TMEM53,0.30102998084021976
TMEM54,0.0
TMEM59,0.0
TMEM59L,0.9030899396747901
TMEM60,0.0
TMEM61,0.0
TMEM62,0.0
TMEM63A,0.0
TMEM63B,0.0
TMEM63C,0.0
TMEM64,0.0
TMEM65,0.0
TMEM67,0.0
TMEM68,0.0
TMEM69,0.0
TMEM70,0.0
TMEM71,0.0
TMEM72,0.0
TMEM72-AS1,0.0
TMEM74,0.0
TMEM74B,0.0
TMEM78,0.0
TMEM79,0.0
TMEM80,0.0
TMEM81,0.0
TMEM82,0.0
TMEM86A,0.0
TMEM86B,0.0
TMEM87A,0.0
TMEM87B,0.0
TMEM88,0.0
TMEM88B,0.0
TMEM89,0.0
TMEM8B,0.0
TMEM9,0.0
TMEM91,0.0
TMEM92,0.0
TMEM92-AS1,0.0
TMEM94,0.0
TMEM95,0.0
TMEM95-2,0.0
TMEM97,0.0
TMEM98,0.0
TMEM9B,0.0
TMEM9B-AS1,0.0
TMF1,0.0
TMIE,0.0
TMIGD1,0.0
TMIGD2,0.0
TMIGD3,0.0
TMLHE,0.6989699294367347
TMLHE-AS1,0.30102995605440197
TMOD1,0.0
TMOD2,2.11394335773817
TMOD3,0.0
TMOD4,0.0
TMPO,0.0
TMPO-AS1,0.0
TMPPE,0.0
TMPRSS11A,0.0
TMPRSS11B,0.0
TMPRSS11BNL,0.0
TMPRSS11D,0.0
TMPRSS11E,0.0
TMPRSS11E-2,0.0
TMPRSS11F,0.0
TMPRSS11GP,0.0
TMPRSS12,0.0
TMPRSS13,0.0
TMPRSS15,0.0
TMPRSS2,0.0
TMPRSS3,0.0
TMPRSS4,0.0
TMPRSS5,0.0
TMPRSS6,0.0
TMPRSS7,0.0
TMPRSS9,0.0
TMSB10,0.0
TMSB15A,0.0
TMSB15B,0.0
TMSB15B-AS1,0.0
TMSB15C,0.0
TMSB4X,0.3010301670156386
TMSB4Y,0.0
TMT1A,0.0
TMT1B,0.0
TMTC1,0.0
TMTC2,0.3010298466340123
TMTC3,0.0
TMTC4,0.0
TMUB1,0.0
TMUB2,1.2041199342418398
TMX1,2.7853298251304563
TMX2,0.6989699427365581
TMX2-CTNND1,1.9190780937480327
TMX3,0.0
TMX4,0.0
TMX4-AS1,0.0
TNC,2.0791812500719495
TNF,0.0
TNFAIP1,0.0
TNFAIP2,0.0
TNFAIP3,0.0
TNFAIP6,2.356025785619278
TNFAIP8,0.0
TNFAIP8L1,0.30102991620661457
TNFAIP8L2,0.0
TNFAIP8L2-SCNM1,0.0
TNFAIP8L3,0.0
TNFRSF10A,0.0
TNFRSF10A-DT,0.3010299999408481
TNFRSF10B,0.6020600006481955
TNFRSF10B-AS1,0.0
TNFRSF10C,0.0
TNFRSF10D,0.0
TNFRSF11A,0.0
TNFRSF11B,0.0
TNFRSF12A,0.0
TNFRSF13B,0.0
TNFRSF13C,0.0
TNFRSF14,0.0
TNFRSF14-2,0.0
TNFRSF14-AS1,0.0
TNFRSF17,0.0
TNFRSF18,0.0
TNFRSF19,0.0
TNFRSF1A,0.0
TNFRSF1B,0.0
TNFRSF21,0.30103002832489023
TNFRSF25,0.0
TNFRSF4,0.0
TNFRSF6B,0.0
TNFRSF8,0.4771212060122003
TNFRSF9,0.0
TNFSF10,0.0
TNFSF11,0.0
TNFSF12,0.0
TNFSF12-TNFSF13,0.0
TNFSF13,0.0
TNFSF13B,0.9542424879808369
TNFSF14,0.0
TNFSF15,0.30103008437253737
TNFSF18,0.0
TNFSF4,0.0
TNFSF8,0.0
TNFSF9,0.0
TNIK,1.4149733424423827
TNIP1,0.0
TNIP2,0.0
TNIP2P1,0.0
TNIP3,0.0
TNK1,0.0
TNK1-2,0.0
TNK2,1.380335814990956
TNK2-AS1,0.0
TNKS,0.0
TNKS-2,0.9030900309873615
TNKS1BP1,0.0
TNKS2,1.6127838614953487
TNKS2-DT,0.0
TNMD,0.0
TNN,0.0
TNNC1,0.0
TNNC2,0.0
TNNI1,0.0
TNNI2,0.0
TNNI3,0.0
TNNI3K,0.0
TNNT1,0.0
TNNT2,0.0
TNNT3,0.0
TNNT3-2,0.0
TNP1,0.0
TNP2,0.0
TNPO1,1.34242267654012
TNPO1-DT,0.0
TNPO2,0.0
TNPO3,0.0
TNR,3.1189257644579036
TNRC17,1.0413926622240568
TNRC18,0.6989699577890017
TNRC18P1,0.0
TNRC6A,0.6020599881027873
TNRC6B,2.484299855122742
TNRC6B-DT,0.0
TNRC6C,1.3424227056449185
TNS1,0.30103008088021554
TNS1-AS1,0.0
TNS2,0.0
TNS2-AS1,0.0
TNS3,0.47712117098224666
TNS4,0.0
TNXA,0.0
TNXB,0.0
TOB1,2.9222062413187158
TOB1-AS1,0.0
TOB2,0.0
TOB2P1,0.0
TODL,0.0
TOE1,0.0
TOGARAM1,0.3010301194705216
TOGARAM2,0.0
TOLLIP,0.0
TOLLIP-2,0.0
TOLLIP-DT,0.0
TOM1,0.0
TOM1L1,0.0
TOM1L2,1.4623979889873726
TOMM20,0.0
TOMM20L,0.0
TOMM20L-DT,0.0
TOMM22,0.0
TOMM22-DT,0.0
TOMM34,0.0
TOMM40,0.0
TOMM40L,0.0
TOMM5,0.0
TOMM6,0.0
TOMM7,0.0
TOMM70,0.3010299932488303
TOMT,0.0
TONSL,0.0
TONSL-AS1,0.0
TOP1,0.0
TOP1MT,0.0
TOP1P1,0.0
TOP1P2,0.0
TOP2A,0.0
TOP2B,0.0
TOP3A,0.0
TOP3A-2,0.0
TOP3B,0.0
TOP6BL,0.0
TOPAZ1,0.0
TOPBP1,1.2304489100030105
TOPORS,0.0
TOR1A,0.0
TOR1AIP1,0.0
TOR1AIP2,0.47712124025180025
TOR1B,0.0
TOR2A,0.0
TOR3A,0.0
TOR4A,0.0
TOX,1.8864907152450738
TOX-DT,0.0
TOX2,0.0
TOX3,0.0
TOX4,0.0
TP53,0.0
TP53AIP1,0.0
TP53BP1,1.9777235940728708
TP53BP2,0.30102996776093055
TP53I11,0.0
TP53I13,0.0
TP53I3,0.0
TP53INP1,0.0
TP53INP2,0.0
TP53RK,0.0
TP53RK-DT,0.0
TP53TG1,0.0
TP53TG3,0.0
TP53TG3B,0.0
TP53TG3C,0.0
TP53TG3D,0.0
TP53TG3E,0.0
TP53TG3F,0.0
TP53TG3HP,0.0
TP53TG5,0.0
TP63,0.0
TP73,0.0
TP73-AS2,0.0
TP73-AS3,0.0
TPBG,0.0
TPBGL,0.0
TPBGL-AS1,0.0
TPCN1,0.0
TPCN2,1.1139433595452561
TPD52,0.0
TPD52-MRPS28,0.0
TPD52L1,0.0
TPD52L2,0.0
TPD52L3,0.0
TPGS1,0.0
TPGS2,0.0
TPH1,0.0
TPH2,0.0
TPI1,0.0
TPI1P2,0.0
TPI1P3,0.0
TPK1,0.0
TPM1,0.0
TPM1-AS,0.0
TPM2,0.0
TPM3,0.0
TPM3P9,0.0
TPM4,0.0
TPMT,1.6020599729553946
TPO,0.0
TPP1,0.0
TPP2,0.0
TPPP,0.0
TPPP2,0.0
TPPP3,0.0
TPR,0.0
TPRA1,0.0
TPRG1,0.0
TPRG1-AS1,0.0
TPRG1-AS2,0.0
TPRG1L,0.0
TPRKB,0.0
TPRN,0.0
TPRX1,0.0
TPRX2,0.0
TPRXL,0.0
TPSAB1,0.0
TPSB2,0.0
TPSD1,0.0
TPSG1,0.0
TPST1,0.0
TPST2,0.3010300003541423
TPT1,0.30102993857819804
TPT1-AS1,0.0
TPTE,0.0
TPTE2,0.0
TPTE2-AS1,0.0
TPTE2P1,0.0
TPTE2P2,0.0
TPTE2P3,0.0
TPTE2P5,0.0
TPTE2P6,0.0
TPTEP1,0.0
TPTEP2,0.0
TPTEP2-CSNK1E,0.0
TPX2,0.0
TRA2A,2.397939949058827
TRA2B,3.134814360957542
TRABD,0.0
TRABD-AS1,0.0
TRABD2A,0.0
TRABD2B,0.0
TRADD,0.0
TRAF1,0.0
TRAF2,0.0
TRAF3,0.0
TRAF3IP1,0.0
TRAF3IP2,0.0
TRAF3IP2-AS1,2.7895807068190615
TRAF3IP3,0.0
TRAF4,0.9999999836012606
TRAF5,0.0
TRAF6,0.0
TRAF7,0.0
TRAFD1,0.0
TRAIP,0.0
TRAK1,0.0
TRAK2,0.0
TRAM1,1.2304489043580173
TRAM1L1,0.0
TRAM2,0.0
TRAM2-AS1,0.0
TRANK1,0.0
TRAP1,0.0
TRAPPC1,0.0
TRAPPC10,0.0
TRAPPC11,0.0
TRAPPC12,0.30103004518298
TRAPPC12-AS1,0.0
TRAPPC13,1.4313637438646067
TRAPPC14,0.0
TRAPPC2,2.710963093451823
TRAPPC2B,0.0
TRAPPC2L,0.9542424768712726
TRAPPC3,0.0
TRAPPC3L,0.0
TRAPPC4,2.4116196343532605
TRAPPC4-2,0.0
TRAPPC5,0.0
TRAPPC6A,0.0
TRAPPC6B,1.9777235870896608
TRAPPC8,0.0
TRAPPC9,0.0
TRARG1,0.0
TRAT1,0.0
TRD-AS1,0.0
TRDMT1,0.0
TRDN,0.3010300071659751
TRDN-AS1,0.0
TREH,1.531478893075803
TREM1,0.0
TREM2,0.0
TREML1,0.0
TREML2,0.0
TREML3P,0.0
TREML4,0.0
TREML5P,0.0
TRERF1,0.0
TRERNA1,0.0
TREX1,1.6127837549132384
TREX2,0.0
TRG-AS1,0.0
TRH,0.0
TRHDE,0.0
TRHDE-AS1,0.0
TRHR,0.0
TRIAP1,0.0
TRIB1,0.0
TRIB1AL,0.0
TRIB2,2.6211762576214612
TRIB3,0.0
TRIL,0.0
TRIM10,0.0
TRIM10-2,0.0
TRIM10-3,0.0
TRIM10-4,0.0
TRIM10-5,0.0
TRIM10-6,0.0
TRIM10-7,0.30102992044514
TRIM10-8,0.0
TRIM11,0.0
TRIM13,0.0
TRIM14,0.0
TRIM15,0.0
TRIM15-2,0.0
TRIM15-3,0.0
TRIM15-4,0.0
TRIM15-5,0.0
TRIM15-6,0.0
TRIM15-7,0.0
TRIM15-8,0.0
TRIM16,0.0
TRIM16L,0.0
TRIM17,0.0
TRIM2,2.361727838995301
TRIM21,0.0
TRIM22,0.0
TRIM23,0.0
TRIM24,0.0
TRIM25,0.0
TRIM26,0.0
TRIM26-2,0.0
TRIM26-3,0.0
TRIM26-4,0.0
TRIM26-5,0.0
TRIM26-7,0.0
TRIM26-8,0.0
TRIM27,0.0
TRIM28,0.0
TRIM29,0.0
TRIM3,0.0
TRIM31,0.0
TRIM31-3,0.0
TRIM31-4,0.0
TRIM31-5,0.0
TRIM31-6,0.0
TRIM31-7,0.0
TRIM31-8,0.0
TRIM31-AS1,0.0
TRIM32,0.0
TRIM33,0.0
TRIM34,0.0
TRIM35,0.0
TRIM36,0.0
TRIM37,0.7781512206410162
TRIM38,0.0
TRIM39,0.0
TRIM39-RPP21,0.0
TRIM4,0.0
TRIM40,0.0
TRIM40-2,0.0
TRIM40-3,0.0
TRIM40-4,0.0
TRIM40-5,0.0
TRIM40-6,0.0
TRIM40-7,0.0
TRIM40-8,0.0
TRIM41,0.0
TRIM42,0.0
TRIM43,0.0
TRIM43B,0.0
TRIM43B-2,0.0
TRIM44,0.0
TRIM45,0.0
TRIM46,0.3010300048591809
TRIM47,0.0
TRIM48,0.0
TRIM49,0.0
TRIM49B,0.0
TRIM49C,0.0
TRIM49D1,0.0
TRIM49D2,0.0
TRIM5,0.0
TRIM50,0.0
TRIM51,0.0
TRIM51EP,0.0
TRIM51G,0.0
TRIM51HP,0.0
TRIM52,2.2579242585781327
TRIM52-AS1,0.0
TRIM53AP,0.0
TRIM54,0.0
TRIM55,0.0
TRIM56,0.0
TRIM58,0.0
TRIM59,0.0
TRIM59-IFT80,0.0
TRIM6,0.0
TRIM6-TRIM34,0.0
TRIM60,0.0
TRIM61,0.0
TRIM62,0.0
TRIM63,0.0
TRIM64,0.0
TRIM64B,0.0
TRIM64C,0.0
TRIM65,0.0
TRIM66,0.0
TRIM67,0.0
TRIM67-AS1,0.0
TRIM68,0.0
TRIM69,0.0
TRIM7,0.0
TRIM7-AS1,0.0
TRIM7-AS2,0.0
TRIM71,0.0
TRIM72,0.0
TRIM73,0.0
TRIM74,0.0
TRIM75,0.0
TRIM77,0.0
TRIM8,0.8450980228334657
TRIM8-DT,0.0
TRIM9,1.4313637514670479
TRIML1,0.0
TRIML2,0.0
TRIO,0.47712124925368427
TRIOBP,0.0
TRIP10,0.0
TRIP11,1.579783596672129
TRIP12,0.0
TRIP13,0.0
TRIP4,0.0
TRIP6,0.0
TRIQK,0.4771212390305438
TRIR,0.0
TRIT1,0.0
TRMO,0.0
TRMT1,0.0
TRMT10A,0.0
TRMT10B,0.0
TRMT10C,0.7781512115795943
TRMT11,2.7759698476038417
TRMT112,0.4771211839677496
TRMT12,0.0
TRMT13,0.0
TRMT1L,0.0
TRMT2A,0.0
TRMT2B,0.0
TRMT44,0.0
TRMT5,0.0
TRMT6,0.0
TRMT61A,0.0
TRMT61B,0.0
TRMT9B,0.0
TRMU,0.0
TRNAU1AP,0.0
TRNP1,0.0
TRNT1,1.079181212117636
TRO,2.5010592185115734
TROAP,0.0
TROAP-AS1,0.0
TRPA1,0.0
TRPA2P,0.0
TRPC1,0.30103006080638756
TRPC2,0.0
TRPC3,0.0
TRPC4,0.0
TRPC4AP,2.1492190754396647
TRPC5,0.0
TRPC5OS,0.0
TRPC6,0.0
TRPC7,0.0
TRPC7-AS1,0.0
TRPC7-AS2,0.0
TRPM1,0.0
TRPM1-2,0.0
TRPM1-3,0.0
TRPM2,0.0
TRPM2-AS,0.0
TRPM3,0.0
TRPM4,0.0
TRPM5,0.0
TRPM6,0.0
TRPM7,3.41246055662684
TRPM8,0.0
TRPS1,0.0
TRPS1-AS1,0.0
TRPT1,0.0
TRPV1,0.0
TRPV2,0.0
TRPV3,0.0
TRPV4,0.0
TRPV5,0.0
TRPV6,0.0
TRRAP,1.3010300196018212
TRUB1,0.0
TRUB2,1.4771212512015066
TSACC,0.0
TSBP1,0.0
TSBP1-3,0.0
TSBP1-4,0.0
TSBP1-5,0.0
TSBP1-7,0.0
TSBP1-8,0.0
TSBP1-AS1,0.0
TSC1,2.110589715853936
TSC2,0.30103009787792023
TSC22D1,2.76937730741769
TSC22D1-AS1,0.0
TSC22D2,1.4913617057910245
TSC22D3,2.0253058135854527
TSC22D4,0.0
TSC22D4-C7ORF61,0.0
TSEN15,2.1205738806431875
TSEN2,0.0
TSEN34,0.0
TSEN34-10,0.0
TSEN34-2,0.0
TSEN34-3,0.0
TSEN34-4,0.0
TSEN34-5,0.0
TSEN34-6,0.0
TSEN34-7,0.0
TSEN34-8,0.0
TSEN34-9,0.0
TSEN54,1.3802112014611463
TSFM,0.0
TSG1,0.0
TSG101,0.0
TSGA10,0.0
TSGA10IP,0.0
TSGA13,0.0
TSHB,0.0
TSHR,0.0
TSHZ1,0.0
TSHZ2,0.6989699686843508
TSHZ3,0.0
TSHZ3-AS1,0.0
TSIX,0.9970409547873628
TSKS,0.0
TSKU,0.0
TSKU-AS1,0.0
TSL,0.0
TSLP,0.0
TSN,0.0
TSNARE1,0.0
TSNAX,0.0
TSNAX-DISC1,0.0
TSNAXIP1,0.0
TSPAN1,0.0
TSPAN10,0.0
TSPAN11,0.0
TSPAN11-AS1,0.0
TSPAN12,0.0
TSPAN13,0.0
TSPAN14,0.0
TSPAN14-AS1,0.0
TSPAN15,0.4056270470164153
TSPAN16,0.0
TSPAN17,0.0
TSPAN18,0.0
TSPAN18-AS1,0.0
TSPAN19,0.0
TSPAN2,0.0
TSPAN3,2.1303337711453927
TSPAN31,0.0
TSPAN32,0.0
TSPAN33,0.0
TSPAN4,0.0
TSPAN5,0.0
TSPAN5-DT,0.0
TSPAN6,0.3010300530685443
TSPAN7,2.499687029318402
TSPAN8,0.0
TSPAN9,0.0
TSPAN9-IT1,0.0
TSPEAR,0.0
TSPEAR-AS1,0.0
TSPEAR-AS2,0.0
TSPO,0.0
TSPO2,0.0
TSPOAP1,0.0
TSPOAP1-AS1,0.6214934166347046
TSPY1,0.0
TSPY1-2,0.0
TSPY10,0.0
TSPY10-2,0.0
TSPY2,0.0
TSPY2-2,0.0
TSPY26P,0.0
TSPY3,0.0
TSPY3-2,0.0
TSPY4,0.0
TSPY4-2,0.0
TSPY8,0.0
TSPY8-2,0.0
TSPY9,0.0
TSPY9-2,0.0
TSPYL1,2.838849087552156
TSPYL2,1.4913616719065448
TSPYL4,2.2764617950173514
TSPYL5,0.0
TSPYL6,0.0
TSR1,0.0
TSR2,0.0
TSR3,0.0
TSSC2,0.0
TSSC4,0.602059932616998
TSSK1B,0.0
TSSK2,0.0
TSSK3,0.0
TSSK4,0.0
TSSK4-2,0.0
TSSK6,0.0
TST,0.0
TSTD1,0.0
TSTD2,0.7781512279798449
TSTD3,0.0
TTBK1,0.0
TTBK2,0.0
TTBK2-AS1,0.0
TTC1,0.0
TTC12,0.0
TTC12-DT,0.0
TTC13,0.0
TTC14,0.0
TTC14-DT,0.0
TTC16,0.0
TTC17,2.1430147993543964
TTC19,0.7973985794426665
TTC21A,0.0
TTC21B,0.0
TTC21B-AS1,0.0
TTC22,0.0
TTC23,0.0
TTC23-AS1,0.0
TTC23L,0.30102995376714986
TTC23L-AS1,0.0
TTC24,0.0
TTC24-2,0.0
TTC27,0.0
TTC28,0.0
TTC28-AS1,0.0
TTC29,0.0
TTC3,2.96189548149846
TTC3-AS1,0.0
TTC31,0.0
TTC32,2.161368063065314
TTC33,2.9380190961809363
TTC34,0.0
TTC36,0.0
TTC36-AS1,0.0
TTC38,0.0
TTC39A,0.0
TTC39A-AS1,0.0
TTC39B,0.3010302013956171
TTC39C,2.396199337987545
TTC39C-AS1,0.0
TTC3P1,0.0
TTC4,1.8573324561288798
TTC41P,0.0
TTC5,0.0
TTC6,0.3010299897839022
TTC7A,0.0
TTC7B,0.0
TTC7B-AS1,0.0
TTC8,0.0
TTC9,0.0
TTC9-DT,0.0
TTC9B,0.0
TTC9C,0.0
TTF1,0.0
TTF2,0.3010301889742121
TTI1,0.0
TTI2,0.0
TTK,0.0
TTL,1.8195439485457618
TTLL1,0.0
TTLL1-AS1,0.6020599588494383
TTLL10,0.0
TTLL10-AS1,0.301029953066774
TTLL11,1.146128036274422
TTLL12,0.0
TTLL13,0.0
TTLL2,0.0
TTLL3,0.0
TTLL4,0.0
TTLL5,0.0
TTLL6,0.0
TTLL7,2.264817827844766
TTLL7-IT1,0.0
TTLL8,0.0
TTLL9,0.0
TTN,1.518513915162126
TTN-AS1,0.0
TTPA,1.2213587537321624
TTPAL,0.0
TTR,0.0
TTTY1,0.0
TTTY10,0.0
TTTY11,0.0
TTTY12,0.0
TTTY13,0.0
TTTY14,0.0
TTTY15,0.0
TTTY16,0.0
TTTY17A,0.0
TTTY17B,0.0
TTTY17C,0.0
TTTY18,0.0
TTTY19,0.0
TTTY1B,0.0
TTTY2,0.0
TTTY20,0.0
TTTY21,0.0
TTTY21B,0.0
TTTY22,0.0
TTTY23,0.0
TTTY23B,0.0
TTTY2B,0.0
TTTY3,0.0
TTTY3B,0.0
TTTY4,0.0
TTTY4B,0.0
TTTY4C,0.0
TTTY5,0.0
TTTY6,0.0
TTTY6B,0.0
TTTY7,0.0
TTTY7B,0.0
TTTY8,0.0
TTTY8B,0.0
TTTY9A,0.0
TTTY9B,0.0
TTYH1,0.7781512086049945
TTYH2,0.0
TTYH3,0.0
TUB,0.0
TUB-AS1,0.0
TUBA1A,0.0
TUBA1B,0.6020599379731209
TUBA1B-AS1,0.0
TUBA1C,0.0
TUBA3C,0.0
TUBA3D,0.0
TUBA3E,0.0
TUBA3FP,0.0
TUBA4A,0.0
TUBA4B,0.0
TUBA8,0.0
TUBAL3,0.0
TUBB,0.0
TUBB1,0.0
TUBB2A,1.6767830984338323
TUBB2B,0.0
TUBB3,1.9164023282336982
TUBB4A,0.0
TUBB4B,0.0
TUBB6,0.0
TUBB8,0.0
TUBB8B,0.0
TUBBP5,0.0
TUBD1,0.0
TUBE1,2.665580950593438
TUBG1,0.0
TUBG2,1.5797835073098025
TUBGCP2,1.0000000035943617
TUBGCP3,0.0
TUBGCP4,0.0
TUBGCP5,0.0
TUBGCP5-2,0.0
TUBGCP5-3,0.0
TUBGCP6,0.0
TUFM,0.0
TUFT1,0.0
TUG1,0.0
TULP1,0.0
TULP2,0.0
TULP3,0.0
TULP4,0.0
TUNAR,0.0
TUSC1,0.0
TUSC2,0.0
TUSC3,1.491361659418364
TUSC7,1.6989699654449748
TUSC8,0.0
TUT1,0.0
TUT4,0.0
TUT7,0.0
TVP23A,0.0
TVP23B,0.0
TVP23C,0.0
TVP23C-CDRT4,0.0
TWF1,1.9637878071974795
TWF2,0.0
TWF2-DT,0.0
TWIST1,0.0
TWIST2,0.0
TWIST2-2,0.0
TWNK,0.0
TWSG1,0.0
TWSG1-DT,0.0
TXK,0.0
TXLNA,0.0
TXLNB,0.3010299356853812
TXLNG,0.0
TXLNGY,0.0
TXN,0.0
TXN2,0.0
TXNDC11,0.0
TXNDC11-AS1,0.0
TXNDC12,0.0
TXNDC12-AS1,0.0
TXNDC15,0.0
TXNDC16,0.0
TXNDC17,0.0
TXNDC2,0.0
TXNDC5,0.0
TXNDC8,0.0
TXNDC9,0.0
TXNIP,1.7634279693324997
TXNL1,0.6989699727677468
TXNL4A,0.0
TXNL4B,0.0
TXNRD1,0.0
TXNRD2,0.0
TXNRD3,0.0
TYK2,0.0
TYMP,0.0
TYMS,0.0
TYMSOS,0.0
TYR,0.0
TYRO3,0.0
TYRO3P,0.0
TYROBP,0.0
TYRP1,0.0
TYSND1,0.0
TYW1,0.0
TYW1B,0.0
TYW3,0.0
TYW5,0.0
U2AF1,0.0
U2AF1L4,0.0
U2AF2,0.6989699494125494
U2SURP,2.600972900627979
UACA,0.0
UAP1,0.0
UAP1-DT,0.0
UAP1L1,0.0
UBA1,0.6989699768314127
UBA2,0.0
UBA2-2,0.0
UBA3,2.238046061271757
UBA5,0.0
UBA52,0.0
UBA6,2.8639173750222713
UBA6-DT,0.0
UBA7,0.0
UBAC1,0.0
UBAC2,0.0
UBAC2-AS1,0.0
UBALD1,0.0
UBALD2,0.0
UBAP1,2.3616937695906235
UBAP1L,0.0
UBAP2,0.0
UBAP2L,0.0
UBASH3A,0.0
UBASH3B,0.0
UBB,0.9542424465745928
UBBP4,0.0
UBC,2.330413736283959
UBD,0.0
UBE2A,0.0
UBE2B,0.47712124585276017
UBE2C,0.0
UBE2CP5,0.0
UBE2D1,0.0
UBE2D2,0.0
UBE2D3,2.086359816733525
UBE2D3-AS1,0.0
UBE2D3P5,0.0
UBE2D4,1.6532124937641652
UBE2DNL,0.0
UBE2E1,0.0
UBE2E1-AS1,0.0
UBE2E2,1.8512583229307784
UBE2E2-DT,0.0
UBE2E3,0.9030897684807985
UBE2E3-DT,0.0
UBE2E4P,0.0
UBE2F,0.0
UBE2F-SCLY,0.0
UBE2FP1,0.0
UBE2G1,0.0
UBE2G2,0.9030899580901688
UBE2H,0.30103007613034205
UBE2H-DT,0.0
UBE2I,0.3010299337046662
UBE2J1,0.0
UBE2J2,0.0
UBE2K,1.8808136126610429
UBE2L3,0.0
UBE2L5,0.0
UBE2L6,1.9731277643943597
UBE2M,0.0
UBE2MP1,0.0
UBE2N,1.8061799697624532
UBE2NL,0.0
UBE2NL-2,0.0
UBE2O,0.0
UBE2Q1,0.0
UBE2Q1-AS1,0.0
UBE2Q2,0.0
UBE2Q2P1,0.0
UBE2Q2P13,0.0
UBE2Q2P16,0.0
UBE2Q2P2,0.0
UBE2QL1,0.0
UBE2R2,0.0
UBE2R2-AS1,0.0
UBE2S,0.0
UBE2T,0.0
UBE2U,0.0
UBE2V1,2.2455126343895597
UBE2V1P16,0.0
UBE2V2,0.0
UBE2V2-AS1,0.0
UBE2W,0.6020599738684369
UBE2Z,0.0
UBE3A,0.6020600379969974
UBE3B,0.0
UBE3C,0.0
UBE3D,0.3010301323346656
UBE4A,3.2501759489377275
UBE4B,0.0
UBFD1,0.30102999585396983
UBIAD1,0.0
UBL3,0.0
UBL4A,0.0
UBL4B,0.0
UBL5,1.255272937304206
UBL7,0.0
UBL7-2,0.0
UBL7-DT,0.0
UBLCP1,0.0
UBN1,0.0
UBN2,2.658964855998742
UBOX5,0.0
UBOX5-AS1,0.0
UBP1,1.176091248529179
UBQLN1,0.0
UBQLN1-AS1,0.0
UBQLN2,0.0
UBQLN3,0.0
UBQLN4,0.0
UBQLNL,0.0
UBR1,2.5477747097634356
UBR2,0.0
UBR3,1.6127838643285737
UBR4,0.0
UBR5,1.1139433654042161
UBR5-DT,0.0
UBR7,0.0
UBTD1,0.0
UBTD2,0.301030008633632
UBTF,2.0253058597080993
UBTFL1,0.0
UBXN1,0.0
UBXN10,0.0
UBXN11,0.0
UBXN2A,0.47712131147508996
UBXN2B,0.0
UBXN4,1.5440680361343075
UBXN6,0.0
UBXN7,2.7853298438158762
UBXN7-AS1,0.0
UBXN8,0.0
UC.134,0.0
UCA1,0.0
UCHL1,2.759667741569058
UCHL1-DT,0.0
UCHL3,0.0
UCHL5,0.0
UCK1,2.5550944080972906
UCK2,0.0
UCKL1,0.0
UCKL1-AS1,0.0
UCMA,0.0
UCN,0.0
UCN2,0.0
UCN3,0.0
UCP1,0.0
UCP2,0.0
UCP3,0.0
UEVLD,0.0
UFC1,0.0
UFD1,0.0
UFD1-AS1,0.0
UFL1,0.0
UFL1-AS1,0.0
UFM1,0.0
UFSP1,0.0
UFSP2,0.0
UGCG,0.3010299541700347
UGDH,1.7160033189477595
UGDH-AS1,0.9542425017851172
UGGT1,0.3028632696852703
UGGT2,1.8633228472441468
UGP2,2.2329960708470007
UGT1A1,0.0
UGT1A10,0.0
UGT1A3,0.0
UGT1A4,0.0
UGT1A5,0.0
UGT1A6,0.0
UGT1A7,0.0
UGT1A8,0.0
UGT1A9,0.0
UGT2A1,0.0
UGT2A2,0.0
UGT2A3,0.0
UGT2A3-2,0.0
UGT2B10,0.0
UGT2B10-2,0.0
UGT2B11,0.0
UGT2B15,0.0
UGT2B15-2,0.0
UGT2B17,0.0
UGT2B28,0.0
UGT2B4,0.0
UGT2B7,0.0
UGT3A1,0.0
UGT3A2,0.0
UGT8,0.6020599778173649
UHMK1,0.0
UHRF1,0.0
UHRF2,2.079181217645033
UICLM,0.0
UIMC1,0.0
ULBP1,0.0
ULBP2,0.0
ULBP3,0.0
ULK1,0.0
ULK2,1.6901960639668374
ULK3,0.0
ULK4,0.0
ULK4P1,0.0
ULK4P2,0.0
ULK4P3,0.0
UMAD1,0.0
UMLILO,0.0
UMOD,0.0
UMODL1,0.0
UMODL1-AS1,0.0
UMPS,0.0
UNC119,0.0
UNC119B,0.0
UNC13A,0.0
UNC13B,0.0
UNC13C,0.0
UNC13D,0.0
UNC45A,0.0
UNC45B,0.0
UNC50,2.9965115727861225
UNC5A,0.0
UNC5B,0.0
UNC5B-AS1,0.0
UNC5C,0.0
UNC5C-AS1,0.0
UNC5CL,0.0
UNC5D,0.0
UNC79,0.0
UNC79-2,0.0
UNC80,1.1139433506216339
UNC93A,0.0
UNC93B1,0.0
UNCX,0.0
UNG,0.0
UNK,1.2304488985134607
UNKL,0.0
UOX,0.0
UPB1,0.0
UPF1,0.0
UPF2,3.1085649872421692
UPF3A,0.0
UPF3B,0.0
UPK1A,0.0
UPK1A-AS1,0.0
UPK1B,0.0
UPK2,0.0
UPK3A,0.0
UPK3B,0.0
UPK3B-2,0.0
UPK3BL1,0.0
UPK3BL2,0.0
UPP1,0.0
UPP2,0.0
UPRT,0.0
UQCC1,0.0
UQCC2,0.0
UQCC3,0.0
UQCC4,0.0
UQCC5,0.0
UQCC6,0.0
UQCR10,1.3222190851855011
UQCR11,0.3010299736083491
UQCRB,1.4471580487641003
UQCRB-AS1,0.0
UQCRBP1,0.0
UQCRC1,0.0
UQCRC2,0.0
UQCRFS1,0.0
UQCRFS1-DT,0.0
UQCRH,2.004321474364532
UQCRHL,0.0
UQCRQ,0.0
URAD,0.0
URAHP,0.0
URB1,1.041392662575932
URB1-AS1,0.0
URB2,0.0
URGCP,0.0
URGCP-MRPS24,0.0
URI1,0.0
URM1,0.0
UROC1,0.0
UROD,0.0
UROS,0.0
USB1,0.0
USE1,0.0
USF1,0.0
USF2,0.0
USF3,0.0
USH1C,0.0
USH1G,0.0
USH2A,0.0
USH2A-AS1,0.0
USH2A-AS2,0.0
USHBP1,0.47712120338677977
USO1,1.832508902607535
USP1,2.474216247748977
USP10,0.0
USP11,0.0
USP12,0.0
USP12-AS1,0.0
USP12-DT,0.0
USP13,1.1139433371207679
USP14,2.4617238845057834
USP15,0.3010300077202521
USP16,0.0
USP16-2,0.0
USP17L1,0.0
USP17L10,0.0
USP17L11,0.0
USP17L12,0.0
USP17L13,0.0
USP17L15,0.0
USP17L17,0.0
USP17L18,0.0
USP17L19,0.0
USP17L2,0.0
USP17L20,0.0
USP17L21,0.0
USP17L22,0.0
USP17L24,0.0
USP17L25,0.0
USP17L26,0.0
USP17L27,0.0
USP17L28,0.0
USP17L29,0.0
USP17L3,0.0
USP17L30,0.0
USP17L4,0.0
USP17L5,0.0
USP17L6P,0.0
USP17L7,0.0
USP17L8,0.0
USP17L9P,0.0
USP18,0.0
USP19,0.0
USP2,0.0
USP2-AS1,0.0
USP20,1.8573324877354551
USP21,0.0
USP22,2.721810611363988
USP24,2.1172713032002286
USP25,0.3010772119751063
USP26,0.0
USP27X,0.0
USP27X-DT,0.0
USP28,0.0
USP29,0.0
USP3,2.7685747558436944
USP3-AS1,0.0
USP30,0.0
USP30-AS1,0.0
USP31,0.0
USP32,0.7108982054535661
USP32P1,0.0
USP32P2,0.0
USP32P3,0.0
USP33,1.9138138227292634
USP34,0.0
USP34-DT,0.3078866444768617
USP35,0.0
USP36,0.0
USP37,0.0
USP38,0.0
USP38-DT,0.0
USP39,0.0
USP4,0.0
USP40,1.7708519909961014
USP42,0.30102994044592435
USP43,0.0
USP44,0.0
USP45,0.3010299853033564
USP46,0.0
USP46-DT,0.0
USP47,0.0
USP48,0.0
USP49,0.0
USP5,0.0
USP50,0.0
USP51,0.0
USP53,0.0
USP54,0.0
USP6,1.7401603739322486
USP6NL,0.0
USP6NL-AS1,0.0
USP7,2.276461801534425
USP7-AS1,0.0
USP8,3.014089967019523
USP9X,0.0
USP9Y,0.0
USPL1,0.0
UST,0.0
UST-AS1,0.0
UST-AS2,0.0
UTF1,0.0
UTP11,0.0
UTP14A,0.0
UTP14C,0.0
UTP15,0.0
UTP18,0.6020599538724765
UTP20,1.3617278301670968
UTP23,0.0
UTP25,0.0
UTP3,0.0
UTP4,0.0
UTP6,0.0
UTRN,0.0
UTS2,0.0
UTS2B,0.0
UTS2R,0.0
UTY,0.0
UVRAG,0.3010299630690002
UVRAG-DT,0.0
UVSSA,2.230448931230382
UXS1,0.0
UXT,0.0
UXT-AS1,0.0
VAC14,0.9542425882356803
VAC14-AS1,0.0
VAMP1,0.0
VAMP2,0.6020599545316334
VAMP3,0.0
VAMP4,0.0
VAMP5,0.0
VAMP7,0.0
VAMP7-2,0.0
VAMP8,0.0
VAMP9P,0.0
VANGL1,0.30102998200364434
VANGL2,0.0
VAPA,2.2552725073852438
VAPB,0.0
VARS1,0.0
VARS1-2,0.0
VARS1-3,0.0
VARS1-4,0.0
VARS1-5,0.0
VARS2,0.9030899893111326
VASH1,0.0
VASH1-AS1,0.0
VASH2,0.0
VASN,0.0
VASP,0.0
VAT1,0.0
VAT1L,1.1461280187279879
VAV1,0.0
VAV2,0.0
VAV3,1.0413927318264218
VAV3-AS1,0.0
VAX1,0.0
VAX2,0.0
VBP1,1.9822711738344907
VCAM1,0.0
VCAN,3.1162755807027884
VCAN-AS1,0.0
VCF1,1.9542424872587214
VCF2,0.0
VCL,1.7634279913445536
VCP,0.0
VCPIP1,0.0
VCPKMT,0.3010300876645692
VCX,0.0
VCX2,0.0
VCX3A,0.0
VCX3B,0.0
VCY,0.0
VCY1B,0.0
VDAC1,0.0
VDAC2,0.0
VDAC3,0.6989699358182728
VDR,0.0
VEGFA,0.0
VEGFB,0.0
VEGFC,0.0
VEGFD,0.0
VENTX,0.0
VENTXP1,0.0
VENTXP7,0.0
VEPH1,0.0
VESTAR,0.0
VEZF1,0.0
VEZT,0.0
VGF,0.0
VGLL1,0.0
VGLL2,0.0
VGLL3,0.0
VGLL4,0.3010299952558293
VHL,0.0
VHLL,0.0
VIL1,0.0
VILL,0.0
VIM,0.0
VIM-AS1,0.0
VIP,0.0
VIPAS39,0.0
VIPR1,0.0
VIPR1-AS1,0.0
VIPR2,0.0
VIRMA,0.0
VIRMA-DT,0.0
VIT,0.0
VKORC1,0.0
VKORC1L1,0.0
VLDLR,0.0
VLDLR-AS1,0.0
VMA21,0.301030063592701
VMAC,0.0
VMO1,0.0
VMP1,0.6989699921409306
VN1R1,0.0
VN1R10P,0.0
VN1R2,0.0
VN1R3,0.0
VN1R4,0.0
VN1R5,0.0
VN1R5-2,0.0
VN2R19P,0.0
VNN1,0.0
VNN2,0.0
VNN3P,0.0
VOPP1,0.0
VOPP1-DT,0.0
VPREB1,0.0
VPREB3,0.0
VPS11,0.0
VPS11-2,0.0
VPS13A,1.5051499991233346
VPS13A-AS1,0.0
VPS13B,2.820857969250931
VPS13B-DT,0.0
VPS13C,2.3654879930396064
VPS13C-DT,0.0
VPS13D,0.0
VPS16,0.0
VPS18,0.0
VPS25,0.0
VPS26A,0.0
VPS26B,0.0
VPS26C,1.2787535687049378
VPS28,0.0
VPS28-2,0.0
VPS29,1.4623979368769515
VPS33A,0.0
VPS33B,0.0
VPS33B-DT,0.0
VPS35,0.0
VPS35L,0.0
VPS36,0.0
VPS37A,2.423245873371681
VPS37B,1.707570152511164
VPS37C,0.0
VPS37D,0.0
VPS39,0.0
VPS39-DT,0.0
VPS41,0.0
VPS45,1.763427958670719
VPS4A,0.0
VPS4B,0.0
VPS50,0.3010300078456134
VPS51,0.0
VPS52,0.0
VPS52-2,0.0
VPS52-3,0.0
VPS52-5,0.0
VPS52-6,0.0
VPS52-7,0.0
VPS53,0.9030900021092935
VPS53-2,0.0
VPS54,0.3010300429448849
VPS72,0.0
VPS8,0.0
VPS9D1,0.0
VPS9D1-AS1,0.0
VRK1,0.0
VRK2,0.33267595405582173
VRK3,0.0
VRTN,0.0
VSIG1,0.0
VSIG10,0.30103001937728224
VSIG10L,0.0
VSIG10L-AS1,0.0
VSIG10L2,0.0
VSIG2,0.0
VSIG4,0.0
VSIG8,0.0
VSIR,0.0
VSNL1,0.0
VSTM1,0.0
VSTM1-10,0.0
VSTM1-2,0.0
VSTM1-3,0.0
VSTM1-4,0.0
VSTM1-5,0.0
VSTM1-6,0.0
VSTM1-7,0.0
VSTM1-8,0.0
VSTM1-9,0.0
VSTM2A,0.0
VSTM2A-OT1,0.0
VSTM2B,0.7781511825196064
VSTM2B-DT,1.2787535692967236
VSTM2L,0.0
VSTM4,0.0
VSTM5,0.0
VSX1,0.0
VSX2,0.0
VTA1,0.0
VTCN1,0.0
VTI1A,0.3010300177307547
VTI1B,0.0
VTN,0.0
VTRNA1-1,0.0
VTRNA1-2,0.0
VTRNA1-3,0.0
VTRNA2-1,0.0
VWA1,0.0
VWA2,0.0
VWA3A,0.0
VWA3A-2,0.0
VWA3B,0.0
VWA5A,0.0
VWA5B1,0.0
VWA5B2,0.0
VWA7,0.0
VWA8,0.0
VWA8-AS1,0.0
VWC2,0.0
VWC2L,0.0
VWC2L-IT1,0.0
VWCE,0.0
VWDE,0.0
VWF,0.0
VXN,2.6937269306485216
WAC,0.0
WAC-AS1,0.0
WAKMAR1,0.0
WAKMAR2,0.0
WAPL,1.7558748566152511
WAPL-DT,0.0
WARS1,0.0
WARS2,0.0
WARS2-AS1,0.0
WARS2-IT1,0.0
WAS,0.0
WASF1,0.3010300188716484
WASF2,0.0
WASF3,0.9030900023810335
WASH2P,0.5476416505843423
WASH3P,0.0
WASH5P,0.0
WASH7P,0.0
WASH8P,0.0
WASH9P,0.0
WASHC1,0.8733834634108584
WASHC2A,0.0
WASHC2C,0.0
WASHC3,0.0
WASHC4,0.0
WASHC5,0.0
WASHC5-AS1,0.0
WASIR1,0.0
WASIR2,0.0
WASL,0.0
WASL-DT,0.0
WBP1,0.0
WBP11,0.0
WBP11P1,0.0
WBP1L,0.0
WBP2,0.0
WBP2NL,0.0
WBP4,0.0
WBSCR23,0.0
WDCP,0.0
WDFY1,0.0
WDFY2,2.2600713759103255
WDFY3,0.0
WDFY3-AS1,0.0
WDFY3-AS2,0.0
WDFY4,0.0
WDHD1,0.0
WDPCP,2.0805314127218537
WDR1,0.9542424752617626
WDR11,0.0
WDR11-DT,0.0
WDR12,0.0
WDR13,0.30102994611131545
WDR17,0.0
WDR18,0.0
WDR19,0.0
WDR20,0.0
WDR24,0.0
WDR25,0.0
WDR26,0.0
WDR27,0.0
WDR3,0.0
WDR31,0.0
WDR33,0.6020599242293827
WDR35,0.0
WDR35-DT,0.0
WDR36,0.30102987696123046
WDR37,0.0
WDR38,0.0
WDR4,0.0
WDR41,0.0
WDR43,0.30103000304453575
WDR44,0.6020599506615165
WDR45,0.0
WDR45B,0.0
WDR46,0.0
WDR46-2,0.0
WDR46-3,0.0
WDR46-4,0.0
WDR46-5,0.0
WDR47,0.0
WDR48,0.0
WDR49,0.0
WDR5,0.0
WDR5-DT,0.0
WDR53,0.0
WDR54,0.0
WDR55,0.0
WDR59,3.002166058073902
WDR5B,0.0
WDR5B-DT,0.0
WDR5CP,0.0
WDR6,0.0
WDR62,0.0
WDR64,0.0
WDR7,0.0
WDR7-OT1,0.0
WDR70,0.0
WDR72,0.0
WDR73,0.0
WDR74,0.30102994872669553
WDR75,1.929418898522871
WDR76,0.0
WDR77,0.0
WDR81,0.0
WDR81-2,0.0
WDR82,0.0
WDR83,0.0
WDR83OS,0.0
WDR86,0.0
WDR86-AS1,0.0
WDR87,0.0
WDR87BP,0.0
WDR88,0.0
WDR89,0.0
WDR90,0.0
WDR91,0.0
WDR93,0.0
WDR97,0.0
WDSUB1,1.785329762324118
WDTC1,0.0
WDTC1-DT,0.0
WEE1,0.0
WEE2,0.0
WEE2-AS1,0.0
WFDC1,0.0
WFDC10A,0.0
WFDC10B,0.0
WFDC11,0.0
WFDC12,0.0
WFDC13,0.0
WFDC2,0.0
WFDC21P,0.0
WFDC3,0.0
WFDC5,0.0
WFDC6,0.0
WFDC8,0.0
WFDC9,0.0
WFIKKN1,0.0
WFIKKN2,0.0
WFS1,0.0
WHAMM,0.0
WHAMMP1,0.0
WHAMMP2,0.8480609512831647
WHAMMP3,0.0
WHAMMP4,0.0
WHRN,0.0
WIF1,0.0
WIPF1,0.47712105124821436
WIPF2,0.30102988120632745
WIPF3,0.3010300399121982
WIPI1,0.0
WIPI2,0.0
WIZ,0.0
WLS,0.0
WNK1,0.9030900046668987
WNK2,0.0
WNK3,0.0
WNK4,0.0
WNT1,0.0
WNT10A,0.0
WNT10B,0.0
WNT11,0.0
WNT16,0.0
WNT2,0.0
WNT2B,0.0
WNT3,0.0
WNT3A,0.0
WNT4,0.0
WNT5A,0.4771212808407781
WNT5A-AS1,0.0
WNT5B,0.0
WNT6,0.0
WNT7A,0.0
WNT7B,0.47712126192718607
WNT8A,0.0
WNT8B,0.0
WNT9A,0.0
WNT9B,0.0
WNT9B-2,0.0
WRAP53,0.0
WRAP73,0.0
WRN,0.6989699838653481
WRNIP1,0.0
WSB1,2.7634279957849675
WSB2,0.0
WSCD1,2.9025467773206444
WSCD2,0.0
WSPAR,0.0
WT1,0.0
WT1-AS,0.0
WTAP,0.0
WTAPP1,0.0
WTIP,0.0
WTIP-2,0.0
WWC1,0.0
WWC2,1.146128052511042
WWC2-AS1,0.0
WWC2-AS2,0.0
WWC3,2.9410142471491696
WWOX,0.8450980168685231
WWOX-AS1,0.0
WWP1,0.0
WWP1-AS1,0.0
WWP2,1.2552724753728126
WWTR1,0.0
WWTR1-AS1,0.4771212018674062
WWTR1-IT1,0.0
XAB2,0.0
XACT,0.0
XAF1,0.0
XAGE-4,0.0
XAGE1A,0.0
XAGE1B,0.0
XAGE2,0.0
XAGE3,0.0
XAGE5,0.0
XBP1,0.0
XCL1,0.0
XCL2,0.0
XCR1,0.0
XDH,0.0
XG,0.0
XGY2,0.0
XIAP,0.3525226383757709
XIRP1,0.0
XIRP2,0.0
XIRP2-AS1,0.0
XIST,3.4525634798157205
XK,0.30103005777190944
XKR3,0.0
XKR4,0.47712153944203983
XKR4-AS1,0.0
XKR5,0.0
XKR5-2,0.0
XKR6,0.0
XKR7,0.0
XKR8,0.0
XKR9,0.6020599731311513
XKRX,0.0
XKRY,0.0
XKRYP7,0.0
XLOC_007697,0.0
XLOC_008559,0.0
XLOC_009911,0.0
XNDC1CP,0.0
XNDC1N,0.0
XNDC1N-ZNF705EP-ALG1L9P,0.0
XPA,1.9912259986414762
XPC,0.0
XPC-AS1,0.0
XPNPEP1,1.3979399791306746
XPNPEP2,0.0
XPNPEP3,0.0
XPO1,2.2329152608176503
XPO4,2.315970353822363
XPO5,0.0
XPO6,0.7781512418924676
XPO7,0.0
XPOT,0.0
XPR1,0.0
XRCC1,0.0
XRCC2,0.0
XRCC3,0.0
XRCC4,0.0
XRCC5,1.5051499648429256
XRCC6,0.0
XRN1,2.217483904981128
XRN2,0.0
XRRA1,2.590616585425016
XXYLT1,0.0
XXYLT1-AS1,0.0
XXYLT1-AS2,0.0
XYLB,1.4149733314140303
XYLT1,0.0
XYLT1-2,1.34242270592265
XYLT2,0.3010299744262365
YAE1,0.0
YAE1-DT,0.0
YAF2,0.0
YAP1,0.0
YARS1,0.0
YARS2,0.0
YBEY,0.0
YBX1,0.0
YBX2,0.0
YBX2-2,0.0
YBX3,0.0
YBX3P1,0.0
YDJC,0.0
YEATS2,0.0
YEATS2-AS1,0.0
YEATS4,1.204119904952123
YES1,0.6014789889975688
YIF1A,0.0
YIF1B,0.0
YIPF1,0.8450979781704713
YIPF2,0.0
YIPF3,0.0
YIPF4,0.0
YIPF5,0.3010299925660342
YIPF6,3.147676324328449
YIPF7,0.3010299174802972
YJEFN3,0.0
YJU2,0.0
YJU2B,1.5440679737744138
YKT6,0.0
YLPM1,0.0
YME1L1,0.0
YOD1,0.0
YPEL1,0.0
YPEL2,0.0
YPEL3,0.0
YPEL3-DT,0.0
YPEL4,1.3424226301268978
YPEL5,2.1903316597947096
YRDC,0.0
YTHDC1,2.338456494698555
YTHDC1-2,0.0
YTHDC2,3.4243915533048974
YTHDF1,0.0
YTHDF2,0.0
YTHDF3,1.0413926731400753
YTHDF3-DT,0.0
YWHAB,0.0
YWHAE,2.4727564079696456
YWHAEP1,0.0
YWHAEP7,0.0
YWHAG,2.8068580173272593
YWHAH,2.107209917479489
YWHAH-AS1,0.0
YWHAQ,0.4771212509491395
YWHAZ,1.7481880237673695
YY1,1.5051499852075232
YY1-DT,0.0
YY1AP1,0.0
YY1P2,0.0
YY2,0.0
ZACN,0.0
ZAN,0.0
ZAP70,0.3010300438006622
ZAP70-2,0.0
ZAR1,0.0
ZAR1L,0.0
ZBBX,0.0
ZBED1,0.0
ZBED10P,0.0
ZBED2,0.0
ZBED3,0.0
ZBED3-AS1,0.0
ZBED4,0.0
ZBED5,0.0
ZBED5-AS1,0.0
ZBED6,0.0
ZBED9-AS1,0.0
ZBP1,0.0
ZBTB1,0.0
ZBTB10,2.4638929959840703
ZBTB11,2.395501694062776
ZBTB11-AS1,0.7323674711422397
ZBTB12,0.0
ZBTB12-5,0.3010299490546528
ZBTB14,0.0
ZBTB16,0.0
ZBTB17,0.0
ZBTB18,0.0
ZBTB2,0.0
ZBTB20,3.7481104835770966
ZBTB20-AS1,0.0
ZBTB20-AS3,0.0
ZBTB20-AS4,0.0
ZBTB20-AS5,0.0
ZBTB21,0.0
ZBTB22,0.0
ZBTB24,0.0
ZBTB24-DT,0.0
ZBTB25,0.69897008906227
ZBTB26,0.0
ZBTB3,0.30102998731539043
ZBTB32,0.0
ZBTB33,0.0
ZBTB34,0.0
ZBTB37,0.3010302903497984
ZBTB38,1.4313637757338455
ZBTB39,0.0
ZBTB4,0.0
ZBTB4-2,0.0
ZBTB40,0.0
ZBTB41,1.7242758728586802
ZBTB42,0.9542424925681227
ZBTB43,2.173186278686212
ZBTB44,2.267171738158709
ZBTB44-DT,0.0
ZBTB45,0.6989699566118377
ZBTB46,0.30126283417123784
ZBTB46-AS1,0.0
ZBTB46-AS2,0.0
ZBTB47,0.0
ZBTB47-AS1,0.6020598198987679
ZBTB48,0.0
ZBTB49,0.0
ZBTB5,0.0
ZBTB6,0.0
ZBTB7A,0.0
ZBTB7B,0.0
ZBTB7C,0.0
ZBTB7C-AS1,0.0
ZBTB7C-AS2,0.0
ZBTB8A,0.9576104356691861
ZBTB8B,0.0
ZBTB8OS,0.0
ZBTB9,0.0
ZBTB9-2,0.0
ZC2HC1A,0.0
ZC2HC1B,0.0
ZC2HC1C,0.0
ZC3H10,0.30103004222889185
ZC3H11A,2.327554936031822
ZC3H11B,0.0
ZC3H11C,1.2406508575366417
ZC3H12A,0.0
ZC3H12B,0.0
ZC3H12C,0.0
ZC3H12D,0.0
ZC3H13,2.2455126696558967
ZC3H14,0.47725810463356905
ZC3H15,0.0
ZC3H18,0.0
ZC3H18-AS1,0.0
ZC3H3,0.0
ZC3H4,2.3117538595968745
ZC3H6,2.2455126778399634
ZC3H7A,0.6020600039130042
ZC3H7B,0.0
ZC3H8,0.0
ZC3HAV1,0.0
ZC3HAV1L,0.0
ZC3HC1,0.0
ZC4H2,0.0
ZCCHC10,0.0
ZCCHC12,0.0
ZCCHC13,0.0
ZCCHC14,0.0
ZCCHC14-DT,0.0
ZCCHC17,0.461805482985603
ZCCHC18,0.0
ZCCHC2,0.0
ZCCHC24,0.47712129698131245
ZCCHC3,1.1461280173256974
ZCCHC4,0.0
ZCCHC7,0.0
ZCCHC8,0.0
ZCCHC9,0.0
ZCRB1,0.0
ZCWPW1,0.0
ZCWPW2,0.0
ZDBF2,0.0
ZDBF2-2,0.0
ZDHHC1,0.0
ZDHHC11,0.3010300122368103
ZDHHC11B,0.0
ZDHHC12,0.0
ZDHHC12-DT,0.0
ZDHHC13,0.0
ZDHHC14,0.0
ZDHHC15,0.0
ZDHHC16,0.0
ZDHHC17,2.136720560425302
ZDHHC18,0.0
ZDHHC19,0.0
ZDHHC2,2.0413926824784188
ZDHHC20,0.0
ZDHHC21,1.0791812023746836
ZDHHC22,0.6020599613186328
ZDHHC23,0.0
ZDHHC24,0.0
ZDHHC3,0.0
ZDHHC4,0.0
ZDHHC5,0.0
ZDHHC6,0.0
ZDHHC7,0.0
ZDHHC8,0.0
ZDHHC8BP,0.0
ZDHHC9,0.0
ZEB1,1.8633228630719343
ZEB1-AS1,0.0
ZEB2,1.729777653827231
ZEB2-AS1,1.0138613983224725
ZER1,0.0
ZFAND1,0.0
ZFAND2A,0.0
ZFAND2A-DT,0.0
ZFAND2B,0.0
ZFAND3,0.0
ZFAND3-DT,0.0
ZFAND4,0.0
ZFAND5,1.8325089098958642
ZFAND6,2.103803589221098
ZFAS1,0.0
ZFAT,0.0
ZFAT-AS1,0.0
ZFC3H1,0.0
ZFHX2,0.0
ZFHX3,0.0
ZFHX3-AS1,0.0
ZFHX4,0.3010300955230805
ZFHX4-AS1,0.0
ZFP1,0.0
ZFP14,0.0
ZFP2,0.0
ZFP28,0.0
ZFP28-DT,0.0
ZFP3,0.0
ZFP3-DT,0.0
ZFP30,0.0
ZFP36,0.0
ZFP36L1,2.133538882462006
ZFP36L2,1.146128033222644
ZFP37,0.0
ZFP41,0.0
ZFP42,0.0
ZFP57,0.0
ZFP62,2.2504199913768943
ZFP64,0.0
ZFP69,0.0
ZFP69B,0.0
ZFP82,0.0
ZFP90,0.0
ZFP91,2.453318340413191
ZFP91-CNTF,0.0
ZFP92,0.0
ZFPL1,0.0
ZFPM1,0.0
ZFPM1-AS1,0.0
ZFPM2,0.6020599698707385
ZFPM2-AS1,0.0
ZFR,0.0
ZFR2,0.0
ZFTA,1.414973341037607
ZFTRAF1,0.0
ZFX,2.1461280390545396
ZFX-AS1,0.0
ZFY,0.0
ZFY-AS1,0.0
ZFYVE1,0.0
ZFYVE16,0.0
ZFYVE19,0.0
ZFYVE21,0.0
ZFYVE26,1.88649073253459
ZFYVE27,0.0
ZFYVE28,0.0
ZFYVE9,0.0
ZG16,0.0
ZG16B,0.0
ZG16B-2,0.0
ZGLP1,0.0
ZGPAT,0.0
ZGRF1,0.47712124768942343
ZHX1,0.0
ZHX1-C8orf76,0.0
ZHX2,0.0
ZHX3,0.0
ZIC1,0.0
ZIC2,0.0
ZIC3,0.0
ZIC4,0.0
ZIC4-AS1,0.0
ZIC5,0.0
ZIK1,0.0
ZIM2,0.0
ZIM2-AS1,0.0
ZIM3,0.0
ZKSCAN1,3.0813473146786974
ZKSCAN2,0.0
ZKSCAN2-DT,0.0
ZKSCAN3,0.0
ZKSCAN4,0.0
ZKSCAN5,0.0
ZKSCAN7,0.0
ZKSCAN7-2,0.0
ZKSCAN7-AS1,0.0
ZKSCAN8,1.5797835972849117
ZKSCAN8P1,0.0
ZMAT1,0.3010299396344372
ZMAT2,0.0
ZMAT3,2.9813655160866706
ZMAT4,0.0
ZMAT5,0.0
ZMIZ1,0.0
ZMIZ1-AS1,0.0
ZMIZ2,0.0
ZMPSTE24,2.7275412335313733
ZMYM1,0.8729445051654942
ZMYM2,2.9100905496805503
ZMYM3,0.0
ZMYM4,0.0
ZMYM4-AS1,0.0
ZMYM5,0.0
ZMYM6,0.0
ZMYND10,0.0
ZMYND11,2.0128372106000545
ZMYND12,0.0
ZMYND15,0.0
ZMYND19,0.0
ZMYND8,2.301029990565831
ZNF10,0.0
ZNF100,3.4916097541855526
ZNF100-2,0.0
ZNF101,0.6020600268152194
ZNF106,0.30102987606978066
ZNF107,0.6021381413828074
ZNF112,0.0
ZNF114,0.30111938875728195
ZNF114-AS1,0.0
ZNF117,0.0
ZNF12,0.0
ZNF121,1.1139433379025112
ZNF124,0.5593036360802509
ZNF131,0.0
ZNF132,0.0
ZNF132-DT,0.0
ZNF133,1.0791812126350617
ZNF133-AS1,0.0
ZNF134,2.4533183357062063
ZNF135,0.30486169459161566
ZNF136,0.0
ZNF137P,0.0
ZNF138,0.6989699934106357
ZNF14,0.0
ZNF140,0.47712120625598575
ZNF141,0.3010402695700287
ZNF142,0.0
ZNF143,0.0
ZNF143-AS1,0.0
ZNF146,0.0
ZNF148,0.0
ZNF154,0.5324038309684361
ZNF155,0.6235510532731557
ZNF157,0.0
ZNF16,0.0
ZNF160,0.0
ZNF165,0.0
ZNF169,0.0
ZNF17,0.0
ZNF174,0.3010299653815125
ZNF175,0.0
ZNF177,0.0
ZNF18,0.0
ZNF180,0.0
ZNF181,0.0
ZNF182,0.0
ZNF184,0.0
ZNF185,0.0
ZNF185-2,0.0
ZNF189,0.0
ZNF19,0.0
ZNF195,1.3222192791268292
ZNF197,0.0
ZNF197-AS1,0.0
ZNF2,0.3297800792256318
ZNF20,0.3010299303104836
ZNF200,0.0
ZNF202,0.0
ZNF204P,1.919078070280068
ZNF205,0.0
ZNF205-AS1,0.0
ZNF207,0.7781511848948429
ZNF208,0.6020600131668072
ZNF211,0.0
ZNF212,0.0
ZNF213,1.2041199596696184
ZNF213-AS1,0.0
ZNF214,0.0
ZNF215,0.0
ZNF217,0.0
ZNF217-AS1,0.0
ZNF219,0.0
ZNF22,0.47712125291557417
ZNF22-AS1,0.0
ZNF221,0.0
ZNF222,0.0
ZNF222-DT,0.0
ZNF223,1.301029959113565
ZNF224,0.0
ZNF225,0.0
ZNF225-AS1,0.0
ZNF226,1.3010300061647286
ZNF227,0.0
ZNF229,0.0
ZNF23,0.0
ZNF230,0.0
ZNF230-DT,0.0
ZNF232,0.0
ZNF232-AS1,0.0
ZNF233,0.0
ZNF234,0.0
ZNF235,0.0
ZNF236,0.0
ZNF236-DT,0.0
ZNF239,0.0
ZNF24,3.0060379564672797
ZNF248,0.0
ZNF248-AS1,0.0
ZNF24TR,0.0
ZNF25,0.0
ZNF25-DT,0.0
ZNF250,0.3010298707800504
ZNF251,0.0
ZNF251-2,0.0
ZNF252P,0.0
ZNF252P-AS1,0.0
ZNF253,0.5309757619546387
ZNF254,0.3010899820376829
ZNF256,0.0
ZNF257,0.47712123967701436
ZNF26,1.0838905019567877
ZNF260,0.0
ZNF263,0.0
ZNF264,0.47712141155290433
ZNF266,0.0
ZNF267,0.0
ZNF268,0.6989701060119617
ZNF271P,0.0
ZNF273,1.079181196731739
ZNF274,0.0
ZNF275,0.0
ZNF276,0.999999982011193
ZNF277,0.0
ZNF277-AS1,0.0
ZNF28,0.0
ZNF280A,0.0
ZNF280B,0.0
ZNF280B-2,0.0
ZNF280C,1.770852006445796
ZNF280D,2.252853023888102
ZNF281,1.8061799722132863
ZNF282,0.30103001813551705
ZNF283,0.0
ZNF284,0.0
ZNF285,0.0
ZNF285CP,0.0
ZNF286A,1.8573324938696332
ZNF286A-TBC1D26,0.0
ZNF286B,0.0
ZNF287,0.0
ZNF292,2.0086001866928975
ZNF295-AS1,0.0
ZNF296,0.0
ZNF3,0.0
ZNF30,0.0
ZNF30-AS1,0.0
ZNF300,0.0
ZNF300P1,0.0
ZNF302,0.0
ZNF304,0.0
ZNF311,0.0
ZNF311-2,0.0
ZNF311-3,0.0
ZNF311-4,0.0
ZNF311-5,0.0
ZNF311-6,0.0
ZNF311-7,0.0
ZNF316,2.4297522830801026
ZNF317,2.679427886540101
ZNF318,0.0
ZNF319,2.262451081655191
ZNF32,0.0
ZNF32-AS1,0.0
ZNF32-AS2,0.0
ZNF32-AS3,0.0
ZNF320,0.6020599509546556
ZNF321P,0.0
ZNF322,0.0
ZNF322-2,1.6127838529600227
ZNF324,0.0
ZNF324B,0.0
ZNF326,0.0
ZNF329,0.0
ZNF330,0.0
ZNF331,2.2966651800737634
ZNF333,2.1139433479349745
ZNF334,0.3010298926931106
ZNF335,0.0
ZNF337,0.0
ZNF337-AS1,0.0
ZNF33A,0.0
ZNF33B,0.0
ZNF33BP1,0.0
ZNF34,0.6722241718234829
ZNF341,0.0
ZNF341-AS1,0.0
ZNF343,0.0
ZNF345,0.0
ZNF346,0.0
ZNF347,0.7793559243225034
ZNF35,0.0
ZNF35-2,0.0
ZNF350,2.243038003804516
ZNF350-AS1,0.0
ZNF354A,1.1760912359566835
ZNF354B,0.0
ZNF354C,0.0
ZNF358,0.0
ZNF362,0.0
ZNF365,2.7419390491877933
ZNF366,0.0
ZNF367,0.0
ZNF37A,0.0
ZNF37BP,1.6627578388106576
ZNF382,0.0
ZNF383,0.3019482334375354
ZNF384,0.0
ZNF385A,0.0
ZNF385B,0.0
ZNF385C,0.0
ZNF385D,1.380211233383575
ZNF385D-AS1,0.0
ZNF385D-AS2,0.0
ZNF391,0.0
ZNF394,0.0
ZNF395,0.0
ZNF396,0.0
ZNF397,0.0
ZNF398,0.7781512762277576
ZNF404,0.0
ZNF407,0.0
ZNF407-AS1,0.477121280098899
ZNF408,0.0
ZNF41,0.0
ZNF410,0.0
ZNF414,0.0
ZNF415,1.8450981890828508
ZNF416,0.0
ZNF417,1.5176083215828844
ZNF418,0.30103004475090916
ZNF419,1.147670159973624
ZNF420,0.3010299391103711
ZNF423,0.0
ZNF425,0.0
ZNF426,0.0
ZNF426-DT,0.30102989975020844
ZNF428,0.0
ZNF429,0.3010300147895497
ZNF43,0.6356989575214484
ZNF430,2.456597483958457
ZNF431,0.47712143280864183
ZNF432,0.0
ZNF433,0.0
ZNF433-AS1,0.0
ZNF436,0.0
ZNF436-AS1,0.0
ZNF438,0.0
ZNF439,0.0
ZNF44,0.47712129214345333
ZNF440,0.0
ZNF441,0.0
ZNF442,0.0
ZNF443,0.0
ZNF444,0.0
ZNF445,0.815336919805486
ZNF446,0.0
ZNF449,0.0
ZNF45,0.0
ZNF45-AS1,0.30103003623161795
ZNF451,2.1492190929237425
ZNF451-AS1,0.0
ZNF454,1.3010746783561355
ZNF454-DT,0.0
ZNF460,0.0
ZNF460-AS1,0.0
ZNF461,0.30102995234770863
ZNF462,2.6042260714077567
ZNF467,0.0
ZNF468,0.0
ZNF469,0.0
ZNF470,0.0
ZNF470-DT,0.0
ZNF471,0.4596485435307496
ZNF473,0.0
ZNF473CR,0.0
ZNF474,0.0
ZNF474-AS1,0.0
ZNF475,0.0
ZNF479,0.0
ZNF48,0.0
ZNF480,0.0
ZNF483,0.0
ZNF484,0.0
ZNF485,0.0
ZNF486,0.45395314724115005
ZNF487,0.0
ZNF488,0.0
ZNF490,1.1139433436607684
ZNF491,0.0
ZNF492,0.0
ZNF493,0.0
ZNF496,0.0
ZNF496-DT,0.0
ZNF497,0.0
ZNF497-AS1,0.0
ZNF500,0.30103004475090916
ZNF501,0.0
ZNF501-2,0.0
ZNF502,0.0
ZNF503,0.0
ZNF503-AS1,0.0
ZNF503-AS2,0.0
ZNF506,0.0
ZNF507,0.0
ZNF510,0.0
ZNF511,0.0
ZNF511-PRAP1,0.0
ZNF512,0.0
ZNF512B,0.0
ZNF513,0.0
ZNF514,0.0
ZNF516,0.30103001025583914
ZNF516-AS1,0.0
ZNF516-DT,0.0
ZNF517,0.0
ZNF518A,0.3010299457306187
ZNF518B,0.0
ZNF519,0.0
ZNF521,2.225309277695618
ZNF524,0.0
ZNF525,0.0
ZNF526,0.0
ZNF527,0.0
ZNF528,0.0
ZNF528-AS1,0.0
ZNF529,0.30102999940713704
ZNF529-AS1,0.0
ZNF530,0.0
ZNF532,0.0
ZNF534,0.0
ZNF536,0.0
ZNF540,0.0
ZNF541,0.0
ZNF542P,0.0
ZNF543,0.0
ZNF544,0.37182580599367987
ZNF546,0.0
ZNF547,0.0
ZNF548,0.0
ZNF549,0.0
ZNF550,0.0
ZNF551,0.0
ZNF552,0.0
ZNF554,0.0
ZNF555,0.0
ZNF556,0.0
ZNF557,0.0
ZNF558,0.0
ZNF558-2,0.0
ZNF559,0.0
ZNF559-ZNF177,0.0
ZNF560,0.0
ZNF561,0.0
ZNF561-AS1,0.0
ZNF562,0.0
ZNF563,0.0
ZNF564,0.0
ZNF565,0.0
ZNF566,1.7242758655840134
ZNF566-AS1,0.0
ZNF567,0.0
ZNF567-DT,0.0
ZNF568,0.0
ZNF569,0.0
ZNF56P,0.30102998110784224
ZNF57,0.0
ZNF570,0.0
ZNF571,0.0
ZNF571-AS1,0.0
ZNF572,0.0
ZNF573,0.0
ZNF574,0.0
ZNF575,0.0
ZNF576,0.4771212042577473
ZNF577,0.0
ZNF578,1.5682017320203825
ZNF579,0.0
ZNF580,0.0
ZNF581,0.0
ZNF582,0.0
ZNF582-DT,0.0
ZNF583,0.0
ZNF584,0.0
ZNF584-DT,0.0
ZNF585A,0.3010299097635301
ZNF585B,0.0
ZNF586,0.0
ZNF587,2.725147933164783
ZNF587B,0.0
ZNF589,0.0
ZNF592,0.0
ZNF593,0.7591473515935612
ZNF593OS,0.7207283236081437
ZNF594,2.424881632177049
ZNF594-DT,0.0
ZNF595,0.0
ZNF596,0.0
ZNF597,0.0
ZNF598,0.0
ZNF599,0.0
ZNF600,0.0
ZNF605,3.2294077160064587
ZNF606,0.0
ZNF606-AS1,0.0
ZNF607,0.0
ZNF608,0.6020602496533192
ZNF609,1.8976271011173804
ZNF610,0.0
ZNF611,0.0
ZNF613,0.0
ZNF614,2.709269955566811
ZNF615,0.0
ZNF616,0.0
ZNF618,0.0
ZNF619,0.30103005265243377
ZNF620,0.3010300108958806
ZNF621,0.0
ZNF622,0.0
ZNF623,0.0
ZNF623-2,0.0
ZNF624,0.0
ZNF625,0.0
ZNF625-ZNF20,0.0
ZNF626,0.0
ZNF627,0.0
ZNF628,0.0
ZNF629,0.0
ZNF630,0.0
ZNF630-AS1,0.0
ZNF638,1.9590413917320233
ZNF639,0.0
ZNF641,1.8061799737368252
ZNF644,0.0
ZNF646,0.0
ZNF648,0.30102984852827924
ZNF649,0.0
ZNF649-AS1,0.0
ZNF652,2.8779469614281497
ZNF652-AS1,0.0
ZNF653,0.0
ZNF654,0.0
ZNF655,3.056142254997279
ZNF658,0.0
ZNF658B,0.0
ZNF66,0.0
ZNF66-2,1.234629634078106
ZNF660,0.30102994380691017
ZNF660-ZNF197,0.0
ZNF662,0.0
ZNF663P,0.0
ZNF664,2.1172712875052935
ZNF664-RFLNA,0.0
ZNF665,0.0
ZNF667,0.0
ZNF667-AS1,0.0
ZNF668,0.0
ZNF669,0.0
ZNF670,0.0
ZNF670-ZNF695,0.0
ZNF671,0.0
ZNF672,0.0
ZNF674,0.0
ZNF674-AS1,0.0
ZNF675,0.6632718831977061
ZNF676,0.0
ZNF676-2,0.0
ZNF677,2.255272446293317
ZNF678,0.3010300002338145
ZNF679,0.0
ZNF680,2.2900345665181203
ZNF681,0.5935212051578754
ZNF682,0.3010300001920853
ZNF683,0.0
ZNF684,0.0
ZNF687,0.0
ZNF687-AS1,0.0
ZNF688,0.0
ZNF689,0.0
ZNF69,0.6989699567837784
ZNF691,0.0
ZNF691-DT,0.0
ZNF692,0.0
ZNF692-DT,0.0
ZNF695,0.30102999777929923
ZNF696,0.0
ZNF697,0.0
ZNF699,0.0
ZNF7,0.0
ZNF70,0.0
ZNF700,0.0
ZNF701,0.30102999550962706
ZNF702P,0.0
ZNF703,0.0
ZNF704,0.3010301833272571
ZNF705A,0.0
ZNF705B,0.0
ZNF705B-2,0.0
ZNF705D,0.3010300461218789
ZNF705EP,0.0
ZNF705G,0.0
ZNF705G-2,0.0
ZNF706,0.0
ZNF707,0.0
ZNF708,0.6027980263299214
ZNF709,0.0
ZNF71,0.0
ZNF71-SMIM17,0.0
ZNF710,0.0
ZNF710-AS1,1.380211149484487
ZNF711,0.0
ZNF713,0.0
ZNF714,0.6989729399031289
ZNF716,0.0
ZNF717,0.0
ZNF718,0.0
ZNF721,0.3010299617081015
ZNF722,0.0
ZNF723,0.5826671582285019
ZNF724,3.432168642553884
ZNF726,0.7781512490446884
ZNF727,3.063160404115221
ZNF728,0.4773805244391083
ZNF729,0.0
ZNF730,0.0
ZNF732,0.0
ZNF733P,0.0
ZNF735,0.0
ZNF736,2.138178660833695
ZNF737,1.9243290819680945
ZNF738,0.778407996121383
ZNF74,0.0
ZNF740,0.30103014310724335
ZNF746,0.0
ZNF747,0.0
ZNF747-DT,0.0
ZNF749,0.0
ZNF750,0.0
ZNF75A,0.0
ZNF75D,0.0
ZNF76,0.0
ZNF761,0.0
ZNF763,0.0
ZNF764,0.0
ZNF765,0.0
ZNF765-ZNF761,0.0
ZNF766,0.0
ZNF767P,0.0
ZNF768,0.0
ZNF77,0.0
ZNF770,0.0
ZNF771,0.0
ZNF772,0.0
ZNF773,0.0
ZNF774,0.0
ZNF775,0.0
ZNF775-AS1,0.0
ZNF776,0.0
ZNF777,0.0
ZNF778,1.3210293059548663
ZNF778-DT,0.30102994244720616
ZNF780A,0.0
ZNF780A-2,0.0
ZNF780B,0.0
ZNF780B-2,0.0
ZNF781,0.0
ZNF782,0.0
ZNF783,0.778151254851912
ZNF784,0.0
ZNF785,0.3010299372933362
ZNF786,0.0
ZNF787,0.0
ZNF788P,0.0
ZNF789,0.3010300735340779
ZNF79,0.0
ZNF790,0.0
ZNF790-AS1,0.0
ZNF791,0.0
ZNF792,0.0
ZNF793,0.30102986688279465
ZNF793-AS1,0.0
ZNF799,0.0
ZNF8,0.3026372037644342
ZNF8-DT,0.0
ZNF8-ERVK3-1,0.0
ZNF80,0.0
ZNF800,1.6127838635418323
ZNF804A,0.0
ZNF804B,0.0
ZNF805,0.0
ZNF807P,0.0
ZNF808,0.0
ZNF81,1.9731278197719992
ZNF812P,0.0
ZNF813,0.0
ZNF814,0.0
ZNF815P,0.0
ZNF816,0.0
ZNF816-ZNF321P,0.0
ZNF818P,0.0
ZNF821,0.0
ZNF823,0.0
ZNF826P,0.3010299858421432
ZNF827,0.3010300495827105
ZNF829,0.30103004364875896
ZNF83,0.0
ZNF830,0.0
ZNF831,0.0
ZNF833P,0.0
ZNF835,1.2041199710715835
ZNF836,0.0
ZNF837,0.0
ZNF839,0.0
ZNF84,0.0
ZNF84-DT,0.30102994664485405
ZNF841,0.30102994004047956
ZNF843,0.0
ZNF844,0.741825523471105
ZNF845,0.0
ZNF846,0.9030899590342301
ZNF847P,0.0
ZNF85,2.5234905169927493
ZNF85-2,0.0
ZNF850,0.8336421116742558
ZNF852,0.0
ZNF853,0.0
ZNF860,0.30102997128704684
ZNF862,0.7781512118738135
ZNF865,0.0
ZNF875,0.3010300176446471
ZNF876P,0.0
ZNF878,0.0
ZNF879,0.0
ZNF880,0.6020599795724857
ZNF883,0.9602257080848737
ZNF888,0.0
ZNF888-AS1,0.0
ZNF890P,0.0
ZNF891,0.0
ZNF892,0.0
ZNF90,0.30103004475090916
ZNF91,0.8898334290788876
ZNF92,0.6206936043229087
ZNF93,0.301637516174635
ZNF98,0.0
ZNF99,0.6186898482900909
ZNFX1,2.7860412141804254
ZNG1A,0.0
ZNG1B,0.0
ZNG1C,0.0
ZNG1E,0.3010299517472645
ZNG1F,0.0
ZNHIT1,0.0
ZNHIT2,0.0
ZNHIT3,0.0
ZNHIT6,0.6989699563055393
ZNNT1,0.0
ZNRD2,0.0
ZNRD2-DT,0.0
ZNRF1,0.0
ZNRF2,0.0
ZNRF2P1,0.0
ZNRF2P2,0.0
ZNRF3,0.0
ZNRF3-AS1,2.7450747540401252
ZNRF4,0.0
ZP1,0.0
ZP2,0.0
ZP3,0.0
ZP4,0.0
ZPBP,0.0
ZPBP2,0.0
ZPLD1,0.0
ZPLD2P,0.0
ZPR1,0.0
ZRANB1,0.3010299912589844
ZRANB2,0.0
ZRANB2-AS1,0.0
ZRANB2-DT,0.0
ZRANB3,0.0
ZRSR2,0.0
ZSCAN1,0.0
ZSCAN10,0.0
ZSCAN12,0.9542425082256026
ZSCAN12P1,0.0
ZSCAN16,0.0
ZSCAN16-AS1,0.0
ZSCAN18,0.0
ZSCAN2,0.0
ZSCAN2-2,0.0
ZSCAN20,0.0
ZSCAN21,0.0
ZSCAN22,0.0
ZSCAN23,2.797959644266121
ZSCAN25,0.0
ZSCAN26,0.0
ZSCAN29,1.4913616884428806
ZSCAN30,1.3802112358588852
ZSCAN31,1.4313637370097168
ZSCAN32,0.0
ZSCAN4,0.0
ZSCAN5A,0.3010300102385151
ZSCAN5A-AS1,0.0
ZSCAN5B,0.0
ZSCAN5C,0.0
ZSCAN9,0.0
ZSWIM1,0.0
ZSWIM2,0.0
ZSWIM3,0.0
ZSWIM4,0.0
ZSWIM4-2,0.0
ZSWIM5,0.0
ZSWIM6,1.6334684438952085
ZSWIM7,0.0
ZSWIM8,0.0
ZSWIM8-AS1,0.0
ZSWIM9,0.0
ZUP1,1.6020599635390624
ZW10,0.0
ZWILCH,0.0
ZWINT,0.0
ZXDA,0.0
ZXDB,0.0
ZXDC,0.0
ZYG11A,0.0
ZYG11B,1.763427993511295
ZYX,0.0
ZYX-2,0.0
ZZEF1,0.0
ZZZ3,1.9684829456473119
